standardizeInput
0.0;140.15993;0.7576755;0.038308248;0.03249978;0.1389935;-15.609612;0.94406396;1.2160492;0.07458575;0.09337898;0.14886378;0.33348593;0.53076047;0.7136781;0.8955217;1.0468082;1.1728845;1.2467716;1.2877058;1.340243;1.3959206;1.4613968;1.531053;1.5793667;1.6200439;1.6716424;1.6951056;1.70814;1.7120148;1.6736114;1.5767305;1.4348768;1.246884;1.0445155;0.85559285;0.69289684;0.9445408;0.29542825;487.934;725.75916;1081.328;1604.7234;0.44516093;888.7535;3.6106033;1121253.4;7.894059;203.41382;-0.23135288;0.74144596;0.8501388;24.204084;4.3158474;3.3911908;-6.5025997;-13.510486;-9.99942;-3.6738255;-1.6638507;-1.1592548;-0.7395674;-4.8462906;-4.617513;-1.5306362;-2.4632115
1.0;110.60328;0.13079621;0.07046388;0.067941934;0.16425651;44.432667;0.72016174;0.64271766;0.071038164;0.09239205;0.07800476;0.22302471;0.41041717;0.58664644;0.80163383;0.9486659;1.0913825;1.1499722;1.0872977;1.0595428;1.053908;1.0933526;1.1500001;1.1613866;1.129928;1.1239662;1.0921767;1.0733786;1.0736014;1.0359017;0.9627598;0.91059315;0.8223341;0.69980615;0.5741177;0.46801835;2.0880249;1.0065717;775.21497;1103.1345;1503.2548;1947.3512;0.47268578;1072.5973;0.995304;2211345.2;6.726716;384.38477;0.4193408;0.7292536;1.7002761;13.611746;17.955935;16.794838;15.949906;15.798863;15.740965;14.43774;14.856824;14.8847685;13.072357;13.527387;11.975034;10.629833;10.050073
codebookNumeric
64;65;1;0.0;0.0
-0.0059775156;0.4517894;2.4759686;-0.4783464;2.630348;0.49405357;-0.5211799;-0.37681538;-0.70150644;-0.32075226;0.18539542;0.032682844;-0.020952538;-0.09759371;-0.0015652995;-0.26515996;-0.28550923;-0.1668393;-0.19937761;-0.27702895;-0.33407724;-0.4277443;-0.30425122;-0.1267706;-0.25654724;-0.28847256;-0.26809728;-0.23664527;-0.036875665;-0.46848115;-0.40707612;-0.58196557;-0.44786695;-0.4354127;-0.39697647;-0.34171978;-0.4065734;-0.28665888;-0.25905663;-0.26750597;-0.404188;-0.4923238;-0.6110715;-0.2907871;0.014902718;-0.24390388;-0.53977275;-0.46411565;0.5168703;-0.30108464;-0.46696097;-0.44608998;0.19921862;1.414238;-0.45479017;-0.93429595;-0.48060653;-0.70411813;0.6817965;0.16220197;-1.1682898;1.435233;-0.15571944;0.90258205;-0.5364727
0.7224512;0.9618336;-0.41517255;-0.3816276;-0.29842573;0.7253555;-0.17294459;1.6087122;-0.3281902;-0.3643842;-0.28221974;-0.30181596;-0.21737532;-0.3067971;-0.2989502;0.4762475;1.3952025;1.1066394;1.9415514;2.6885936;2.1139145;2.5011644;4.7683024;3.4883466;1.392488;1.0547093;0.75859284;0.10785102;0.24656194;0.7559758;0.024184102;-0.040168047;-0.3926877;-0.10370853;0.45221242;0.37508687;-0.4356168;-0.264423;0.20389454;-0.033265803;-0.26094413;-0.38911864;-0.67298794;-0.16086008;-0.9924078;-0.4580192;-0.42024717;-0.35039887;0.41737822;-0.045637276;-0.34718502;0.4614173;-1.0987052;-1.4445624;-0.37290943;0.39067042;-0.32817107;0.7643343;2.5771947;-1.5618641;-2.0213428;-1.2243319;-2.120377;-0.5011132;-3.1896515
-1.2672312;-1.2909131;-0.54365796;-0.4783464;-0.8461978;-1.8992871;-0.9454794;2.360817;-0.992916;1.8908404;-0.95224;-0.79062736;-0.6659962;-0.6032591;-0.6367805;-0.5246112;-0.418471;-0.21024206;-0.3738094;-0.033487964;0.77685195;1.3169193;1.0867399;2.9118478;3.027211;3.1017523;4.1864586;3.8599749;2.899762;2.662734;3.2149217;3.8515327;4.0340514;3.640936;1.8926766;1.1531324;-0.45224476;-0.29203016;1.0001704;1.4502554;1.74447;2.0288289;-0.87476075;1.5828471;2.2472436;1.140449;-1.0799489;-0.522085;0.5512064;1.3585864;-0.4993937;-2.17556;-0.12721902;1.4030364;1.9417387;0.55373394;-1.1281646;1.031134;-0.73865443;0.9285106;-0.5998664;0.2658301;-0.046614394;0.19553638;0.9670892
-1.2672312;-1.0668697;-0.54365796;-0.4783464;-0.8461978;-1.1340755;-0.1615735;-0.6663962;-0.7315786;2.3080697;-0.68033344;-0.8667942;-0.69972384;-0.8440176;-0.8273198;-0.6370441;-0.76023257;-0.8368514;-0.91537374;-0.919746;-0.90989596;-0.857483;-0.8812527;-0.80563134;-0.7177105;-0.70606065;-0.5331395;-0.30399254;-0.098534524;0.2821229;0.30236778;0.19538492;-0.10483575;0.19043627;0.7696195;0.29326934;-0.44488344;-0.27085945;0.64832765;2.6474829;3.453847;2.6480596;-0.55025506;2.6450315;2.9519863;2.6632786;-1.1502234;-0.52425313;0.54280704;2.5231526;-0.4833702;-2.2006202;0.030920118;-0.9528571;-0.07692876;0.49538618;-0.20189483;-0.9708343;0.16146228;0.15895784;-0.29645097;0.47202942;-0.45929617;-0.15228514;-0.17142726
-0.3028068;0.19662401;0.21769167;1.229855;3.227174;0.4840913;-0.81101096;0.42455462;-0.75521785;-0.65617275;1.2050909;1.0022719;0.91202533;1.3737336;0.803094;0.94901025;0.94108033;0.66068673;0.62126154;1.0151927;0.7337001;0.14107725;-0.11550342;0.05427329;-0.09155614;-0.40996107;-0.16099098;-0.12524655;-0.018692939;-0.25402158;-0.12693249;0.12518457;0.41909367;0.43885225;0.3522068;-0.064486004;-0.438852;-0.29014465;-0.46275526;-0.44969282;-0.44238636;-0.47758022;-0.6316154;-0.5236908;0.054966845;-0.4508048;0.04901472;-0.108347215;0.5227424;-0.55699563;-0.48859265;0.9707259;0.8177805;-1.0951021;0.40463302;1.5673625;1.0431715;0.7654416;-0.45047483;0.8600715;-0.47921395;0.87980795;-0.61271864;-1.642617;-0.1102701
0.4731177;0.5725288;1.8577441;7.371879;3.094545;0.3513094;-0.6938402;1.1401706;-0.60408884;-0.5852708;2.0754724;6.7638245;5.17123;2.6788807;1.7579639;3.2766213;3.7617786;1.4249479;1.0385438;1.21222;1.4304526;1.2283533;0.0429227;-0.43997204;-0.36772418;-0.22352849;-0.34702498;-0.47400054;-0.27095053;0.018524535;0.674125;-0.13151622;0.13415599;0.083742514;-0.2870214;-0.1755107;-0.4067258;-0.29283297;-0.38868302;-0.44969282;-0.46148553;-0.52918273;-0.5261143;-0.5077449;-0.73712295;-0.3734003;0.6524403;0.12801623;0.48955762;-0.53552014;-0.46584737;0.06592064;1.5007179;0.20893943;4.3238472E-4;0.1598935;-1.056441;-0.08622418;-0.13904913;1.1193352;0.8382496;-1.2060053;-2.5309362;-0.9579599;-0.7285923
-0.46395752;0.22896457;0.47293124;-0.4783464;-0.61027944;0.58593154;0.45919693;0.5348878;0.6450539;-0.39710823;1.386399;0.92193717;0.25692433;-0.07897092;0.41173077;1.0684665;0.5984057;0.3301579;0.41598836;0.38036972;0.49968243;1.5509483;0.952539;-0.24714401;-0.09731052;-0.39722046;-0.043912787;1.1757594;0.24067421;0.7205834;0.05273535;0.24152853;0.53150654;-0.073358975;-0.035831552;0.011386205;0.78887486;-0.244224;0.018714055;-0.18942593;-0.34689045;-0.5365545;0.11133271;-0.3364462;-0.9578333;-0.47131765;0.55501837;0.15026708;-0.32036957;-0.25881618;0.18359561;0.5433465;-0.16439787;0.15959708;-1.0334668;0.23201975;-0.46318248;-0.7870237;1.2909718;2.1849103;0.49109834;0.18261448;0.93748;-0.26375914;-0.6092847
-1.2672312;-0.8307392;-0.54365796;-0.4783464;-0.8461978;-1.8992871;1.4446117;-0.12036729;0.5353327;-0.11350074;-0.018899823;-0.42080152;-0.5024674;-0.5173783;-0.5146806;-0.5421045;-0.3406459;-0.32503957;0.13274854;0.833956;0.9049493;0.48667032;0.35692263;0.10280416;-0.27621835;-0.36885577;-0.34760544;-0.36108696;0.1848137;0.27113253;-0.17713188;-0.47558424;-0.55007863;-0.4717835;-0.47369197;-0.22246014;-0.18241248;0.9931709;0.11130438;0.27905467;0.1019401;-0.03527271;1.4447484;0.115921;1.2367395;-0.20348114;-0.2596041;-0.36374253;-0.12160905;0.19504179;-0.08018219;0.03436262;-1.1224371;-0.85869;0.5472556;1.3581134;0.9497273;-1.6032165;0.28133065;-1.0796168;-0.7039264;0.621756;0.36545265;0.14145556;0.7544583
0.27797076;0.58867675;-0.39180198;-0.25718388;-0.40485457;0.7031262;0.9123576;-0.20819598;0.99794173;-0.39983517;0.3627602;0.2548272;-0.17528646;0.51540726;0.18014498;0.49847233;0.13024811;0.020566069;-0.011752769;0.47944456;0.39523885;-0.46043283;-0.3414756;0.44260475;1.320632;0.24828732;-0.11545342;-0.6071055;-0.83571637;-0.87449986;-1.0571684;-1.1403631;-0.9552262;-0.86577994;-0.82232916;-0.8062873;0.85276103;0.043222312;-0.1849844;-0.22846593;-0.34689045;-0.35225973;0.29297215;-0.34067348;-0.10319198;-0.43692365;-0.098125204;-0.21566573;-0.56377566;-0.29095376;0.59243566;1.1757983;-0.65417016;-0.049888764;-0.45671928;-1.318678;1.9442455;-1.5553198;0.15059674;-1.0823967;-0.5549338;2.8499904;-0.13020796;-1.1789371;-0.5813526
-1.2672312;-0.45668462;-0.54365796;-0.4783464;-0.8461978;-1.1365136;-0.69516057;-1.1384692;-0.7327343;-0.26621246;-0.19676718;-0.06571927;-0.42325464;-0.5711827;-0.5837971;-0.7408645;-0.7624792;-0.7963572;-0.7076406;-0.871927;-0.9959974;-1.0587112;-0.9955863;-0.9098185;-0.68936414;-0.7719992;-1.0401063;-0.9166383;-1.0298815;-1.1534755;-1.0406299;-1.1260233;-1.1799116;-0.79001266;0.093014635;0.2133951;-0.43491307;-0.29128945;-0.38868302;-0.42366615;-0.49013427;-0.5807853;-0.5847606;-0.50763327;-0.33380383;-0.38067013;0.37337098;-0.12647334;0.52492154;-0.54616576;-0.4838353;0.19320561;0.20682406;0.67952716;0.044729024;0.6658823;0.5112658;-0.26343116;-0.19220065;-0.3158475;-0.06328144;-0.14841296;0.7511851;-0.33113676;-0.04083011
0.9960372;0.9709705;-0.35760447;-0.3453967;0.24638595;0.5967799;-0.18887492;-0.9509044;0.20950276;-0.52255;-1.1367533;-0.7309474;-0.30017155;-0.65839183;-0.41080925;-0.0905087;-0.47685808;-0.24856095;-0.39872375;-0.30423874;-0.78694445;-0.79778963;-0.7887108;-0.785455;-0.78561974;-0.63042676;-0.7075003;-0.8342188;-0.97601485;-1.0061853;-0.977673;-0.87214875;-0.95639044;-0.99382454;-1.0156652;-1.0150306;0.06694421;-0.2779962;-0.11091233;-0.26750597;-0.3755392;-0.5070673;0.7530641;-0.3980748;-0.9160782;-0.4888981;0.29839158;0.2989239;0.1708245;-0.34303877;-0.13701467;0.79641855;0.27359277;-1.0493004;-2.3823485;-0.9356669;-0.42928818;-0.08913364;-1.8135558;-1.8782997;-0.38969398;-0.8201414;-0.60612166;-1.764377;-1.6649908
0.047212686;0.35458636;-0.54365796;-0.4783464;3.4661627;0.40015772;-0.8329549;-0.25425974;-0.91699195;0.1919225;-0.8102452;-0.6969108;-0.6787693;-0.713214;-0.64524645;-0.696325;-0.64382786;-0.5625045;-0.5073841;-0.5067425;-0.40853637;-0.5349083;-0.3653469;-0.16707845;-0.1829381;0.18802924;0.3470861;0.5312672;0.37426752;0.0029931737;-0.18705025;0.06632294;0.35268757;0.009200396;0.1904553;0.5727979;-0.44827878;-0.29062933;0.666846;0.69548166;0.8277093;0.7461375;-0.730452;0.83738095;1.5574201;0.45187998;-0.9381797;-0.5083064;0.547629;0.5803633;-0.49687338;-1.4304492;0.2930569;1.5394968;-0.1599964;-0.84345454;0.5861623;-0.19769198;0.16162938;0.67814654;-0.9224314;0.5431931;0.24592985;-0.031816944;0.244329
-1.2672312;-1.2695055;-0.54365796;-0.4783464;-0.8461978;-1.8992871;-0.67621815;0.10072361;-0.8921905;2.8889205;-0.51717454;-0.7253135;-0.6670485;-0.7704943;-0.7947704;-0.76857805;-0.7743958;-0.7073425;-0.76380676;-0.83049554;-0.87308204;-0.6607273;-0.18467996;0.6349843;0.7644861;-0.117564365;0.37607327;1.2447221;0.6279074;0.11199476;0.68167305;1.359389;1.4858948;1.0872018;0.9736785;1.6239474;-0.45099103;-0.28854597;-0.14794838;1.4502554;3.13871;2.9724185;-0.7486807;2.1502678;2.4658003;3.2909234;-1.1028475;-0.5240935;0.5485168;2.000049;-0.4967028;-2.0096343;0.7011065;0.5570658;0.721223;0.25245184;0.49552104;-0.56321037;1.9515727;1.3474798;-0.32526433;0.8479158;0.32729977;-1.1054438;0.68787336
-0.37146896;0.470246;0.13040145;0.0043028235;-0.3536858;0.71742827;-0.925306;-0.79565024;-0.61998576;-0.7788875;-0.23665954;-0.13781899;-0.056768727;-0.16323431;-0.27612308;-0.5974422;-0.70448154;-0.72372437;-0.7134379;-0.84134835;-0.93058664;-0.96699077;-0.61666;-0.38427743;-0.49378;-0.8309652;-0.67825294;-0.6473941;-0.765633;-0.73253393;-0.7060201;-0.17899188;-0.006623865;-0.2020291;-0.31635085;-0.42171904;-0.43122926;-0.2933847;-0.4072011;-0.46270618;-0.56653106;-0.6766186;-0.76391864;-0.6264683;-1.2018945;-0.49213895;3.975307;3.6045165;0.4996055;-0.6961049;-0.47998434;0.73370576;1.6174453;0.67059827;1.2502367;0.2825432;0.22780772;-0.14940618;-0.49195948;-0.6615686;-0.38876247;0.25905594;-0.49024302;-0.44198778;-0.3014721
-1.2672312;-0.47524554;-0.54365796;-0.4783464;-0.8461978;-1.1253101;-1.1836319;-1.1439031;-1.0113052;-0.46255606;-1.3227787;-1.0780877;-0.97082406;-0.95921206;-0.91288865;-0.8308712;-0.7618216;-0.7496903;-0.7587435;-0.7664557;-0.80114514;-0.7422297;-0.83437777;-0.83699286;-0.89110446;-0.94774383;-0.9325764;-0.82829195;-0.8551153;-1.09527;-0.9227023;-0.57659054;-0.6737891;-0.76858526;-0.81787413;-0.7787469;-0.45220977;-0.29348776;-0.4812732;-0.52777284;-0.5283327;-0.59552884;-0.8958256;-0.56943244;-0.25815457;-0.27893847;0.42045343;-0.18083084;0.55131733;-0.647106;-0.49990958;-0.045872506;0.9782478;0.36823535;0.90897334;0.57288504;-0.15238394;0.38275057;1.046396;0.5445128;0.3653312;0.06403939;0.33861703;0.034268945;0.10028241
2.406788;-0.24214177;0.7990614;0.47799218;-0.20197798;0.43857604;2.1567574;0.06488038;1.3113943;0.14010966;0.13932633;-0.21828184;-0.14390616;0.16808845;0.27537292;0.06085258;-0.5336017;-0.46883067;-0.40459618;-0.3926278;-0.342558;-0.37676394;-0.32227907;-0.05345994;0.29390824;0.5874088;0.07352419;0.18167685;0.045747172;0.26719192;0.6645651;0.87970716;0.47953865;0.27196464;0.32362735;0.39096707;1.1406245;0.84167457;-0.05535818;-0.124359205;-0.041303728;0.14902222;2.4846656;0.03312113;0.25349113;-0.17010288;-0.6748612;-0.4731169;-0.8688459;0.057700444;0.7480874;-1.1940072;-1.4684764;-0.9119606;-0.75220376;-1.1427217;-1.9250821;-0.42235276;-0.5692031;-0.55429995;0.8072615;0.16219027;2.4102433;1.9376717;0.5083355
2.2397137;1.1825033;-0.40975472;-0.34735787;-0.4035313;0.672936;2.9034672;0.6562474;2.743826;0.23828152;-0.39831638;0.30711833;-0.14514685;-0.43366855;-0.39250717;-0.5062939;-0.394318;-0.19331124;-0.3197565;0.47368833;0.36511576;1.5009788;1.3423799;0.99647635;0.54530466;0.5313145;0.25131866;0.13039851;0.59233093;2.0347564;1.4111396;0.08996795;0.45898253;1.3855045;0.78205585;0.4317054;-0.41787556;10.428906;0.83350825;0.69548166;0.29293242;-0.027900668;3.062544;0.43580902;-0.55459464;-0.39962465;-0.1799293;-0.29205742;-2.62735;0.53597826;3.6829133;-1.19274;-2.154316;-1.8860028;0.070540324;2.0071256;0.28777564;-0.61601084;0.5842082;0.38354495;-0.14823109;-1.7724532;-1.1835722;1.4481738;-0.24771416
0.17543404;0.7970238;-0.31457275;0.7900571;0.42132998;0.759203;-0.6117295;-0.21523316;-0.45332113;-0.5307309;1.1168154;0.99307853;0.61355317;1.2876188;2.8684623;1.8227309;0.06577664;0.06297927;0.471104;0.051279638;-0.3720787;-0.73143333;-0.85503197;-0.88284993;-0.7545955;-0.74486864;-0.5911823;-0.50064915;-0.6066598;-0.5930615;-0.37575674;-0.5149842;-0.6838539;-0.6260418;-0.5719549;-0.3259183;-0.32583898;-0.29244107;-0.1294303;-0.22846593;-0.404188;-0.5586699;-0.76565593;-0.40881053;-0.7364477;-0.49491838;-0.00589589;0.2718965;0.45838815;-0.3527288;-0.39655882;1.6270555;0.64792466;-0.6513767;-1.3653308;-0.29342896;0.13020891;0.109111704;-0.34055033;-0.49292448;0.0101936115;0.28417587;1.5664761;0.9352868;-0.5094621
0.78979194;0.91324484;-0.46375284;-0.4304794;-0.7127439;0.86657757;-0.7828176;-0.034009047;-0.6301399;-0.56345487;-0.7141979;0.8973884;1.3597472;0.8604567;2.070825;1.0054654;0.8285908;1.2496315;1.6512315;-0.122509465;-0.5291549;-0.49897015;-0.54404527;-0.66219467;-0.6939603;-0.59979343;-0.266093;-0.25293875;-0.4937296;-0.038016528;-0.375547;-0.7427566;-0.88264114;-0.9234747;-0.8387045;-0.88958234;-0.3932684;-0.2933859;-0.14794838;-0.26750597;-0.404188;-0.5807853;-0.83474624;-0.43157145;-1.0771074;-0.48013613;2.0926511;1.57258;0.50431;-0.38828805;-0.4496174;1.2087983;1.0217983;-0.77868307;-1.6393169;-0.7283792;-0.3073782;-0.11903832;-0.120239325;-1.5191755;-0.90099835;-0.9178535;1.1216693;0.78975886;-1.5800929
-1.2672312;-0.9042223;-0.54365796;-0.4783464;-0.8461978;-1.8992871;-0.31992835;-0.4027994;-0.4170512;-0.36165723;-0.106927834;-0.24012999;-0.14191622;-0.22310987;-0.14462498;-0.332203;-0.20250568;-0.15748;-0.39553005;-0.30417833;0.16190918;-0.11358443;-0.37473127;-0.38876;-0.5807838;-0.5980548;-0.5689908;-0.64332855;-0.5374413;0.034259584;-0.14407691;-0.097011246;-0.34743637;-0.069992684;-0.3162552;-0.283092;-0.39474;-0.27399358;-0.37016493;-0.345586;-0.29914248;-0.41123402;-0.27548224;-0.41317555;0.5316251;-0.4399253;-0.2707455;-0.2546137;0.45176062;-0.40013593;-0.4589098;0.90781415;-0.05211126;-0.4032424;-0.1963355;1.3170924;0.715522;-0.3766969;-0.017949687;0.7380363;0.53636754;-0.626183;-1.3669444;0.40965265;0.80000263
0.23293768;0.4922379;-0.54365796;-0.4783464;-0.023293424;0.39371568;-0.9634106;-0.25474197;-0.84595996;-0.20621853;-0.58538324;-0.6895919;-0.57769895;-0.51955795;-0.37926754;-0.43279654;-0.3787168;-0.45088106;-0.38092223;-0.2266251;-0.32306015;-0.10514707;0.043762658;-0.005203842;-0.07893413;0.45949382;0.853605;0.45801547;-0.28719488;-0.35994288;-0.17675175;-0.35236678;-0.49859467;-0.5548534;-0.6201081;-0.6998425;-0.42915756;-0.2930697;-0.24053867;-0.22846593;0.07329165;0.04581688;-0.6433132;0.004981952;0.51382077;0.10823485;-0.07512809;-0.007269331;0.5349783;-0.051571883;-0.4925692;-0.44314706;0.4704524;1.407779;0.058780704;-1.2801176;-0.4831654;0.20407341;-0.9146537;0.58955103;1.4369701;0.2658978;0.8972313;0.7792609;-0.35448796
-1.2672312;-0.39150405;-0.54365796;-0.4783464;-0.8461978;-1.8992871;0.87812924;-0.34818274;0.98258245;-0.32075226;-0.568483;-0.88945043;-0.7693069;-0.62166303;0.039166912;0.44020745;0.11011766;-0.023185419;-0.21263888;-0.18587449;0.008699418;0.78998965;0.37083653;0.06724142;0.78825563;0.104609504;-0.77647406;-0.57553416;-0.36890587;-0.890194;-1.0502899;-1.2148248;-1.1300688;-0.91202396;-0.9615522;-0.7981645;0.7701585;-0.0555332;1.9596695E-4;-0.18942593;-0.3182417;-0.32277256;1.0426184;-0.2369052;-0.16783853;-0.42337814;-0.0210351;-0.19680102;-0.35069335;-0.15552016;0.06905251;0.14818197;-1.5159166;-1.615281;-0.43901575;-2.7499022;-0.9931233;-2.7805152;0.62836206;-0.08891366;-0.57192636;1.4608779;-1.2280948;-0.69932884;1.4735916
0.37722278;0.028431967;2.5221481;0.89803255;0.39726943;0.49565196;0.94496;0.29497376;0.43484303;0.12920177;-0.2080652;-0.508412;-0.5025491;-0.4099526;-0.36363596;0.3370173;0.7742249;0.3577664;-0.03131594;0.13993964;-0.13238499;-0.031517584;0.37087044;0.53032243;0.5986683;0.6275702;0.51931566;0.8104867;0.3925928;0.27872202;0.10662112;0.014235969;0.06609963;-0.21226451;-0.30845296;-0.28725103;0.13593337;0.09220511;0.09278625;-0.072305836;0.02554394;0.08267622;0.8193517;0.05248786;0.03809244;-0.31084633;-0.77494234;-0.47956678;-0.034933444;0.11108984;0.033342227;-0.32353997;-1.7566274;-0.09873907;-0.6011171;-2.2510672;-0.28830442;1.3998773;1.4762584;0.79697347;-0.09356397;-0.36415493;0.6729329;-1.2916566;-1.4996248
-0.116309635;0.4996796;0.85246897;-0.18207973;-0.61033;0.7569695;-0.13607101;0.48235777;0.18158081;-0.64526474;2.0502458;1.3910718;1.3535973;1.1600188;1.5844681;1.690422;1.2418109;1.6362059;0.70608836;1.1842297;0.8401619;0.049402367;-0.07927469;-0.044623937;0.4600064;0.4876425;-0.2232931;0.16921982;-0.26917514;-0.58153623;-0.41092855;-0.7812757;-0.78766704;-0.63098526;-0.44323963;-0.5085152;-0.032898974;-0.28211474;-0.35164696;-0.306546;-0.39463842;-0.5365545;-0.18363833;-0.47684392;-0.10557112;-0.48740184;-0.47517896;-0.23217626;0.1407466;-0.46401134;-0.24568333;1.4283733;0.7125602;0.056701425;-0.7201321;-0.3744924;1.2584661;0.400732;-0.68019176;0.6175658;1.0667913;1.3604528;-0.93255246;-0.6891208;0.1269266
0.09445352;0.8652535;-0.5359301;-0.32767376;-0.7571802;0.8521803;1.5544552;0.03021827;1.1964012;-0.4052891;-0.23851979;-0.20444827;-0.3436542;-0.17634751;-0.026991155;0.05195171;0.07037175;-0.30544293;-0.23321654;-0.053497553;-0.40698013;-0.07900275;0.30215478;0.4564124;0.16002177;0.13275541;-0.14665993;0.35696253;0.24211425;0.42219308;0.71760106;-0.07842776;-0.35107404;-0.35296747;-0.33574745;-0.28213224;1.1260313;0.26437905;1.9596695E-4;-0.111345865;-0.30869204;-0.101618715;-0.3420596;-0.16229856;-0.21663761;-0.39675346;-0.6366122;-0.4635526;-0.75392383;-0.081506714;0.8588388;0.19575925;-1.258841;-0.08129949;-0.54510295;-0.6933388;-0.40733466;-0.45953277;2.4135172;0.91388625;-0.4496403;1.734304;0.75435674;-0.045045186;-1.6767479
1.0233301;0.39022762;1.1937811;2.9773736;1.5145037;0.44402102;0.6500846;0.5604682;0.02567685;-0.08623079;-0.06150499;-0.091719516;-0.27322975;-0.27053916;1.0762311;1.3296416;0.032944955;-0.19086947;-0.111022756;0.21490312;0.181984;1.1825995;2.0801396;0.72766316;-0.2445535;-0.21877386;0.9219493;1.0000889;0.39801383;0.2430594;0.6245156;0.9911005;-0.07393221;-0.61001045;-0.40193895;-0.27676803;-0.1919551;-0.100923404;0.037232105;-0.1373725;-0.1749978;0.1932531;0.38332966;0.028774172;0.09705847;-0.20432693;-0.7700505;-0.49977142;0.2786299;0.0765807;-0.22429903;-0.36457524;-1.808745;0.12793577;-1.9498899;0.6245135;-1.1890352;0.23714997;2.075379;1.2905457;1.725062;-1.572651;3.1867218;-0.68018997;-2.02665
0.39268255;0.95190966;-0.38690132;-0.3174131;-0.17627732;0.58593047;1.1463412;-0.33290696;0.9826754;-0.22803448;2.413235;0.83212054;-0.02217595;0.706693;0.18793653;0.005004658;-0.25815976;-0.09074265;-0.2274886;-0.40491235;0.50908566;0.7840126;-0.120973885;-0.3007807;0.028578926;0.4187907;-0.6737286;-0.9750123;-0.973431;-0.7147534;-0.6575516;-0.7682672;-0.86471575;-0.7494109;-0.73745894;-0.6055665;0.76432145;0.28113025;-0.14794838;-0.20243928;-0.26094413;-0.1458496;0.68161;-0.24046023;0.14869086;-0.42712456;-0.51208866;-0.3571884;-0.55635446;-0.1690077;0.6613927;0.95820457;-1.0178889;-1.1650538;0.27834144;-0.587628;0.06754642;-0.9106013;-0.5456786;-0.114440486;0.99067193;0.14501917;-0.94878197;0.19785108;0.66468596
0.24818498;0.75593823;-0.45701084;-0.37047392;-0.3459467;0.7598716;0.4710665;-0.1014492;1.0249792;-0.6698077;0.939057;0.1494644;0.15817139;0.24861531;-0.28472477;-0.20912984;-0.2394516;-0.41694432;-0.354596;-0.38966212;-0.6250437;-0.3450962;0.61556095;0.627254;0.11683234;0.2522919;0.09220624;-0.029662427;0.14137387;0.073286496;-0.35403073;-0.42848533;-0.13791347;-0.27756968;-0.25719404;0.059528824;1.0897291;-0.23891497;-0.24053867;-0.345586;-0.49013427;-0.5734135;-0.3027511;-0.48946467;-0.95032716;-0.4639336;0.9317936;0.2955223;-0.6429625;-0.48632255;0.6573322;0.5139242;0.3343815;0.6907033;0.91372085;-1.4858153;-0.90496606;-0.034423966;-0.01596629;-0.6619683;-0.8972148;0.4117556;0.5578613;-0.3517688;0.2897917
-0.3649661;0.35422316;-0.54365796;-0.4783464;1.1031854;0.6272732;-0.76504904;-0.58961165;-0.5328097;-0.7161666;-0.43800378;-0.3170605;-0.12439429;-0.22856602;-0.52611417;-0.6020213;-0.49088407;-0.37806222;-0.39179274;-0.35732254;-0.41159904;-0.0883611;-0.09575729;-0.34627628;-0.5558655;-0.59296566;-0.70335025;-0.3982034;-0.48395312;-0.5228705;-0.71742076;-0.32029104;-0.6049434;-0.49797574;-0.4299507;-0.26672772;-0.43019807;-0.29276457;-0.51830935;-0.5017462;-0.5760806;-0.6545032;-0.57686675;-0.6263811;-0.71826947;-0.42360175;1.0193237;0.1411918;0.48586062;-0.71269524;-0.47973657;0.07142322;1.5359486;0.47142458;1.3544556;1.2365724;-0.38634092;0.08347784;-0.014531526;-0.26278368;0.94073606;-0.08486972;1.1255748;-0.5179521;-0.09468663
-0.6248385;0.025499953;-0.27577147;-0.156579;-0.050383434;0.4874353;-0.6011944;0.182965;-0.77033186;-0.08350384;0.6039263;-0.12737077;-0.036929227;0.27067053;0.76339376;0.6092953;-0.13952254;-0.63431376;-0.7497107;-0.7438234;-0.71084964;-0.77016306;-0.37837988;1.3973533;1.8255852;0.46234983;0.29902065;0.48512986;0.68047065;1.2219504;0.3172271;-0.4024463;-0.40181315;-0.35557374;-0.09962369;-0.28682095;-0.43560487;-0.27981052;-0.14794838;-0.22846593;-0.16544822;0.27434275;-0.61891395;-0.05384497;0.5491515;-0.16029115;-0.9197179;-0.51265514;0.5344982;-0.09146058;-0.48922795;0.008722234;-0.9004465;2.3539846;0.048605986;-1.3333379;-0.22913717;-0.73479396;2.4978783;-0.30746862;1.1976238;2.121687;0.8056134;-0.28655443;0.09406017
1.5977445;1.0122592;-0.48142374;-0.40843442;-0.53444767;0.66430205;-0.17979883;-0.032070443;-0.5305178;-0.028963882;-0.31372547;-0.58355653;0.13056545;0.45810124;-0.12867309;-0.4490259;-0.047582243;-0.10623702;1.3124604;1.3947139;-0.24676125;-0.07084244;0.23425743;0.49070165;0.18032926;0.15500516;-0.49326685;-0.7344721;-0.5882116;-0.38620985;-0.21937716;-0.08563522;-0.47800124;-0.48552275;-0.47063148;-0.28477678;-0.38470468;-0.25371078;-0.24053867;-0.26750597;-0.08905152;-0.0573879;-0.7126915;-0.08976436;-0.28869516;-0.093023494;-0.5442673;-0.46029255;0.48192737;-0.06158239;-0.42436314;-0.9851686;-0.6062905;-1.1030623;-0.60741925;-2.4597323;0.8011602;0.08772492;-2.890893;-1.9271369;-1.6705925;-0.28253156;0.3723498;1.0368439;-0.36112347
2.1595197;0.20214763;0.30977124;0.24261543;1.4569011;0.48489994;2.6220415;0.261508;2.4796946;-0.18440273;0.5709578;-0.37136394;-0.6809997;0.09032315;0.10541695;-0.5138112;-0.1544293;0.35868558;0.07347411;0.56200475;0.9334243;0.2588792;0.44580445;0.15235777;0.4380156;1.1730704;0.56279117;-0.461198;-0.33619997;0.2007697;-0.044652354;-0.36084804;-0.15573353;0.3907189;0.6116554;0.55068314;0.50043714;3.9064121;0.2964847;0.057827603;0.035093207;-0.16059324;3.3292563;0.011102895;0.2794047;-0.42022532;-0.59672284;-0.40619186;-2.8308864;0.1302582;2.260609;-0.0986232;-1.5922573;-1.9859923;-0.6436006;-0.22202694;0.5786895;-0.634599;-0.79537386;-0.6876026;1.3394728;0.31536356;-1.4013578;2.412295;2.5289927
-1.2672312;-0.92140603;-0.54365796;-0.4783464;-0.8461978;-1.8992871;-1.1781166;-0.91843605;-0.99824756;-0.6261758;-0.4890019;-0.7924563;-0.94268197;-0.9409072;-0.8007343;-0.8258691;-0.79812527;-0.6826744;-0.6381519;-0.66097873;-0.6481933;-0.51103544;-0.4917742;-0.6506533;-0.7994936;-0.8153332;-0.63745004;-0.61758643;-0.8160987;-0.92408675;-0.8088372;-0.4377924;-0.31421304;-0.3457579;-0.3957754;-0.5066834;-0.45225266;-0.29346824;-0.5738635;-0.5928396;-0.58563024;-0.6397596;-0.9014536;-0.64846945;-1.2200236;-0.38617972;0.55053174;-0.063684426;0.5511913;-0.76801676;-0.49993104;-0.1914343;0.41715416;0.5525834;1.0526682;1.3359205;0.46552017;0.122402705;-0.5591645;0.31079632;1.5947374;1.3966179;1.1039183;0.90950125;0.21596739
-0.44515198;0.3964981;0.92404294;1.9984863;0.74199617;0.53826714;-0.37797785;0.15115942;-0.060089584;-0.81706536;0.3502648;0.2902529;0.77826136;1.2986491;0.82084155;0.008468473;-0.27283183;-0.11051704;-0.10759865;-0.24112664;0.040561732;0.8812584;0.8337131;-0.09103059;0.5655962;0.3277008;-0.5094803;-0.30162153;0.10161336;-0.2733777;-0.0697801;-0.21320033;-0.13374618;0.019116076;0.07564054;-0.028272508;-0.1787709;-0.2835321;-0.44423714;-0.3976394;-0.45193595;-0.59552884;-0.24618556;-0.55486596;-0.24681434;-0.4821655;0.31384864;0.20302807;0.2759042;-0.58548737;-0.4042989;1.1492518;0.69071776;0.040978737;1.7964456;-0.029683437;-1.0438483;-1.0492207;0.5404009;0.8306689;0.091591544;0.6902221;-0.45348656;1.7539444;2.5233142
0.2439699;-0.137621;0.14214008;-0.14898072;-0.5604415;0.45766768;0.4368603;-0.8469136;-0.028418869;-0.25803146;0.6621458;-0.45439777;-0.638146;-0.662617;-0.40518177;-0.2790596;-0.71730953;-0.67102563;-0.8176353;-0.8943116;-0.90208626;-0.9327908;-0.85759765;-0.7148845;-0.7920938;-0.8226937;-0.720242;-0.45443058;-0.03976873;0.06257597;0.03664316;-0.32749733;-0.78180814;-0.91227114;-1.0128548;-1.0383335;-0.120563544;-0.1510973;-0.018322004;-0.21545264;0.02554394;0.47338128;0.029570317;0.11108785;-0.14984307;0.14234124;-0.65323097;-0.4694779;0.30560985;0.06254129;-0.25493833;-0.83524513;-0.2815334;1.2207887;-1.5080414;-0.0733543;-0.52459997;-1.4470266;0.5868217;0.4439531;1.0917233;1.750517;0.4048509;0.54655284;0.31876302
0.15915053;0.5165421;-0.2785959;-0.16421242;-0.54898643;0.61813647;0.1731597;0.15471148;-0.2698361;0.21101183;-0.7161954;-0.6260474;-0.6031828;-0.35535792;-0.18505584;-0.096078634;-0.20133705;-0.2361645;0.23219329;0.4902256;0.86090386;1.0316288;0.7533652;-0.0924401;-0.22811349;-0.0604177;-0.20466517;-0.27751997;-0.24780877;0.21106501;0.54051113;0.49297667;0.35418215;0.18595788;-0.08859483;-0.091995396;-0.4442915;0.1394857;0.7594359;0.40918744;0.22608478;-0.013157019;-0.28474393;0.30609483;0.58757186;-0.42705446;-0.4414507;-0.3533716;0.41524094;0.42649096;-0.34869635;-0.26199028;-1.447019;-2.180087;1.1261108;2.5346978;0.10284777;0.6422008;-0.95455325;1.0979018;0.13384177;-0.17493981;1.1682268;0.15191647;-1.040864
0.116783805;0.66154736;-0.47051403;-0.42385814;-0.3149515;0.68060356;-0.59014124;-0.1462901;-0.62873584;-0.46255606;0.18627472;0.040620875;0.014458024;-0.122307464;-0.17384884;0.08696295;0.48404434;0.064481035;-0.49425808;0.18485525;0.5717058;0.039825417;0.24024868;0.3252391;0.3952659;0.04597788;0.30479264;-0.4065853;-0.5576435;-0.5573033;-0.62056303;-0.78364044;-0.7401447;-0.6390875;-0.7002225;-0.7597188;-0.4029338;-0.2904108;-0.16646647;-0.124359205;-0.30869204;-0.4702084;-0.70790267;-0.34154952;-0.16943006;-0.4674356;-0.49321526;-0.35261717;0.50450665;-0.27848428;-0.45637852;1.3319045;-0.59440345;0.26058343;0.023544563;-1.1906815;-0.19517608;1.7501774;0.3944909;0.55142933;1.0123192;-0.2745449;-0.21021742;-0.4718467;-1.0127357
0.22202756;0.41242096;-0.41769713;-0.35640797;-0.6512571;0.7347097;0.8607887;-0.12051196;0.5201619;0.17828822;-0.46072924;-0.19487904;-0.5451667;-0.3786351;-0.45313597;-0.23493204;-0.049368117;0.17350025;-0.07468495;-0.23634158;-0.10339481;-0.028886229;0.19224;0.74489874;0.31859478;-0.12173087;-0.6029341;-0.37520313;-0.5965686;-0.54709;-0.042217676;0.44284123;0.1940465;-0.14149378;-0.012523649;-0.0684367;-0.22023176;-0.19689113;0.12982234;-0.046279203;-0.1749978;-0.3817469;0.012340059;-0.10874329;0.09535651;-0.30434912;-0.16316564;-0.36445275;-0.08641545;-0.0030673048;0.20091987;-0.04000995;0.06278258;-2.0448766;0.06261746;0.46617365;-1.4252595;3.1389596;0.46749014;-0.644922;-0.616006;-0.6908666;0.5677675;-0.47624242;0.31756935
-0.256744;0.398305;-0.54365796;-0.4783464;0.47223088;0.6125629;-1.1467721;-0.3542893;-0.9097315;-0.7816144;-0.2518767;-0.27547404;-0.2710232;-0.27142555;-0.2816658;-0.29611284;-0.2985719;-0.28604373;-0.2809316;-0.28044543;-0.27879256;-0.275599;-0.27297556;-0.2639342;-0.26004472;-0.26340774;-0.25366732;-0.24190818;-0.2367143;-0.2325582;-0.22641623;-0.22242296;-0.2161275;-0.2123272;-0.21135813;-0.21060233;-0.450586;-0.29348865;-0.42571908;-0.47571948;-0.58563024;-0.698734;-0.86160505;-0.6473895;-1.4173975;-0.4958195;4.286539;4.1935043;0.5464831;-0.7301273;-0.49768183;0.5448093;1.6135486;1.1305729;1.1472299;1.2679826;0.2733447;-0.45778108;0.5669874;-0.113973975;-0.6353949;-0.6326314;0.027592687;-0.122091845;-0.13414046
-0.35882145;0.35370505;-0.28562346;-0.38063997;-0.3425864;0.6334124;-0.57370096;0.11711791;-0.19425616;-0.6070868;0.9782764;0.45892256;0.76863754;0.9151627;0.38607064;-0.20668294;-0.28846687;-0.3529053;-0.44426578;-0.51087195;-0.34669122;-0.3111675;-0.10207735;0.43324792;0.04816162;-0.09138834;0.054924652;0.43665954;0.31588924;0.60460615;0.32652116;-0.028678913;0.47007537;0.42373657;0.31453505;0.5994049;-0.31693205;-0.29155788;-0.4072011;-0.42366615;-0.50923353;-0.6545032;-0.3684666;-0.5524585;-0.7048181;-0.35250708;0.6196516;-0.08485227;0.40318024;-0.60428786;-0.4399767;-0.49409786;1.8750882;1.6093944;1.1687742;0.16414194;-0.47637802;-1.0827488;0.25732657;-0.23255761;-0.968101;0.66247034;-0.56907535;0.15584426;0.9465731
-0.13569877;0.42870882;-0.2820757;-0.33631384;-0.19992633;0.7283833;-0.6632282;-0.9409543;-0.15553541;-0.8470623;0.14999242;-0.2890636;-0.57099676;-0.34506458;-0.45329577;-0.49456644;-0.64556175;-0.40429807;-0.24655412;-0.115638584;-0.48145714;-0.6907994;-0.8180762;-0.9020472;-0.9896027;-0.9776671;-0.9686933;-1.0630329;-1.0208788;-1.0025955;-0.72467107;-0.5782387;-0.57539254;-0.8610234;-0.7816255;-0.62079924;-0.35258052;-0.29210514;-0.4812732;-0.5407862;-0.53788227;-0.6397596;-0.58700275;-0.6500197;-1.0708551;-0.49567482;1.4022104;1.5098983;0.3206801;-0.73328686;-0.36678046;1.2410535;1.3310909;0.37243807;0.6889374;0.8000826;1.2762865;-0.37553322;-0.11200707;-0.74837345;0.5608013;1.3015087;1.2101218;0.99683046;0.8384604
0.22179069;0.8061721;-0.4262193;-0.43596572;-0.14086324;0.74751765;-0.5680964;0.14727905;-0.53823674;-0.506188;-0.31137428;-0.09845824;0.18275611;0.16581328;0.82380915;0.6712929;0.38956514;0.20539573;0.40153694;0.7298517;1.1734767;0.6600745;0.10782262;0.1482162;0.27678236;0.28284082;-0.044067558;-0.04597257;-0.17502846;-0.5088286;-0.6900215;-0.5751812;-0.60920954;-0.7108452;-0.6940006;-0.68461424;-0.3634403;-0.28932446;-0.018322004;-0.20243928;-0.3755392;-0.47758022;-0.6763056;-0.34142247;-0.7375469;-0.49329442;0.06638971;0.13323158;0.48219854;-0.25715765;-0.43150076;1.4262737;-0.6297184;-0.9127365;-0.9651217;-1.1079016;0.23062418;-0.96540135;0.07481881;0.32224968;0.8886667;0.7352041;-0.2409741;-0.44898394;0.66267806
0.38979834;0.3944324;-0.3839368;-0.22771707;-0.014042642;0.6047893;0.4131461;-0.6297248;0.34566534;-0.031690836;-0.34153658;0.082757495;-0.24300875;-0.2975929;-0.22497231;0.45415333;0.35384068;-0.31570056;-0.03821569;-0.13242216;-0.65827245;-0.7809576;-0.8274438;-0.8535474;-0.8075627;-0.3977374;-0.30931586;-0.68899345;-0.5518378;-0.8170684;-0.87978464;-0.86816543;-0.851738;-0.68377995;-0.14938533;-0.13485876;-0.116150714;0.2073983;0.1853765;0.109881036;-0.03175377;-0.2785416;0.8384994;-0.04384823;-0.093632035;-0.45875198;-0.55679387;-0.34609473;0.035638988;0.086904004;0.06865526;0.7353492;-1.0893505;-1.3746654;-1.3469032;-0.2027174;3.6693316;-1.0567737;-0.44949403;0.36305565;0.5183428;-0.49486867;0.40187854;-0.80651826;-1.5031154
0.20690677;0.29615754;8.146551;6.7595634;1.8162147;0.48523766;0.3861592;0.7533475;0.76296526;-0.3043904;0.22683264;-0.1574468;-0.22701724;-0.01931186;0.53904825;1.3917279;1.516303;0.6310878;0.15191077;0.18575186;0.19133586;0.8639923;1.7443129;0.8156253;0.41274142;0.28462297;1.2210848;0.19676845;-0.071487285;0.0076712016;0.36910188;0.16978733;0.6812851;0.5142546;0.69146127;0.05924304;0.24533051;-0.25954506;0.11130438;-0.098332465;-0.30869204;-0.47758022;1.1672602;-0.25503734;-1.1012197;-0.4594692;0.71228385;0.13348028;-0.15259576;-0.14929907;0.19344932;0.017049594;-0.06498472;-0.4347091;-0.5611513;-0.6375271;-0.6101405;2.150689;1.2797991;2.214785;0.91654605;-0.684019;-0.32266957;-0.16592799;-1.6010172
-0.29696882;0.5096714;-0.48285738;-0.3751664;-0.49916956;0.8343206;-0.84176326;-1.0053619;-0.23492149;-0.8279733;-0.13966808;-0.22921954;-0.1697623;-0.45491955;-0.6976352;-0.65940034;-0.6573595;-0.7838872;-0.92986184;-0.8839941;-0.9064837;-0.8154829;-0.7934048;-0.78071874;-0.8899876;-0.824571;-0.55175096;-0.87715364;-0.77989995;-0.6413112;-0.80502254;-0.7586041;-0.46831027;-0.61611295;-0.73771745;-0.64033437;-0.40892723;-0.29329503;-0.51830935;-0.5407862;-0.5760806;-0.69136214;-0.78571826;-0.6821996;-1.1659317;-0.501197;3.5420434;4.947244;0.36733082;-0.78601795;-0.46091133;0.8346427;1.6584898;1.8305461;0.9576469;0.63054866;0.8090842;0.11301696;0.21237263;0.64878696;0.10255476;-0.56089616;-0.8158154;0.44575483;-0.10971965
-1.2672312;-0.34571058;-0.54365796;-0.4783464;-0.8461978;-1.0824623;-1.0553169;-1.0840436;-1.0032738;0.39644766;-0.21699542;-0.9579388;-0.8906554;-0.69210804;-0.6564083;-0.77977866;-0.8467253;-0.6799438;-0.6805599;-0.65283823;-0.76134187;-0.7236343;-0.53799564;-0.71436745;-0.8586879;-0.9230364;-0.92117655;-0.9123607;-0.82328284;-0.95080656;-0.95845747;-1.015417;-0.89727134;-0.6631492;-0.6370945;-0.8324121;-0.45212418;-0.2931326;-0.14794838;-0.111345865;0.28338242;0.51024014;-0.89607996;0.23137714;1.434921;0.27029368;-0.78998256;-0.49241877;0.5513655;0.21777064;-0.4996872;-0.62395483;-0.6928557;0.24070057;0.19720885;0.30025288;-0.044647217;0.51529825;0.64468163;-0.5535724;-0.3233201;0.12745924;1.8407618;1.1873193;-0.37606707
1.5634137;0.6587835;0.3387662;0.16983385;0.28238517;0.4483746;0.52992827;-0.8014987;0.6912066;-0.3371143;0.12600034;-0.06885618;-0.1327587;-0.38698098;-0.61549973;-0.49310958;-0.48144132;-0.4725728;-0.4064327;-0.51695937;-0.697548;-0.6876609;-0.5995689;-0.56943655;-0.3610034;-0.63564074;-0.6562763;-0.7700451;-0.83552027;-0.9047671;-0.85782623;-0.64833415;-0.5099119;-0.511719;-0.57458204;-0.48012486;0.40818393;-0.087348916;-0.24053867;-0.26750597;-0.2895929;-0.35963154;0.8135178;-0.35414326;-0.27361614;-0.46183726;-0.5501359;-0.3579425;-0.21833415;-0.30462617;0.14157829;0.98670405;-0.67752415;-1.2707882;-0.12561089;0.13718681;0.18420853;0.26057485;-1.384322;-1.1142583;-1.5126004;-0.2666093;0.09382104;-0.9010531;0.99218214
3.0752513;1.1846489;-0.31484398;-0.26892534;-0.3947954;0.5302076;3.4522107;0.7278808;2.335986;0.32827196;2.4313788;1.867276;0.24204065;-0.06695787;-0.12902649;-0.14028165;0.1555976;-0.15724955;-0.05580055;0.1338785;0.2963631;0.3395558;1.0561599;1.541034;0.48696122;0.42871442;0.6618887;0.867135;1.0544456;0.41796604;0.5524415;1.1822801;0.8454702;0.98970485;0.91035545;0.44159108;-0.024386402;6.289083;0.5927735;0.6434282;0.5412216;0.1711374;0.89014703;0.52114385;0.42325848;-0.29391566;-0.9509239;-0.49889445;-1.9787871;0.5447859;2.6360345;-1.0647893;-2.0829155;-0.55605215;0.15886775;0.7886311;0.58097124;0.25909093;0.46438792;0.5069196;0.2712223;2.0186937;3.7055888;1.2555546;-0.7192793
0.29758048;0.61217976;0.10355039;-0.4783464;1.4199138;0.39615008;-0.18053553;0.52246714;0.1640501;-0.49255303;0.23641542;0.69446874;0.32288477;0.1919832;0.46692804;0.73311347;0.8566643;0.60349584;0.4668291;1.3082521;2.3624685;0.8114099;-0.30060953;-0.40283802;-0.20033564;0.29487145;0.43729046;-0.022859566;0.15268996;0.2845034;0.31181663;0.40924442;-0.120171405;-0.25419012;-0.14102235;-0.37346882;0.005604397;-0.2628621;-0.31461078;-0.31955937;-0.4137376;-0.55129814;0.43481314;-0.48509806;-0.5080621;-0.48891166;-0.22991192;-0.09034573;0.1265085;-0.4793476;-0.12349535;1.6054219;0.46421605;-0.6687164;-0.55153555;0.7650341;0.38216153;0.020899156;-1.1830907;-0.88069326;2.0766175;-0.11246299;-1.3803824;-0.13222228;-0.9047256
1.728387;0.82495356;-0.3216618;-0.31201243;0.21092676;0.49662462;0.6706244;-0.9423621;0.72517294;-0.3234793;-0.38254687;-0.38187578;0.28389272;-0.0014243631;-0.26511535;-0.59587175;-0.5662381;-0.61873;-0.789022;-0.895907;-0.8201495;-0.7998619;-0.919526;-0.7329175;-0.66101694;-0.87362987;-0.84511304;-0.77552724;-0.74192137;-0.6453744;-0.69005406;-0.88245624;-0.8064758;-0.68887764;-0.60190976;-0.5924471;1.0274596;-0.11733079;-0.1849844;-0.345586;-0.47103515;-0.2859137;0.88114685;-0.29746428;-1.1360251;-0.24848641;-0.4376809;-0.43392733;-0.4698854;-0.3042609;0.6244781;-0.8927624;-0.5170739;0.45350477;-0.8368055;-1.9436584;-0.09719097;-1.3931392;-1.9258792;-1.856605;-0.19583045;-0.7082639;0.04305077;1.5157759;1.9324727
-0.2514078;0.21065202;0.89015895;2.1782677;1.1684358;0.44484702;-1.0430225;-0.19277543;-0.9269143;-0.6070868;-0.67179304;-0.60388255;-0.47465017;-0.45307705;0.10613276;-0.07899216;-0.21253176;-0.29114962;-0.18618244;0.046304893;0.1689117;0.28368998;-0.38811815;-0.4911979;-0.48611054;-0.43753934;-0.18729159;-0.4649646;-0.39583385;0.17339636;0.08476409;0.37197977;0.15827142;0.17368886;0.02993782;-0.07165522;-0.44741756;-0.29334298;-0.35164696;-0.306546;-0.404188;-0.5439263;-0.8067708;-0.46586213;-0.061094128;-0.42568615;0.51458114;0.058870655;0.54680854;-0.45913556;-0.4975188;0.4825116;1.192441;-0.5418212;0.027063582;0.8785384;-0.6676915;-0.7201095;-0.5303517;1.4989003;0.79028666;0.2923126;-0.8233243;0.19681878;0.39227712
-0.3650671;0.42671463;0.54263216;0.48388252;1.0008023;0.6131586;-0.41038778;-0.30562755;-0.42888257;-0.23894246;0.708698;0.57533514;1.1738948;0.9426784;0.26989794;-0.1015336;-0.31345436;-0.35783383;-0.15959914;-0.22398055;0.09718724;-0.21832743;-0.37300077;-0.06241131;0.0811982;-0.035038825;-0.24684697;-0.82156396;-0.60532695;-0.73450917;-0.7762869;-0.56298697;-0.4028459;-0.24227704;-0.35937667;-0.3541242;-0.2779592;-0.28488192;-0.2960928;-0.38462612;-0.46148553;-0.6029007;-0.43779618;-0.43296006;-0.2948016;-0.27742445;-0.089816816;-0.3652465;0.4144954;-0.44802296;-0.4649928;-0.5647678;1.3295639;1.1640224;2.1751802;-1.53471;-1.97097;0.5892648;-1.7836307;-0.21903089;0.0022925;1.660476;-0.73467404;0.62753415;1.3957382
0.6437393;0.6634672;-0.31507358;0.51754385;-0.5741413;0.63027734;0.60862297;2.86846;-0.34786475;0.27373263;-0.19499806;1.6463922;1.3692739;0.872827;0.64793706;0.5716088;1.9128194;3.4161367;3.7771738;3.0431514;2.8301601;2.1749663;3.1233466;4.330443;4.2110715;3.778957;3.249794;1.9626114;1.0689518;2.0772393;1.4689525;0.13953456;-0.47427535;-0.86665183;-0.49020562;-0.22798799;-0.42804396;-0.06372139;0.40759316;0.6174015;0.72266394;0.5470988;-0.46159083;0.6283015;1.3046104;-0.079230756;-1.0008026;-0.51512194;0.44503054;0.57800335;-0.36131024;-0.818068;-2.1739364;0.2156767;-1.3007499;-0.22557415;-0.31141484;0.30302572;1.3180623;-2.7295966;0.44784948;-1.5491306;0.496032;0.11067411;-0.88244927
-0.012368772;0.5716584;0.38465685;0.4562157;0.23367904;0.5884061;0.42105272;-0.0954403;1.0379498;-0.52527696;1.1674739;0.35558957;0.6765955;0.15973157;0.024862327;-0.09217212;-0.20975432;-0.463067;-0.57356966;-0.48478195;0.24970713;0.7413366;0.41458344;0.5250993;0.5946645;0.40820938;-0.030517554;-0.48587984;-0.63681996;-0.5338493;-0.47832027;-0.16144066;-0.4396181;-0.18264881;-0.48110127;-0.6326123;1.277881;-0.20860688;-0.20350249;-0.28051934;-0.39463842;-0.55129814;1.2385311;-0.43622747;-0.4247077;-0.49240056;-0.3839288;-0.16160686;-0.681319;-0.39886326;0.6030657;1.9138204;-0.09458824;-0.8627913;0.37028506;0.15526597;-0.5756864;-0.5886056;-0.92453736;-0.12758447;1.0143197;0.5590789;-0.7428536;0.6420044;-0.28698742
-1.2672312;-0.63505894;-0.54365796;-0.4783464;-0.8461978;-1.8992871;-0.4325161;-0.86985195;-0.7464268;-0.06168789;-1.2016677;-0.94705707;-0.65457976;-0.71894634;-0.7062909;-0.7599857;-0.7328545;-0.5876472;-0.50047183;-0.6547407;-0.42920375;-0.30076924;-0.69467837;-0.7876103;-0.86210746;-0.6668016;-0.5824859;-0.6215961;-0.47381157;-0.4887726;-0.85820234;-0.3729116;-0.56796145;-0.7570185;-0.7816179;-0.8351827;-0.43049988;-0.28293478;-0.25905663;-0.31955937;-0.2895929;0.097419806;-0.5760751;-0.1349207;0.7293356;-0.023585813;-0.57095766;-0.4631789;0.5297139;-0.1480125;-0.48539633;-0.62815124;-0.20081459;0.1415229;-0.19587952;0.44777277;-0.25787997;-0.5773372;-0.22205745;0.06517341;-0.38633698;-0.46989116;-1.0751466;1.3156552;1.0402076
-0.5460799;-0.56825835;-0.54365796;0.13704747;2.2174218;0.48381522;-1.0288163;-0.7105714;-0.8865471;1.3754388;0.07570856;-0.42292815;-0.55539286;-0.5366686;-0.4751736;-0.62553596;-0.64636403;-0.748088;-0.6719594;-0.71398485;-0.7640361;-0.42844936;-0.50576407;-0.4925825;-0.18769675;-0.14480546;-0.48277313;-0.62120396;-0.3557864;-0.63598645;-0.64364207;-0.67849517;-0.511334;-0.39377636;-0.23490763;-0.23395753;-0.45123562;-0.29323268;-0.53682745;-0.57982624;0.7704116;0.89357305;-0.7207129;0.2456901;-0.58279014;2.5774195;-0.53929377;-0.45665172;0.54460746;0.17636096;-0.49907374;-1.106941;1.0584246;0.8617153;2.561166;0.18995704;0.290049;0.18900359;0.978757;0.84036946;0.81118256;1.1820784;0.25511262;1.0678661;0.8590885
-0.4272223;0.26793566;-0.09346913;0.15294519;-0.090512685;0.7050102;-0.6378997;-0.0021194448;-0.43032688;-0.6916236;-0.15538517;-0.2329829;-0.333839;-0.09663845;0.19891787;0.11368152;-0.14537016;-0.16737151;-0.2788557;0.5785156;1.8476416;0.46921292;-0.16895127;-0.38996205;-0.21129474;-0.054098994;-0.18169545;-0.22585602;0.039017454;-0.47645202;-0.4167877;-0.15453638;0.03047662;-0.07648585;0.045773108;-0.17006996;-0.37078437;-0.2894174;-0.42571908;-0.35859936;-0.43283677;-0.5734135;-0.56220675;-0.5368203;-0.17800021;-0.48579067;0.14157508;0.24978119;0.45327544;-0.55810636;-0.46240637;1.6160363;0.8804817;-0.5427636;-0.01326805;1.1891423;0.7276328;-1.3270361;-0.19086967;1.2637626;1.2800261;0.7332732;-0.143003;-0.081104085;1.3689157
-0.67459077;-0.1951489;-0.0525117;-0.2815766;1.0503248;0.5205042;-1.139935;-0.5515577;-0.9742758;-0.18712953;0.37382227;0.10611859;0.1044898;0.12837423;-0.30068368;-0.6470954;-0.60620606;-0.45910412;-0.48640028;-0.47061545;-0.6074355;-0.56674;-0.33024162;-0.39429137;-0.5151672;-0.5963902;-0.6681818;-0.5887736;-0.472693;-0.5711376;0.36683658;0.24903461;-0.26062524;-0.44246343;-0.5318932;-0.54477;-0.45114398;-0.29348958;-0.46275526;-0.46270618;-0.5283327;-0.6323878;-0.849002;-0.47565714;-0.40249246;-0.15152137;0.06688336;-0.27966276;0.5499064;-0.55575573;-0.49925205;-0.40320355;1.9630828;0.7412878;0.9594754;1.513934;-1.3539258;1.1514355;-0.8169747;-0.9097645;0.08964109;-0.6672412;1.2167366;0.2717992;0.46933675
-1.2672312;-0.64509314;-0.54365796;-0.4783464;-0.8461978;-1.8992871;-0.17464915;-1.000802;-0.44064945;0.3337269;-0.38935542;0.03491483;-0.44987264;-0.79202735;-0.6300057;-0.4865029;-0.6625292;-0.7150388;-0.7916844;-0.81124115;-0.8160206;-0.90885085;-0.9382332;-0.9053963;-0.92332315;-0.9773455;-0.91409886;-0.99562734;-0.9997088;-1.0183352;-0.85552424;-0.7166644;-0.44171205;0.112299;0.15505221;0.3715776;-0.38446918;-0.27325535;-0.09239424;-0.1373725;-0.24184498;-0.38911864;-0.14297475;-0.15023877;0.39341614;-0.01386865;-0.14212361;-0.38489252;0.44971183;-0.06510806;-0.4474399;-0.037764024;0.14657925;-1.7303258;0.11179135;-0.3243521;1.0707681;-0.06785677;0.2704228;0.9157996;0.34839305;-0.87594813;-1.745968;-0.2103651;-0.25471324
-0.69269174;-0.5166947;3.3856575;6.4384747;-0.23860054;-0.25021833;-0.91919583;-0.6488636;-0.8943964;0.92548454;-0.27743027;-0.33752602;-0.2494663;-0.4613517;-0.6165283;-0.7269533;-0.5294674;-0.5591237;-0.58958673;-0.37915125;-0.2615187;-0.28849867;-0.3120199;-0.43785736;-0.5016805;-0.5566292;-0.73095757;-0.65723413;-0.40200472;-0.44205102;-0.5663671;-0.60392743;-0.54462445;-0.21364304;-0.15306646;-0.21386047;-0.44939914;-0.29253867;-0.46275526;-0.48873284;-0.5474319;-0.41123402;-0.81442374;-0.28439832;-0.10858218;0.59482193;-0.28604597;-0.38382033;0.54545075;-0.34095994;-0.49618453;-0.25351593;0.67532563;-0.35133395;1.4912425;1.4959859;1.0139182;-0.26327032;0.27122295;-0.24946879;-0.17948292;0.5576385;-0.12604155;-0.10405101;0.07556239
-1.2672312;-0.4866327;-0.54365796;-0.4783464;-0.8461978;-1.0972279;1.1351409;-0.45868477;0.6012381;0.03375702;-0.89829165;0.4339558;-0.13938372;-0.18972456;0.9143043;-0.07667518;-0.6851126;-0.53829706;-0.1828127;-0.4343918;-0.41329747;-0.53007126;-0.097951256;-0.31548208;0.123331875;0.012333654;-0.54463947;-0.22024573;-0.13632225;-0.6289095;-0.7180033;-0.92328936;-0.8618374;-0.6202152;-0.4635818;-0.5252652;0.39580378;0.4110461;-0.036840092;-0.21545264;0.02554394;0.62818855;1.1538563;0.13534856;-0.25468743;-0.071319595;-0.9421175;-0.5149752;-0.11907549;0.08231514;0.2582423;-0.8656336;-1.5817198;0.9012268;-0.97975117;-2.8833013;-0.8293653;-1.7613279;-1.4450666;0.17200199;-0.7366072;1.4494854;0.57742333;-0.48235366;-1.3464527
-1.2672312;-0.84279215;-0.54365796;-0.4783464;-0.8461978;-1.1388503;-0.98956865;-1.0561991;-0.9930789;0.92003065;-1.4542509;-1.1968447;-1.0319238;-1.0221826;-0.9480882;-0.81943125;-0.8349239;-0.8463072;-0.9220677;-0.9013446;-0.85172653;-0.6068894;-0.61883986;-0.61292696;-0.72288865;-0.581202;-0.7711421;-0.797823;-0.68457186;-0.54776376;-0.6190215;-0.7065343;-0.82659894;-0.9190671;-0.9245476;-0.67793566;-0.45212078;-0.2913372;0.0742682;0.26604083;0.7417631;1.7339578;-0.8621695;0.8281332;1.6910577;1.7682859;-0.86586285;-0.5079628;0.550995;0.67927814;-0.4996165;-1.5186212;0.14161094;0.6714908;0.124238335;0.50928134;0.0948769;-0.3777455;1.432241;1.2654107;0.67135364;-0.026736239;-0.195598;0.4378259;-0.007619494
-1.2672312;-0.8688741;-0.54365796;-0.4783464;-0.8461978;-1.8992871;-1.0227793;-0.7870835;-0.98062587;0.40462804;-0.80261695;-0.9909132;-0.9658757;-0.9118467;-0.84537226;-0.80352914;-0.7636231;-0.61743087;-0.6179169;-0.80202556;-0.685987;-0.45428848;-0.557596;-0.4602203;-0.64162606;-0.681973;-0.4875489;-0.65642726;-0.3397991;-0.5216435;-0.30146202;-0.32737648;-0.41399568;-0.424532;-0.24035358;-0.08313083;-0.4520871;-0.29305843;-0.42571908;-0.4106528;-0.06040275;2.2499828;-0.8654608;0.5755053;0.90193105;3.0401623;-0.8358019;-0.510858;0.55072093;0.54539615;-0.49966034;-1.0022714;0.22873284;0.22157136;1.4845397;0.66257584;0.50564444;0.53466475;0.71025705;0.4471957;0.5271638;-0.13108268;0.45574975;0.9170777;1.4294784
0.024799211;0.5537619;-0.33181992;-0.41500303;-0.5724851;0.6979944;-0.5346458;-0.30095986;-0.22182994;-0.7543445;0.1914155;0.020666221;-0.23120391;-0.35449246;-0.4176956;-0.4974039;-0.47269168;-0.3416484;-0.44332734;-0.4058369;-0.53860486;-0.41471237;-0.309199;-0.31973052;-0.3803046;-0.3914623;-0.2507511;-0.175338;-0.12637635;0.07386856;0.39638707;0.45350456;0.26980394;-0.02763696;-0.10931233;0.18571162;-0.27624956;-0.29161206;-0.44423714;-0.46270618;-0.5187831;-0.6323878;-0.37406695;-0.5805153;-0.7004357;-0.4185517;1.184651;0.44946235;0.3465807;-0.6389981;-0.3632132;-0.104434334;1.5902609;1.6967742;1.4201607;-0.175842;-1.1822916;-0.17441432;-0.105086476;0.40308496;0.13719755;0.23778506;0.01504416;0.8605194;0.15274644
