standardizeInput
0.0;140.15993;0.7576755;0.038308248;0.03249978;0.1389935;-15.609612;0.94406396;1.2160492;0.07458575;0.09337898;0.14886378;0.33348593;0.53076047;0.7136781;0.8955217;1.0468082;1.1728845;1.2467716;1.2877058;1.340243;1.3959206;1.4613968;1.531053;1.5793667;1.6200439;1.6716424;1.6951056;1.70814;1.7120148;1.6736114;1.5767305;1.4348768;1.246884;1.0445155;0.85559285;0.69289684;0.9445408;0.29542825;487.934;725.75916;1081.328;1604.7234;0.44516093;888.7535;3.6106033;1121253.4;7.894059;203.41382;-0.23135288;0.74144596;0.8501388;24.204084;4.3158474;3.3911908;-6.5025997;-13.510486;-9.99942;-3.6738255;-1.6638507;-1.1592548;-0.7395674;-4.8462906;-4.617513;-1.5306362;-2.4632115
1.0;110.60328;0.13079621;0.07046388;0.067941934;0.16425651;44.432667;0.72016174;0.64271766;0.071038164;0.09239205;0.07800476;0.22302471;0.41041717;0.58664644;0.80163383;0.9486659;1.0913825;1.1499722;1.0872977;1.0595428;1.053908;1.0933526;1.1500001;1.1613866;1.129928;1.1239662;1.0921767;1.0733786;1.0736014;1.0359017;0.9627598;0.91059315;0.8223341;0.69980615;0.5741177;0.46801835;2.0880249;1.0065717;775.21497;1103.1345;1503.2548;1947.3512;0.47268578;1072.5973;0.995304;2211345.2;6.726716;384.38477;0.4193408;0.7292536;1.7002761;13.611746;17.955935;16.794838;15.949906;15.798863;15.740965;14.43774;14.856824;14.8847685;13.072357;13.527387;11.975034;10.629833;10.050073
codebookNumeric
64;65;5;0.0;0.0
-0.0059775156;0.4517894;2.4759686;-0.4783464;2.630348;0.49405357;-0.5211799;-0.37681538;-0.70150644;-0.32075226;0.18539542;0.032682844;-0.020952538;-0.09759371;-0.0015652995;-0.26515996;-0.28550923;-0.1668393;-0.19937761;-0.27702895;-0.33407724;-0.4277443;-0.30425122;-0.1267706;-0.25654724;-0.28847256;-0.26809728;-0.23664527;-0.036875665;-0.46848115;-0.40707612;-0.58196557;-0.44786695;-0.4354127;-0.39697647;-0.34171978;-0.4065734;-0.28665888;-0.25905663;-0.26750597;-0.404188;-0.4923238;-0.6110715;-0.2907871;0.014902718;-0.24390388;-0.53977275;-0.46411565;0.5168703;-0.30108464;-0.46696097;-0.44608998;0.19921862;1.414238;-0.45479017;-0.93429595;-0.48060653;-0.70411813;0.6817965;0.16220197;-1.1682898;1.435233;-0.15571944;0.90258205;-0.5364727
1.1507025;0.82161367;-0.40484655;-0.17006932;-0.38155642;0.79081345;-0.13145053;0.82748747;-0.00739613;-0.49255303;1.0690286;0.004994877;1.7717984;1.0243273;1.4167022;2.3905609;0.53846335;0.2719722;0.18943682;0.9224922;0.43930432;1.1317073;1.0021731;0.2583828;0.30320886;0.57604814;0.81606627;0.6850947;0.3247018;0.33167195;0.07807916;-0.1866781;-0.078494824;0.14954212;0.3346669;0.70392567;0.006417871;-0.27202424;0.037232105;-0.18942593;-0.34689045;-0.5365545;-0.61487365;-0.31415227;-1.6664641;-0.4787962;1.1247422;0.661682;0.25525153;-0.22331995;-0.21580482;0.556181;-0.85098535;-0.20602281;-0.78236693;-1.6876551;-0.91836625;-1.810368;1.3514147;0.34738415;0.8363249;-1.1149071;1.159003;-0.23934321;-2.0646307
0.84115016;0.6238518;-0.34536996;-0.37872997;-0.43103194;0.56172127;0.46740347;1.0625986;0.24717793;-0.49528;-0.092072286;0.0090190815;-0.1745789;-0.17795871;0.1312711;-0.19332069;-0.075220585;-0.15504341;0.0997411;0.108441085;0.014250147;1.0704427;1.9813234;2.1508594;1.1200722;1.3407756;1.4893299;1.4394577;1.8986707;1.8402679;1.2651385;0.62668073;0.52304655;-0.18742318;-0.19974934;0.4914977;-0.07737047;-0.14623037;-0.35164696;-0.345586;-0.45193595;-0.18270837;0.21429858;-0.3837314;-0.38071722;-0.40591523;-0.5955486;-0.4319747;0.08746962;-0.38694602;-0.13162586;0.8750512;-1.3109347;0.65869284;-0.21753319;0.47712475;-0.6990346;-0.9572527;-0.29920986;-0.79428816;-0.54539615;-1.8271303;-0.12068725;-0.5105681;-0.23785096
0.9270491;0.31258893;-0.32774067;-0.23451729;-0.4367829;0.6040335;3.5889037;1.0931141;2.401448;0.29554835;-0.88724434;-0.6629733;-0.59175074;-0.6013411;0.20658599;0.14951496;0.73816514;1.5289782;0.845752;1.2666974;2.7586398;1.9796234;1.0814426;0.69347227;0.9177665;0.23593374;0.3000196;0.96209025;1.2593523;1.3053639;0.2515119;0.30871773;0.7541995;0.11042707;0.1615725;0.3118026;0.2879651;3.6703842;0.3335209;0.057827603;0.19743626;0.20062464;2.7527294;0.2761601;0.62205464;-0.025571935;-0.5273617;-0.45653018;-2.1824877;0.35648093;2.6065216;-1.3072112;-1.6324179;-1.7021087;-0.68584293;-0.9913305;-0.4837549;-0.80041784;-0.94098574;-0.39797118;-1.215475;-1.7598867;-2.4010775;-2.0245929;0.42251968
-1.2672312;-5.792794;-0.54365796;-0.4783464;-0.8461978;-1.8992871;0.31222847;2.7268052;-0.42377996;3.0852635;-1.2449707;-0.9653116;-0.850007;-0.83807826;-0.5330037;-0.3426427;-0.46625173;-0.533591;-0.6064392;-0.31394577;-0.19790493;0.6072261;1.9548721;2.042648;1.17239;3.793409;4.4660883;6.16574;4.764781;3.2911265;3.8207397;4.2650137;5.0179386;4.6638474;4.267648;3.2047696;-0.45151672;-0.12890254;3.0927098;2.9467902;3.3774502;2.7144058;-0.14840667;3.3728478;2.8124359;1.2013382;-1.1130918;-0.52263296;0.5308126;3.0324113;-0.43227848;-3.8685274;0.34559396;2.0642219;1.6646856;-0.81943524;-0.6412789;-0.37330356;0.6265567;2.1463091;-0.85354173;-0.7042742;0.423674;0.17309304;-1.1386702
0.22523622;-0.16754039;10.459945;6.212277;2.3640072;0.47652403;1.187193;-0.013197425;1.0806495;-0.27166638;0.5279629;0.012868366;-0.34440118;-0.06457194;0.16782765;0.52477556;0.45541006;-0.08135028;-0.13813956;-0.1235297;0.48082605;1.1340214;0.8291338;0.10477246;-0.36042726;-0.64010596;-0.64578193;0.18286087;0.06605825;-0.19644184;-0.57012194;-0.5209583;-0.18076223;-0.13067228;-0.39217702;-0.86395013;1.6353087;-0.029815005;0.037232105;-0.16339923;-0.34689045;-0.49969557;1.9320066;-0.22366028;-0.86685514;-0.3770946;-0.20108718;-0.38075712;-0.86833006;-0.140067;0.66218317;-0.66892624;-0.57974815;-0.4796343;-1.4006578;-0.11254317;-2.656764;-0.8202;0.8125923;3.3255255;-1.2800449;0.5989186;0.12862946;-0.33137122;-1.5272406
1.5012392;0.13347681;0.36877126;0.10780724;0.5612131;0.3752421;2.8367145;-0.20678154;1.5095371;0.56824815;-0.13314539;-0.04832439;-0.03283695;-0.014326335;-0.16998585;0.18424371;-0.012824543;-0.26476333;0.124318466;-0.22170222;-0.03357188;-0.06035911;-0.070752986;0.0814882;-0.06951315;0.0073841983;-0.26916486;-0.16133912;-0.56219167;-0.28554773;-0.13615698;-0.3298035;-0.3365341;-0.5381822;-0.41402146;-0.39447507;1.0076303;1.7466315;0.037232105;-0.1503859;0.58896935;0.51024014;3.2379436;0.32287288;0.8165711;0.078966245;-0.90159506;-0.50759166;-1.0658275;0.2969119;0.70349944;-1.4227817;-1.5396763;-0.4553344;-0.8443699;-0.9942725;-1.9605514;-0.5089893;-0.51299214;-0.5616549;-0.32983407;-1.4611114;-0.7112863;0.1041915;-1.4257339
0.57485795;0.36615583;5.4169264;-0.4783464;0.3089685;0.42219815;-0.6484494;-0.6248961;-0.67572385;-0.24439652;-0.10439078;-0.6541088;-0.5382469;-0.49692476;-0.5555705;-0.57938665;-0.45276123;-0.3360783;-0.23853794;-0.16238327;-0.12586263;-0.37809747;-0.26595643;-0.518437;-0.6483095;-0.6365496;-0.5199988;-0.55449873;-0.6175875;-0.68967116;-0.66910255;-0.51216906;-0.34364098;-0.43101794;-0.29784593;-0.34144583;-0.43984154;-0.2762661;-0.27757472;0.005774229;-0.1177003;-0.30802888;-0.43248165;-0.22612546;0.36432958;-0.4506203;-0.8687877;-0.40932032;0.5157902;-0.14623398;-0.46917266;1.5967795;-0.8666526;-1.1996133;-0.011851431;0.97248584;1.3446761;0.21214783;-0.25890428;-1.011748;-1.3284155;-1.1120809;0.7126652;0.24624002;-0.77149576
-0.28408676;0.48515075;-0.4425116;-0.40854245;0.20235972;0.76236886;-0.6713236;-0.8434486;-0.062395297;-0.78979546;0.100247934;0.0562838;-0.0035857141;-0.17124575;-0.6030189;-0.71093714;-0.7893594;-0.6848022;-0.6321783;-0.49039474;-0.6106857;-0.65604365;-0.69125575;-0.5967922;-0.67049885;-0.85704076;-0.6512581;-0.44860226;-0.7297327;-0.6923824;-0.6634198;-0.5469416;-0.50627524;-0.646347;-0.67430586;-0.7320099;-0.36831954;-0.29212934;-0.46275526;-0.5017462;-0.5760806;-0.68399036;-0.677142;-0.66053706;-0.9383919;-0.4976041;2.921341;2.992913;0.28521833;-0.75168175;-0.431173;0.59134334;1.1157092;1.6371803;1.7887164;1.6269927;0.054278556;-1.3329035;-0.28432918;0.03928811;0.040639494;0.40157065;0.21483164;0.10893197;0.16434956
1.9919506;-0.061975133;-0.047429383;-0.09185636;-0.27824745;-0.20558879;0.39636654;6.735489;0.15841976;0.3446349;1.6856091;0.609995;-0.10029935;0.71181697;1.2301193;0.9493223;8.158675;15.54128;4.8484497;5.636879;6.151001;4.3767586;3.944523;4.1982126;5.6547766;6.3524933;4.69308;6.2882533;6.0896945;5.87864;3.8480506;3.4937315;2.7216396;1.5786164;2.7514849;3.169053;-0.44747427;-0.15876839;0.3335209;0.04481426;-0.10815067;-0.27117008;0.16525598;-0.003090062;-0.8552004;-0.43290588;0.0012200372;-0.20783295;0.18487132;0.13022004;-0.105191916;-0.5199814;-1.8842264;-1.2392582;-0.544775;0.49401754;1.6533751;0.8055334;1.6535069;0.09867254;-0.8433829;-1.2299848;-0.62285805;0.61831725;2.4771714
-0.4543725;-0.31338096;-0.54365796;-0.4783464;-0.8461978;0.3928044;0.3273279;3.0719693;-0.26692834;0.5137078;-0.6495777;-0.34752086;-0.42957038;-0.5598264;-0.36413482;-0.2707531;-0.15407747;-0.27753398;-0.13914658;0.38665926;0.33431986;0.49711612;1.6059616;3.425902;2.9002771;3.8864431;4.549246;2.427045;2.728444;3.5304155;4.6904798;4.306705;5.223728;6.939254;7.171495;5.3682537;-0.31410158;-0.20095637;0.5742556;1.085882;2.269698;1.6381245;0.5835174;1.6651753;1.9753009;1.4786558;-0.841824;-0.4779811;0.4123641;1.5665101;-0.40658647;-1.6004777;0.15613739;0.16864547;1.2500042;-0.81370187;-0.2834413;0.32830375;-0.25945157;-0.049196616;-0.26309425;0.47912332;0.76486933;0.8086333;-1.057435
-1.2672312;-0.54319084;-0.54365796;-0.4783464;-0.8461978;-1.8992871;-0.25495285;-1.1046658;-0.56964976;-0.18167563;-0.27991974;-0.59996504;-0.4929625;-0.3496435;-0.53333825;-0.5868344;-0.54298586;-0.7423737;-0.8201255;-0.6147628;-0.6697628;-0.90077037;-0.93799585;-0.82097036;-0.8049664;-0.87346125;-1.0397904;-1.08369;-0.95660734;-0.8240728;-0.86891747;-0.93735576;-0.9493792;-1.0025846;-0.8847658;-0.95745057;-0.406925;-0.24373825;-0.036840092;-0.08531918;-0.13679944;-0.16059324;-0.3603904;-0.14971292;0.5312696;-0.41378218;-0.5852187;-0.3905821;0.4918106;-0.06409546;-0.45347953;0.48757195;-1.1652904;-1.1423494;0.0678592;0.43963978;-0.22546521;-0.41177607;-0.33480468;0.012595985;0.37119266;-0.3480532;-0.32888377;-0.490779;0.6520923
-0.38524002;0.37784198;0.6319455;0.49446854;0.9803258;0.60046977;-0.45590326;0.65093255;-0.31983444;-0.64526474;0.40054378;0.2831766;0.24161324;0.73176944;1.1265996;0.29385346;-0.13209155;-0.086774744;-0.2750327;-0.092755035;0.11704852;0.054518756;0.73162353;2.010267;1.9669659;1.9458677;1.3335447;0.3524293;0.029159049;-0.22400816;-0.1983813;-0.2154484;0.41485807;0.33036083;0.14401132;0.094652414;-0.28600124;-0.28801772;-0.35164696;-0.35859936;-0.43283677;-0.5660417;-0.28861463;-0.5095632;-0.06686928;-0.47521842;-0.015348113;-0.11340933;0.3992325;-0.5190508;-0.43604317;1.1077083;0.43568507;0.35118893;1.7043511;-1.4265105;-1.4077772;1.606749;-0.39171624;0.20815612;0.6480517;0.92404306;0.4552738;0.45314428;0.35644028
0.8086503;0.7397584;-0.26911557;-0.29201403;-0.36998475;0.69982165;-0.7503122;-0.3890831;-0.633838;-0.5716359;-0.68716013;1.159922;0.9630268;0.50697815;0.14759015;-0.24040352;-0.4654522;-0.36377987;-0.13227545;0.24988893;0.06729081;-0.17998931;-0.39822596;-0.26610923;0.17412186;-0.15198803;-0.6128437;-0.54249454;-0.5704164;-0.7233021;-0.84926814;-0.68860376;-0.6796316;-0.6431973;-0.59124714;-0.4493199;-0.40810037;-0.29179737;-0.35164696;-0.42366615;-0.49013427;-0.5807853;-0.73889154;-0.5330428;-1.1243012;-0.48996583;0.11275339;0.114008114;0.5025414;-0.55129784;-0.46734232;1.2659254;-0.17813751;-1.045566;0.32595727;-1.0573307;-0.49243742;-0.9835123;-1.8587512;-2.046094;-0.48231003;-0.52618957;-2.6465602;-2.0068352;-1.2145802
-0.40517113;0.5048532;-0.54365796;-0.124151744;0.060409136;0.7196553;-0.49542376;0.8087591;-0.38889182;-0.56345487;-0.16641766;-0.41941553;-0.20754437;0.046311866;0.8080402;1.1491208;0.83157885;0.14412731;0.3758311;0.90387;1.7936274;1.5872183;0.5574339;0.13532647;0.2696668;0.5163221;0.30008093;0.44074768;0.97710776;0.91056764;1.0041927;0.19710356;-0.023834635;0.20504329;0.123356625;0.12737714;-0.26196608;-0.28965145;-0.09239424;-0.22846593;-0.38508883;-0.5439263;-0.6158476;-0.4155645;-0.42401952;-0.49158713;0.4833429;0.61638236;0.40836152;-0.36379302;-0.3995935;1.4501892;0.54339874;-0.5490778;-0.69777274;0.6151314;-0.21475047;-1.6827561;0.85097265;1.0207781;1.3563;1.0969107;-0.8827973;0.6682844;0.5242987
-0.2514223;-0.4180904;4.608011;2.6084278;1.0739118;0.4235428;1.9754231;5.279932;2.3278565;-0.17622155;2.5184054;6.371352;7.036887;2.822088;2.698553;6.815656;6.424728;5.510714;5.30602;4.2281494;3.01609;2.705532;1.3118486;1.1821173;2.9897916;4.275145;1.627369;2.8654497;4.843388;2.7348344;4.5920444;5.1928506;4.338503;2.9937854;2.9497924;6.944502;0.56438327;0.5217115;0.018714055;-0.16339923;-0.22274576;-0.36700326;3.3876526;-0.22001614;0.01588317;-0.39569128;0.064053975;-0.2660894;-2.2822611;-0.14352123;1.7242159;-0.12672909;-0.20890439;-1.0377129;-1.1703109;-0.5035517;1.206109;1.3221519;-0.86311775;-0.31229025;-0.22252363;-0.6585285;0.2904149;-0.45437172;0.016252082
1.5591905;1.0551864;-0.5211662;-0.45087615;-0.603199;0.647121;0.9407749;1.0417107;0.17481618;0.6200611;-0.8142801;-0.5234713;0.5534336;0.3243251;-0.5299765;-0.6777055;-0.40267614;-0.6840147;-0.38948432;-0.62448144;-0.12704204;0.10118619;0.68324697;0.9909615;3.0268028;1.9550182;2.1262891;2.9480119;2.1665533;1.435218;0.66563684;1.471472;0.64952075;0.47324172;1.0053917;0.63424635;-0.3096604;0.73328084;1.2409048;1.3071089;0.7513124;0.6134448;-0.28783906;0.9021974;0.07188628;-0.09754108;-1.1544883;-0.5107046;0.25021338;0.7268871;-0.120365426;-1.4625835;-1.1665713;1.9496282;0.7840494;-2.032987;-1.439103;-0.6811346;-0.37006032;-1.9301412;-0.18297009;-1.3705397;-0.18812983;-1.6964138;-0.543621
0.16161159;-0.16030149;3.9408708;3.9947906;-0.63093525;0.43817115;1.5600568;-0.34113008;1.140002;-0.06986883;0.45890176;-0.5862737;-0.21811874;-0.11890267;-0.4807987;-0.39048922;0.014517901;0.30480862;0.5854305;0.62764347;0.16376229;-0.068118736;-0.33889818;-0.41529295;-0.30143946;-0.12382081;-0.23876224;-0.4969663;-0.23383711;-0.59517276;-0.742439;-0.8296552;-0.8037507;-0.72805864;-0.8259084;-0.69905233;-0.20648059;0.70742875;0.24093057;0.018787572;-0.1272498;-0.19008048;1.2474674;-0.031202951;0.2503905;-0.41647512;-0.28113648;-0.3184144;-0.5959564;0.09081717;0.529003;-0.05709079;-2.0068822;-1.7180512;-1.1281691;-1.0597175;1.2010252;-0.70800173;-0.80345565;-0.2683506;-0.33905244;-0.53544706;-0.8165411;-0.1384728;1.6639633
0.9260039;0.42585838;1.1812584;1.4327532;-0.14058441;0.5181582;2.016754;0.28759253;2.9697185;-0.09168478;-0.9799686;-0.3463384;0.28118345;-0.27919456;0.04370161;0.42539605;0.67961;1.2726225;2.4461474;1.6346682;0.0105667785;-0.50388545;-0.30897987;-0.19038767;-0.40612128;0.39278108;0.428053;-0.24837841;-0.13031915;0.062567346;-0.033101153;-0.07288303;-0.22196202;-0.38367185;-0.478512;-0.41656154;-0.07281366;6.386454;0.4631473;0.22700107;-0.06040275;-0.29328525;4.431272;0.033629112;-0.6961294;-0.48182148;-0.1434219;-0.1438991;-3.3080306;0.18560603;3.2844384;0.06455344;-1.3732935;-1.5506808;-1.6890959;0.02323179;1.7096277;2.4297225;-1.1113613;-1.5613939;-1.0168236;-0.10291799;0.7809407;0.050114717;-2.3612506
-1.2672312;-0.583329;-0.54365796;-0.4783464;-0.8461978;-1.8992871;-0.10124778;0.58251214;-0.52097267;1.6481377;-0.8829971;-0.6878235;-0.3874927;-0.25299144;-0.3883863;-0.45499656;-0.52361387;-0.33342898;-0.17529581;-0.46756163;-0.20731287;-0.11782279;-0.07407644;0.25412586;0.13450956;0.20164178;0.21477886;0.1498241;0.38515157;1.2561102;1.5595391;1.8935692;2.5883784;2.823164;2.9558034;2.7141716;-0.40791753;-0.28175917;0.0742682;3.1159632;3.61619;3.7169695;-0.17696731;2.9292424;2.435348;5.327447;-1.0909234;-0.52237695;0.53498477;3.07128;-0.45114106;-1.513716;0.7544282;-1.481925;0.23265627;-0.14972183;-0.6147571;-0.12586196;-1.5363075;-1.291999;-0.66050076;0.24127932;0.52163905;0.6677363;0.41097936
-0.6343006;-0.46170375;-0.54365796;-0.4783464;-0.8461978;-0.3045554;-0.9910184;-0.5692425;-0.94132787;-0.24712348;-0.19248547;-0.3123803;-0.16299896;-0.23386063;-0.2096722;-0.59092486;-0.6272159;-0.7086267;-0.8550648;-0.8502147;-0.887001;-0.81178707;-0.71949166;-0.8044646;-0.7894577;-0.7635987;-0.5320097;-0.73543805;-0.29902795;0.3295018;0.51467925;0.41027457;0.32176822;0.14951079;0.06926477;0.5175372;-0.44953585;-0.2932183;-0.38868302;-0.3976394;-0.42328718;0.11953499;-0.8222613;-0.15562616;0.44125682;0.7308034;-0.32820448;-0.40980825;0.5486939;-0.17953354;-0.49871275;-0.43390498;1.1215725;-0.4135454;0.5469126;1.6653455;-1.275662;-0.5831172;0.6142118;-0.24955353;0.930031;-0.2179805;-1.1989658;0.5793704;1.1128716
1.4336373;0.39521074;1.7148736;2.4787095;2.0575225;0.42503276;0.54433197;-0.33542293;0.8153088;-0.30166337;-0.25014982;-0.40863958;-0.38272974;-0.5432102;-0.18538797;-0.14196543;-0.23637624;-0.28900072;-0.41175118;-0.42770448;-0.37376663;-0.29089594;-0.38121727;0.0010696524;0.066006064;-0.091914184;-0.13729051;-0.24884231;-0.3052137;-0.30172974;-0.2790805;-0.19989909;-0.35546502;-0.16694911;-0.013189236;-0.30110106;0.9655825;-0.157045;1.9596695E-4;-0.17641264;-0.35644004;-0.51443917;1.4958987;-0.26957384;-0.9320421;-0.42284378;-0.206609;-0.3356838;-0.3832828;-0.19493422;0.43461248;0.04473679;-0.56183213;-0.4245572;0.50465786;-3.542276;-0.74442196;0.8304642;-1.2585691;0.55694175;0.7952476;0.869693;-0.41562352;-1.0325696;-1.3732796
0.70318776;0.2846072;3.9527106;-0.4783464;1.5886956;0.41369283;3.2777765;-0.077524155;2.928425;0.01466802;-0.04579688;-0.020589788;-0.07683957;-0.06470565;-0.049999613;-0.121272005;-0.13554873;-0.18019614;-0.21100363;-0.18684185;-0.13814361;-0.11376182;-0.11855912;-0.113911875;0.0055677453;0.124076314;0.10890125;-0.0051575094;0.014005409;-0.02295434;-0.03193167;-0.021022283;-0.00940124;0.059314363;0.07036183;-0.03308017;3.3947597;3.2506256;-0.05535818;-0.16339923;0.178337;0.45126566;2.785015;0.14115505;0.5054621;-0.08952834;-0.8652491;-0.5029559;-2.9888318;0.123797566;2.1489093;-0.62514794;-0.80613947;-0.22733256;0.042280607;-2.4966843;-0.20477459;0.875324;-1.5046203;0.5833897;0.85663265;0.57548296;-0.8002555;1.299482;-0.7813295
0.8996575;0.50181;-0.4943564;-0.4206551;0.026603483;0.64253163;1.9182595;1.195797;0.14013757;-0.56345487;-0.27077672;-0.3922697;-0.28156027;-0.4137893;0.048959624;-0.19479582;1.8296385;3.4173534;0.7593433;0.4994211;0.75601226;0.71165526;1.0666225;1.6844274;2.6843069;0.5618627;0.6483251;1.2920147;0.83001304;0.17415898;0.34166107;1.2606676;0.8336965;0.13058123;-0.5267568;-0.48263377;-0.2702587;0.11351866;0.2594487;0.005774229;-0.21319622;0.22274034;0.5115907;0.040282167;-0.1904476;-0.2970428;-0.7631036;-0.49107787;-0.27041256;0.1105495;0.38820237;0.10603386;-1.812883;0.9619085;-1.8558574;0.6436999;-0.7295239;2.5228806;1.1720546;0.31939182;-0.83575994;-0.7433024;1.3217744;-3.0959406;1.6940088
-0.10510111;-0.0013543589;4.08588;-0.4783464;2.7395284;0.52735794;-0.40132204;-0.23342937;-0.15051349;-0.4680101;-0.0070569883;-0.06493193;0.019547008;0.016687166;0.15306155;0.3682537;0.14702508;-0.15829302;-0.13283186;-0.17398734;0.037379336;-0.012886806;-0.39303735;-0.3715461;-0.35323298;-0.36392498;-0.3520315;-0.30947888;-0.27889287;-0.28349936;-0.3730011;-0.26526976;-0.18307398;-0.19587576;-0.14430067;-0.16500147;-0.17648454;-0.29012385;0.018714055;-0.16339923;-0.34689045;-0.5070673;-0.017796626;-0.33935645;-1.0420599;-0.48479924;1.8976111;1.5499172;0.3617318;-0.25372884;-0.30976343;0.90624195;0.3846323;-0.76057696;-0.40693218;-0.8540977;0.018136453;0.023431396;0.43398368;1.5593628;1.6680256;-0.17477143;-0.7464435;0.036048938;-0.29852954
-1.2672312;-0.70381635;-0.54365796;-0.4783464;-0.8461978;-1.1333286;-0.44703054;-0.9723968;-0.8402319;1.3181709;-0.63577396;-0.7123194;-0.7814626;-0.61629796;-0.6597839;-0.6658943;-0.64373296;-0.57257897;-0.6646454;-0.72309065;-0.7360357;-0.6615752;-0.7051563;-0.66978437;-0.59455216;-0.5720754;-0.7267946;-0.6450241;-0.8150232;-0.88560987;-0.8622666;-0.8533629;-0.70770156;-0.7905164;-0.84490204;-0.93751633;-0.4492985;-0.2764617;0.42611113;1.0598552;1.27654;1.1147269;-0.69097704;1.045103;1.9426976;0.6387906;-0.8680141;-0.49520713;0.5444825;0.855191;-0.49322626;-1.5586793;-0.29865912;-0.3596611;-0.45938206;0.55035716;-0.21787165;-0.20774736;-0.23576583;-0.06986963;-1.0899214;-0.6489169;0.49317732;0.5956853;0.12276792
-1.2672312;-0.563164;-0.54365796;-0.4783464;-0.8461978;-1.8992871;0.47952715;-0.4709385;0.6462942;-0.16258663;-0.45730382;0.037913576;0.25521412;0.1644136;-0.33670458;-0.41820705;-0.5273505;-0.6630573;-0.6212258;-0.61826634;-0.5924378;-0.5315496;-0.5943494;-0.81923944;-0.6628914;-0.36611196;-0.19965504;-0.09311349;-0.36694518;-0.19020669;0.15478477;0.029104384;0.24413683;0.045283288;-0.15619361;-0.24778971;0.6363335;-0.1460593;-0.31461078;-0.3976394;-0.49013427;-0.51443917;2.4153168;-0.4252811;-0.59346324;-0.2951507;-0.008317888;-0.29040775;-0.31714976;-0.45942956;-0.14937292;-0.6492462;0.75909567;1.4178433;-0.4325781;-0.391205;-0.80321246;-0.5034468;-2.3200896;-0.76708513;0.16376905;-0.7936329;-0.4049916;-0.6811416;-0.77251565
-0.3859641;0.39857388;-0.07668394;0.2173316;-0.09780376;0.7173326;-0.6091277;0.17924322;-0.6215732;-0.6261758;1.443098;0.7627965;0.59413487;0.8610499;0.89548653;0.9763877;0.4526301;0.6338679;0.4720062;0.58671534;1.4185094;0.7885583;-0.19811296;-0.18456703;0.08090353;-0.03831474;-0.5587626;0.049293924;-0.10485807;-0.66035295;-0.7980467;-0.8445626;-0.5596986;-0.49202922;-0.50895095;-0.027118286;-0.40728045;-0.28654194;-0.25905663;-0.25449267;-0.3755392;-0.46283656;-0.7370443;-0.41501585;0.33106825;-0.4668011;-0.6450285;-0.38447475;0.50808823;-0.3863248;-0.48270476;1.6670489;-0.5146638;-0.52629524;0.54355615;-0.32177663;1.3385386;-0.7995278;-0.16517556;1.3354756;0.49350932;1.8676904;-0.33592308;-0.0122337565;1.717372
0.061687827;0.62559074;6.5355527E-4;0.5330646;-0.069428585;0.6865105;0.65742046;-0.41361648;2.0293112;-0.5661819;1.891299;1.4015287;0.9621242;1.4837419;2.0928824;0.9551621;-0.27954552;-0.5127139;-0.65263367;-0.61157525;-0.6966336;-0.5677695;-0.7267071;-0.85952353;-0.7531889;-0.596569;-0.67300004;-0.56536996;-0.29855105;-0.2977294;-0.47893095;-0.63672245;-0.7549912;-0.5162595;-0.25262237;-0.2534681;3.039487;-0.27334607;-0.07387615;-0.2414793;-0.404188;-0.5660417;1.2378141;-0.4205016;-1.3128805;-0.4891394;1.545842;0.9469332;-1.9074203;-0.36823466;2.0916057;0.51555;1.02542;0.40370023;-0.590122;-1.1444662;-0.30367073;-0.99804497;0.41942772;0.111120805;2.114675;1.0927376;-0.88737845;0.89939654;0.3838286
0.45968056;0.6379144;-0.4362402;-0.3751677;-0.5117463;0.6841751;-0.37020564;0.65480363;-0.6668845;0.4946196;-0.13202636;0.24795845;0.26606813;0.7243578;0.7245868;-0.5645902;-0.58361864;-0.4584687;-0.35155413;-0.48419216;-0.6671603;-0.682156;-0.56595373;-0.32910633;0.36904937;1.2732407;1.6640984;2.409684;2.2344239;1.8761015;1.2705802;1.3785192;1.276328;0.4685119;0.29656658;0.5115585;-0.40936187;-0.27340093;-0.14794838;-0.306546;0.063741654;0.34806082;-0.6464011;0.06292333;0.043570325;0.12289018;-0.8619622;-0.5092394;0.5140412;-0.03812112;-0.45882457;-1.0285914;0.13608606;2.2292445;-1.6833998;-0.33426353;-0.2139551;-0.3922507;-1.7050616;-1.3658503;0.50192887;-0.93534833;1.3779588;0.12631766;0.7082026
1.5484548;0.390316;0.17626975;0.09072924;0.9961706;0.60976493;1.9944439;1.7805747;3.5566568;-0.3725652;0.2788859;1.021459;1.837461;0.68979186;1.153325;3.030137;2.5296407;3.8848615;3.137165;1.9536973;0.5325079;0.5419087;0.72559214;0.6664381;0.5258124;1.9359734;2.5793707;1.5536866;1.405043;-0.016446;-0.1615393;-0.26161936;-0.020495377;0.16394046;0.7686405;0.39446068;6.810886;-0.04881763;0.037232105;-0.1503859;-0.2895929;-0.40386227;5.3778625;-0.26604027;-0.96973526;-0.4851762;0.50631994;0.24462333;-5.2936473;-0.15909682;5.522839;0.6043139;-0.88656574;-1.0982792;-2.0471334;-2.0104117;0.9367311;-0.26220614;-0.13215284;0.32536185;-1.5318379;-0.31343722;-0.25038978;-0.37153986;-1.2173651
-1.2672312;-1.2840102;-0.54365796;-0.4783464;-0.8461978;-1.8992871;-0.5625019;1.815803;-0.85924846;2.0980918;-0.91717774;-0.9281336;-0.812858;-0.61470234;-0.56240565;-0.66230035;-0.68910015;-0.67318016;-0.62710875;-0.673867;-0.62343603;-0.5997115;-0.20874602;0.10098736;0.80288935;1.8212155;2.5323699;4.0169353;4.9852304;3.1962867;2.8331256;3.1565099;3.7566292;4.7060094;6.416361;5.107663;-0.45189077;-0.28250012;3.7223234;4.026898;3.5588923;2.7512648;-0.67576;3.697776;2.8164525;1.1620951;-1.2419428;-0.5223692;0.55037695;3.3867505;-0.49346584;-3.2064862;0.8626603;1.3069574;0.34987354;-0.49353644;0.32460997;-0.57659614;-0.75176424;0.3678396;-0.46869516;0.36666802;0.20254517;0.62772644;-0.49689218
1.6386997;0.9671125;-0.3709777;-0.39698955;-0.0042068143;0.598277;1.5990603;0.046363663;0.63634175;0.3800848;-0.97732764;-1.0330274;-0.011379305;0.35137257;-0.6907911;-0.18930914;0.4570996;-0.4638659;-0.684473;-0.37438363;-0.029588541;-0.063015215;-0.46647114;-0.48251343;0.16956756;0.038956307;0.080743805;0.102252826;1.2133427;0.9776127;0.7358331;0.31361562;-0.113856316;0.5016682;0.06114432;-0.10429156;0.18940923;0.27724293;0.018714055;-0.08531918;-0.13679944;0.45126566;0.40705156;0.119736016;0.21159427;-0.04259641;-0.80846125;-0.50037384;-0.15075235;0.12162279;0.23812556;-1.5138277;-1.1809058;-0.083288975;-1.1388369;-1.8198178;-2.3363633;-1.2636474;-0.6052841;-0.35708478;-0.01611916;-0.23890406;-2.9458888;-1.6441456;-0.27984667
-1.2672312;-1.0815194;-0.54365796;-0.4783464;-0.8461978;-1.8992871;-0.84687954;0.9374159;-0.9546767;1.0209289;-1.2661364;-1.1851199;-0.7490658;-0.5800419;-0.645276;-0.6548252;-0.54134226;-0.20790987;-0.14068623;-0.31490752;-0.17957507;0.057814106;1.6811166;1.292427;0.05215032;-0.062432863;1.087992;1.2898599;1.6898128;1.7811996;2.0150888;2.157607;2.1979861;2.3380425;2.120708;2.214313;-0.45098785;-0.29238245;-0.22202058;0.47425482;2.1742015;2.3458166;-0.82987493;1.4001225;2.2145612;2.5558612;-1.0351546;-0.5220923;0.5502083;1.2905306;-0.4984013;-1.5838083;0.67047596;0.010284067;0.34785917;0.9802356;-0.8380363;0.50201666;0.48098636;-0.10466023;-1.1846519;0.31743416;2.0147696;1.1575437;-1.0651205
1.1389128;0.9362844;-0.43192625;-0.4064192;-0.3545671;0.61943126;2.5927024;3.9843762;2.577242;-0.2989364;-0.3071809;-0.33019492;0.254332;0.111648664;0.12441781;0.48218843;2.500475;4.9864764;3.2482746;3.3608713;2.626577;3.6810474;3.9438543;3.847403;5.300743;3.571217;4.380969;5.811766;2.3269832;2.3180614;2.6475217;1.3872422;1.8121259;2.2058172;2.121936;1.3034195;0.00979006;1.0905142;0.37055698;0.04481426;-0.1749978;-0.19008048;0.8213406;0.01123423;-0.7817504;-0.4128216;-0.47475725;-0.40691608;-2.7430675;0.13128282;3.1178532;-0.18698812;-1.820116;-1.3268726;-0.311247;-1.5664301;0.84238607;0.69964045;0.1220555;0.10284668;-2.38546;-1.3811862;-0.48473823;0.9339222;-1.2604764
0.54340136;0.5808413;-0.34749573;-0.30056432;0.13899724;0.6087659;-0.14282262;2.1782253;0.07094617;-0.51436895;-0.0060672676;1.4815441;2.2262971;3.3316555;2.683106;3.843434;3.7644157;1.3626194;2.0753524;1.9535381;1.7469573;2.7287147;2.8465388;1.7557085;0.74259174;0.7285607;0.7114722;1.2182459;1.0308586;0.7847218;1.0249696;0.69995165;0.1643882;-0.021482354;-0.179716;-0.07939639;-0.14476317;-0.2739883;-0.35164696;-0.37161273;-0.39463842;-0.5070673;0.1326056;-0.47002047;-0.48666275;-0.48198834;-0.63671386;-0.36007398;0.19472751;-0.46102762;-0.20568876;1.7429466;-0.27637526;-0.3138235;-0.23974502;0.5327643;-0.830038;-0.5386698;0.7993869;0.19700748;-1.2895901;-0.8112343;-0.0016935137;-1.2835088;-0.9053285
-0.6947181;-0.05744222;-0.54365796;-0.27734917;0.052579917;0.70943195;-1.1768069;-0.60640484;-0.9875955;-0.4352862;-0.06608415;0.009548515;-0.25208712;-0.6332283;-0.73910016;-0.58725536;-0.5978281;-0.64490557;-0.5328942;-0.4047141;-0.38087067;-0.37560242;-0.27893126;-0.37058523;-0.38412526;-0.5822448;-0.5008206;-0.6010666;-0.6332237;-0.2353837;-0.4170693;-0.20532194;-0.25910628;-0.27115524;-0.30900156;-0.3558492;-0.45225778;-0.29347807;-0.53682745;-0.5537995;-0.614279;-0.71347755;-0.8676176;-0.6711245;-1.0547775;-0.39990035;1.0593076;0.1807522;0.55044043;-0.79269135;-0.49979317;-0.3038144;0.9013283;1.1303461;1.3536041;1.49403;1.538489;0.4662627;0.8619682;-0.1075902;-0.20160483;0.22110572;-0.3829851;-0.2760904;-0.12944059
-0.008949304;0.51389307;-0.082707465;-0.22542807;-0.19193763;0.51969635;-0.1649146;1.4277775;-0.3078969;-0.14077067;0.41961953;-0.29932836;-0.3467666;-0.50678223;-0.4330806;-0.51630914;-0.38737148;-0.42527896;-0.35567746;-0.46645364;-0.5152561;-0.24582264;-0.2828634;-0.45595473;-0.6474869;-0.36418566;-0.22709101;0.40544686;1.5124731;3.3130188;7.5382276;8.170138;4.2697473;2.747623;3.3224585;5.318841;-0.36724988;-0.28409183;-0.46275526;-0.42366615;0.4361762;1.0631244;-0.3944919;0.27207926;0.5336689;1.3002396;-0.76422083;-0.4961541;0.43046075;0.16080841;-0.4071232;-1.5694225;2.3100235;1.6240376;0.8182001;0.6187104;-1.8285391;-0.7017424;0.7877404;1.1436849;0.23477574;-0.57486784;0.551951;1.7990776;0.40339354
1.7319835;0.41973048;-0.3473379;-0.25002748;0.10008675;0.4804693;-0.30492043;-0.84727466;-0.5247913;-0.19531055;-0.1709546;-0.26822057;-0.58279496;-0.645708;-0.65407383;-0.5763328;-0.63316953;-0.70013976;-0.649504;-0.64270556;-0.71994764;-0.44836774;-0.49679914;-0.28846434;-0.5556793;-0.6504473;-0.71171695;-0.57605493;-0.37018102;-0.6427265;-0.8899102;-0.9515964;-0.82776076;-0.5814766;-0.7201754;-0.672327;-0.37898344;-0.2779201;-0.22202058;-0.16339923;-0.2895929;-0.41123402;-0.5439447;-0.28213525;-0.43687892;-0.37870255;-0.3053997;-0.36946973;0.4777922;-0.23389262;-0.42821327;-0.32952458;-0.65934235;-0.38551915;-0.83779997;-0.57881975;-1.8371168;-1.0584817;0.40208057;0.30445048;-2.6385357;-0.49866465;-1.1804322;-0.51256746;0.6919966
-0.36020836;0.23956339;-0.48521498;-0.46996385;-0.2530964;0.7828387;-0.5636796;-0.5121705;-0.33932114;-0.7379826;-0.015944798;-0.12843658;0.07926462;0.2886757;0.025243167;-0.5038129;-0.72198075;-0.7195866;-0.580451;-0.60052156;-0.5504791;-0.7041973;-0.71138805;-0.4595142;0.33711;0.20562418;-0.08719611;0.003425642;-0.66019833;-0.678484;-0.50676763;-0.2897186;-0.54597527;-0.54327786;-0.2608814;-0.14033031;-0.30769825;-0.28758547;-0.4072011;-0.3976394;-0.49013427;-0.61027247;-0.65505105;-0.5611658;-0.2951796;-0.47659588;0.28109586;0.07788885;0.39713833;-0.6006106;-0.44560802;0.88190275;0.6520224;1.2406174;2.3059027;-1.3739794;-0.8085774;0.7847006;-1.5913509;-0.10585345;1.2448641;0.041070063;0.48488158;0.22374235;1.0489299
0.4185334;0.7002432;-0.42681602;-0.38573945;-0.6950595;0.6129763;2.6205573;1.0852088;2.0660577;0.30372977;0.39747852;0.42253914;0.012179955;1.4486525;0.79335004;-0.020377265;-0.23778719;-0.18664417;-0.20479834;-0.03046313;-0.21651949;-0.12771527;0.6626878;1.9950964;2.3327887;1.9571465;-0.24636541;1.4414523;1.2079271;-0.20765813;0.9376393;2.1775334;1.5069567;1.3834423;2.2222395;2.1197484;1.5074309;3.632429;-0.1294303;0.46124092;0.5698702;0.2964579;1.7985204;0.36982614;0.38437364;0.18355326;-0.7796429;-0.49066883;-1.6259435;0.33915132;2.1723778;-1.1656199;-0.41716117;-0.23584215;2.1824477;-0.8309044;-3.1703246;-0.6930887;-0.20199151;-1.1587043;-0.5830359;1.071558;1.9147916;-2.2218988;2.205052
0.037809633;0.5534698;1.4946247;1.5810093;2.5190783;0.42900997;-0.17384616;-0.6804863;0.3492555;-0.6207217;-0.67714363;-0.67168933;-0.3335086;-0.24217312;-0.3127849;-0.47209227;-0.43483782;-0.29916635;-0.28639898;-0.32575607;-0.24348293;-0.2952587;-0.41183645;-0.55402845;-0.6024711;-0.7422046;-0.96087676;-0.70213133;-0.76750976;-0.74397;-0.41268703;-0.48420858;-0.48275548;-0.55725074;-0.49091876;-0.4252443;0.17923169;-0.28394273;-0.37016493;-0.345586;-0.45193595;-0.58815706;0.4357744;-0.5371959;-0.5091854;-0.4914458;0.37710387;0.38985306;-0.026194248;-0.5520526;-0.005130741;1.3604864;0.61488986;0.27759668;0.2947512;0.44498387;0.3247864;-1.2193698;-0.42404592;0.47198808;0.05177333;0.83885306;0.28938392;0.19355959;0.94876266
-0.304408;0.47743884;0.09640558;-0.31851843;1.4032235;0.59891504;-0.966996;0.10336554;-0.6348703;-0.79252243;2.3231497;3.510898;3.2691553;1.0055867;0.22226515;0.54063046;0.076168135;-0.0697952;-0.25051448;-0.29707062;-0.092961274;-0.07889481;-0.25814426;-0.300642;0.027515152;0.25692102;0.14109477;-0.24807833;0.049149673;0.13400649;7.6186686E-4;-0.20247993;-0.31087008;-0.1809715;-0.22785963;-0.31374094;-0.4383374;-0.29335243;-0.46275526;-0.5017462;-0.5760806;-0.69136214;-0.63515687;-0.663455;-1.098076;-0.4966291;3.9849062;4.0401583;0.4976451;-0.756597;-0.48399946;0.44648835;1.4472103;1.6658212;1.5056195;0.98881507;1.0318863;-0.12524687;-0.67342514;-0.4604333;0.4361926;-0.27771312;-0.73166037;0.6399268;-0.060300108
3.2694361;0.4262079;-0.011618395;-0.22764362;-0.17005111;0.558633;1.3106959;8.755617;1.8038015;-0.48982605;0.5470452;1.0975424;1.286385;7.410617;12.120694;5.8251486;6.270194;15.3321;17.96868;9.876087;13.1702385;8.190105;6.651728;3.76306;3.4807432;3.0888267;1.9252137;2.7340112;2.8790953;4.3942065;4.9575205;4.4907665;3.0464542;2.3830206;2.9336061;3.7871785;2.142369;-0.03635583;-0.07387615;-0.22846593;-0.30869204;-0.36700326;1.8011775;-0.28982922;-1.1371263;-0.4254212;0.56049794;0.008454236;-1.5689718;-0.20559181;1.7368028;-0.06956081;-0.6161363;-1.7922354;-1.7751172;0.2413648;-0.7121349;-1.9389629;-0.55825067;-0.6712348;0.46346143;0.25112808;2.3421814;1.959511;0.3513354
2.1116214;1.2317005;-0.46638408;-0.4169061;-0.5379373;0.66525453;3.0430858;1.7243292;2.8451571;-0.25257745;-0.14756769;-0.26080623;-0.5210831;-0.51040405;-0.39760384;-0.5812421;0.745006;1.1037036;0.18688095;0.006437717;-0.20181327;0.6945346;1.1155269;4.1088214;3.8293564;2.7099283;3.0503888;4.3237753;1.4769635;0.6214554;0.6182253;0.8822396;1.6784408;0.29374492;0.8175312;0.73974484;-0.39940277;2.7150166;0.31500283;0.04481426;-0.10815067;0.22274034;1.7137284;0.16704357;-0.74461395;-0.29804042;-0.77017844;-0.49317285;-2.8270588;0.24546269;3.302672;-1.2828563;-2.4101207;-1.0616263;-0.11421259;-0.68508434;0.93088794;1.965123;-0.7319653;0.29124904;-1.68433;-2.147112;1.6809208;-0.5595837;3.6531172
0.9027298;-0.970019;-0.54365796;-0.4783464;2.403724;0.37447447;1.695125;-0.3542893;0.5688794;3.0498135;-0.2518767;-0.27547404;-0.2710232;-0.27142555;-0.2816658;-0.29611284;-0.2985719;-0.28604373;-0.2809316;-0.28044543;-0.27879256;-0.275599;-0.27297556;-0.2639342;-0.26004472;-0.26340774;-0.25366732;-0.24190818;-0.2367143;-0.2325582;-0.22641623;-0.22242296;-0.2161275;-0.2123272;-0.21135813;-0.21060233;-0.4024828;0.5217365;3.5186253;3.8447106;3.196008;4.1150465;0.20925605;3.89338;3.0179608;3.4947386;-1.1026055;-0.5212937;0.60167956;3.8521073;-0.061273087;-2.248547;-0.94166684;0.21137288;-0.61205876;-0.28555757;0.3561412;-0.44677037;-0.41206956;-0.24442182;-0.21895948;-0.21790849;0.3361125;0.48893222;-0.010786334
-1.2672312;-0.6391275;-0.54365796;-0.4783464;-0.8461978;-1.8992871;1.3509923;-0.3542893;1.5773612;0.017394973;-0.2518767;-0.27547404;-0.2710232;-0.27142555;-0.2816658;-0.29611284;-0.2985719;-0.28604373;-0.2809316;-0.28044543;-0.27879256;-0.275599;-0.27297556;-0.2639342;-0.26004472;-0.26340774;-0.25366732;-0.24190818;-0.2367143;-0.2325582;-0.22641623;-0.22242296;-0.2161275;-0.2123272;-0.21135813;-0.21060233;1.6138425;0.11917685;-0.24053867;-0.28051934;-0.39463842;-0.27117008;2.7199802;-0.1734525;0.11109427;0.19582905;-0.36632472;-0.42004237;-1.206044;-0.16142926;0.63367426;-0.4915134;0.53434217;0.44791678;0.7499454;-1.9491425;-1.2812309;0.600892;-1.1966474;-0.71997994;-0.37814504;0.6004183;0.19487254;-1.6597348;-0.68304265
2.767604;-0.16668457;2.9532514;-0.4783464;0.9715876;-0.41355363;-0.8318389;-0.76454246;-0.91631675;1.230908;-0.60377187;-0.19133496;-0.1549152;-0.8407838;-0.68838096;-0.46776927;-0.6422448;-0.76286846;-0.79967564;-0.9105996;-0.89844894;-0.8790515;-0.89994454;-0.8487612;-0.90904313;-0.72577167;-0.7255149;-0.5500539;-0.3802825;-0.43702832;-0.8289251;-0.660847;-0.17607799;0.57307804;1.1834946;1.6215649;-0.4481375;-0.2922716;-0.14794838;-0.18942593;1.73492;3.4589567;-0.77347505;1.4308488;1.4749047;4.0476;-0.9932098;-0.5219923;0.5488626;1.4958365;-0.49627328;-1.6432418;0.3237739;-0.26895317;-0.7523555;-1.657413;-0.48635525;-1.5662233;0.096013054;-0.0855044;-0.99342775;0.22780634;-0.097296245;0.4653184;1.032589
-1.2672312;-0.95809996;-0.54365796;-0.4783464;-0.8461978;-1.8992871;-0.88951576;-1.0170228;-0.9023387;2.8780127;-0.36180073;-0.31471547;-0.838219;-0.85298896;-0.5308783;-0.62073416;-0.68592733;-0.75843424;-0.7764771;-0.7977679;-0.7995424;-0.874978;-0.9220705;-0.9398536;-1.0501584;-1.0981708;-1.1384425;-1.0314795;-0.70162773;-0.73326164;-0.70088327;-0.5111432;-0.39291495;-0.27846998;0.092168614;0.2437113;-0.44884413;-0.29255965;0.09278625;0.39617455;5.4210625;4.358313;-0.73483586;3.358478;2.0504065;8.081383;-1.1365952;-0.52616656;0.5504474;3.6567266;-0.49615216;-0.7228642;0.3088559;-1.1416514;0.7521398;-0.28430358;0.89404637;0.054542296;0.5608608;0.7945743;1.3713837;0.64013565;0.012760644;-1.6127266;-1.008727
-0.06352283;0.031094657;-0.25846884;-0.20928648;-0.24687596;0.64840275;0.15402511;1.270581;-0.19169207;-0.2853014;-0.09035188;0.008404793;0.03696321;-0.18341619;0.12271399;0.71518517;1.2758904;0.94029087;0.8081625;0.69046307;0.44086516;0.37334722;0.9836765;1.3184234;0.93023807;1.1622337;2.6488585;2.9726224;1.2199278;0.6627556;1.2344321;0.8687976;0.6883018;0.33507633;-0.2699297;-0.27381504;-0.22373547;-0.23134531;0.018714055;-0.16339923;-0.3182417;-0.2785416;-0.04877791;-0.16561277;-0.27946267;-0.34656748;-0.57911336;-0.46263957;0.36606663;-0.10199393;-0.34046084;-0.21174166;-0.9176758;0.40211102;-0.833373;-0.9661635;-1.019982;0.8073645;0.38928354;1.6887132;-0.08502381;-0.21490274;1.6256868;-0.4241247;-1.6040071
-0.10852692;0.6578661;-0.4310025;-0.07254901;-0.7509296;0.7341603;0.63924956;0.5673997;1.1630924;-0.4161971;-0.24782422;-0.08806974;-0.16339877;-0.31040183;0.19190094;1.3438532;2.303324;2.8331785;2.1922913;1.1108283;-0.35123333;-0.13404442;-0.010387793;0.3432219;0.54967666;0.14332421;-0.048019275;0.23158738;-0.22147028;-0.3585721;-0.24183854;-0.29219392;-0.42496082;-0.15411992;-0.14214776;-0.41012782;0.5752701;-0.24137357;1.9596695E-4;-0.1373725;-0.28004327;-0.42597765;0.24725738;-0.32606757;-0.0145666385;-0.4836923;-0.827405;-0.35280624;-0.7894095;-0.2472369;0.48517075;1.5344473;0.1612142;-0.31396353;-1.1974978;-0.9360955;1.5674248;1.6624045;1.3089944;0.1327585;-0.62510186;0.67710817;0.7367353;0.07623264;-1.1566383
0.85936844;0.8059994;0.3285339;0.8833129;0.14605208;0.6363197;3.0364058;5.5213;3.8180723;-0.10531979;1.3443387;7.8074136;6.027529;4.4806643;4.049827;2.426954;5.0048547;4.179126;2.7785215;4.048816;4.671943;4.443404;6.932075;6.716213;2.6073363;1.6690961;1.9935406;2.6114206;4.551482;3.460468;4.417859;4.420567;3.6389527;3.9232273;3.9606478;4.424598;5.264865;2.5696073;-0.1849844;-0.25449267;-0.13679944;-0.20482406;3.235323;-0.24283518;-0.1150065;-0.37265867;-0.3691512;-0.33872885;-5.3724732;-0.20643008;5.712602;0.21895614;-0.61035687;-0.7447404;0.04630182;0.1085354;-2.130365;-1.4397055;0.9529211;-0.7340749;-1.7662793;-0.7915468;0.37266976;-1.9693708;-1.343625
-1.2672312;-0.627965;-0.54365796;-0.4783464;-0.8461978;-1.8992871;-1.0634613;-1.056527;-0.9824539;0.09920463;-1.4226353;-1.1567466;-0.9801895;-1.0023062;-0.89947003;-0.8624087;-0.80119056;-0.7499334;-0.9042;-0.8702442;-0.8796026;-0.74922585;-0.7049414;-0.7264668;-0.9278868;-0.87769634;-0.9079628;-0.8584268;-0.8887426;-0.7509798;-0.62431514;-0.5222306;-0.16519202;-0.3447279;-0.6190784;-0.47917512;-0.45199695;-0.2933521;-0.51830935;-0.48873284;-0.44238636;-0.11636236;-0.8879142;-0.28710747;0.45067424;0.28293756;-0.39033607;-0.42814913;0.55066526;-0.36917987;-0.49970904;-0.7513786;0.76234025;0.20465559;0.7038109;0.7480547;0.6403887;0.7984376;0.6934106;0.90235436;-0.113878906;0.059215087;0.16807796;-0.3594596;-0.49528015
1.5734677;-0.19290636;-0.54365796;-0.4783464;0.7313719;-0.37899435;0.58132225;0.578028;0.28867435;-0.2607584;0.019538814;-0.32602906;0.017224064;-0.051852953;-0.13365339;0.002778341;-0.051375616;-0.09824721;0.041538052;0.32767245;1.6721019;2.0975347;1.3241374;0.9504442;1.6495991;3.0608995;1.4486122;-0.43548098;-0.6302235;-0.63244945;-0.5299344;-0.60164654;-0.5713591;-0.3741226;-0.2822295;-0.3886594;-0.24404925;-0.04028919;0.12982234;-0.046279203;-0.13679944;-0.24168283;0.59621453;-0.11150644;0.647692;-0.42107576;-0.43493128;-0.36549658;0.16980934;-0.007145166;-0.22470866;0.81837225;-1.0593989;-1.5885763;0.25398135;-1.0652419;1.5882527;0.85764146;-1.6806061;0.5176456;0.53626406;-0.18105364;-1.9242991;1.6635836;0.24007037
0.15785854;0.7364117;0.16804342;0.35226098;0.29212603;0.64766026;0.25080347;-0.3031101;1.477988;-0.544366;0.00157446;-0.18458061;-0.06776579;-0.1996821;-0.042879034;-0.1042787;-0.013983559;0.293017;0.043354426;-0.5818682;-0.6358539;-0.3040537;-0.05065824;0.041334506;-0.12105008;-0.25239232;-0.58457446;-0.17310114;-0.19272962;-0.34679687;-0.3876102;-0.37715283;-0.26087937;-0.44779432;-0.49219552;-0.31335977;2.124528;-0.28900984;-0.14794838;-0.26750597;-0.4137376;-0.5734135;1.0445945;-0.43948284;-0.9893263;-0.50004506;1.4864713;2.2914753;-1.1829268;-0.39339453;1.0717107;1.507406;1.1850162;-0.51007015;-1.628088;-0.6329616;-0.33032218;-0.4543131;-0.23656484;-0.52396125;-0.55501014;0.37798402;1.503672;0.92090875;-0.44730636
-1.2672312;-1.2786145;-0.54365796;-0.4783464;-0.8461978;-1.8992871;1.4236053;0.8958192;0.39732516;2.3298867;-0.62844354;-0.60968643;-0.56382257;-0.51141334;-0.50661296;-0.4574539;-0.47701716;-0.60574585;-0.5521577;-0.4126229;-0.45152995;-0.37043664;-0.42654335;-0.49225095;-0.5672171;-0.1486419;-0.061035544;0.33153826;0.25539947;1.7432442;3.1370997;5.189745;5.570158;4.693187;3.7630086;2.9749265;-0.3826602;-0.11328309;3.6852872;3.6495104;2.7758262;2.0951755;1.2000067;3.227856;2.2149339;0.62244946;-1.2807926;-0.5151145;0.44089857;2.8439872;-0.16153134;-2.9405444;0.4766097;-0.20227556;-1.4845543;0.08490455;-1.3843237;0.1316432;-1.3095423;-0.81889516;-0.01023706;-0.2918478;0.4309587;0.27179733;0.6649346
-0.606411;-0.042789903;1.1079385;1.1531806;1.1128533;0.4925744;-0.70172995;2.3090491;-0.7256668;-0.44619414;1.1202383;1.311291;1.1811824;2.0551014;4.995088;5.08546;3.6202364;2.6089206;3.300318;4.678676;2.8730862;1.0107923;0.29901916;0.5517555;1.8599991;1.8382586;0.005406118;0.6752566;1.0183241;1.1125212;0.34123313;-0.10205746;-0.032008898;-0.042368155;-0.20976876;-0.2788737;-0.41265202;-0.28791955;1.9596695E-4;-0.16339923;-0.3182417;-0.48495194;-0.63666385;-0.32708976;-0.092296824;-0.48473835;-0.55114;-0.2778327;0.5163378;-0.2467406;-0.4811863;1.3512166;0.1315288;-0.85195225;-1.2983142;0.25994614;1.0446702;0.5323957;-0.085777774;-0.53064215;1.5467094;2.4655027;-1.723781;-1.5073749;0.3530375
1.0197264;0.09649397;0.41438797;0.1630108;0.7575719;0.50842327;3.0534391;-0.097422495;2.621759;0.09920463;0.103590176;-0.10104594;-0.44603077;-0.74083567;-0.20538026;-0.26693663;-0.5206932;0.19903478;0.19140778;0.71091425;0.2011441;0.5436547;0.74478424;0.23265664;-0.006966697;0.3128881;-0.22784556;-0.58644825;-0.34610313;-0.26961762;-0.4965626;-0.55141026;-0.3654704;-0.23986553;-0.42990056;-0.53740954;0.18028772;7.3645315;0.50018334;0.37014785;0.3120316;0.031073296;2.6286407;0.29567432;1.0457956;-0.4118331;-0.9508965;-0.47102705;-2.2857761;0.3952494;1.653147;0.025119124;-2.1422153;-1.6687497;0.2962481;0.77724254;-0.15231147;-0.044515803;0.1498413;0.14212778;-0.107137874;0.167402;-0.38826513;1.2296276;-0.33464608
0.40631583;0.54537964;-0.3625755;-0.17945321;-0.6480295;0.8755291;-0.0053331694;-0.44161227;0.46564332;-0.56072783;0.27525407;0.5603032;-0.0015082074;0.976184;0.30798382;-0.40992537;-0.53009534;-0.4272658;-0.26275393;-0.2705506;-0.56298745;-0.6393509;-0.39420342;-0.547233;-0.56936437;-0.28325;-0.067971155;0.029912978;-0.16613786;-0.7274759;-0.6447943;-0.35310474;-0.40394333;-0.3402111;-0.49316198;-0.42813313;0.24160019;-0.27785563;-0.35164696;-0.33257273;-0.46148553;-0.61027247;-0.56286913;-0.51511365;-1.2039208;-0.48618472;0.71044195;0.23102261;-0.0963985;-0.51927304;0.10057793;0.61898726;0.22352442;1.0187088;0.3108929;-0.39254373;0.02455894;-0.97868186;-2.107723;-0.2797639;-1.6059853;0.408352;1.9210788;0.079197675;-0.017075747
0.25457183;0.7089353;-0.38561273;-0.39252877;-0.45970583;0.6177597;2.3255916;0.51609564;1.3207077;0.40190172;-0.27828264;-0.33307943;-0.20370387;-0.119931184;0.13428362;0.08274015;-0.294465;-0.048746895;-0.24421905;-0.6862063;-0.7209729;-0.59082633;-0.041721694;1.1083219;1.2162069;1.8933393;1.4126729;1.5529432;1.356651;0.3724751;0.4328966;0.5625829;0.07201215;0.2830005;0.42747015;0.5114358;0.79841447;1.7283726;-0.018322004;-0.16339923;0.6176185;0.45126566;0.5698388;0.3935517;0.5152906;0.16061926;-0.79150975;-0.49008623;-0.70588684;0.34661764;0.94389147;-1.0645317;-0.78888303;1.0018846;-0.077606946;-2.2537863;-1.1170999;-0.40092614;1.2752067;-0.2546582;-0.4625601;1.0903713;0.896742;-0.88882434;0.39617398
0.334866;0.8342837;-0.31011373;-0.22313361;-0.18274648;0.5675166;0.4554852;1.5395511;-0.3648519;0.26282474;0.38295767;0.3265076;-0.0076955613;0.45816523;0.23185934;0.5491541;1.0990589;1.8081632;1.1603255;1.4880106;1.3952008;1.4471822;2.1781952;2.5063834;1.9448693;1.7582021;1.5316501;0.9276819;0.99824876;0.98159665;1.0257497;0.25610802;-0.20882635;-0.60573643;0.29124022;0.73448867;-0.4371933;-0.08388478;0.2964847;0.6304144;0.66536623;0.50286794;-0.51888996;0.57343006;0.9631454;-0.11261918;-1.0173434;-0.5171377;0.44906843;0.53717256;-0.3720412;-0.9310102;-2.0369692;0.30858472;-1.0830032;-0.78389406;-0.31532052;0.94258773;2.8242576;-2.1899455;1.1261754;-1.5340168;0.5171386;0.25844857;-0.26236853
0.71470106;0.06593431;-0.4444614;-0.35036734;0.107749134;0.61335486;1.9519256;0.6255185;1.3277026;-0.26348543;-0.5382694;1.1183996;0.82115966;0.08179272;0.67473364;0.37177873;0.8405215;0.42309228;0.7598224;0.005434464;-0.2806978;-0.060307864;1.276446;2.3623254;1.8567812;1.3305806;-0.16834137;-0.24732101;-0.25568038;-0.13818243;0.14812993;0.38404885;0.3390203;-0.23313515;-0.4736629;-0.38576257;0.35833398;1.6289091;-0.05535818;-0.033265803;0.4266263;0.112163454;0.99047554;0.062220965;0.70202047;-0.3028772;-1.0253092;-0.5123295;-0.99352044;0.09832646;0.7890349;0.50452137;-1.6331278;-0.32425967;0.086655214;-0.29906547;-2.4475343;0.7946749;1.1180345;-1.6202325;-1.6384194;-1.2412131;-0.07056047;-1.6297277;-0.7532919
-1.2672312;-0.44594955;-0.54365796;-0.4783464;-0.8461978;-1.0823064;3.180605;5.493357;3.3297756;0.64733076;1.4611406;1.4678328;3.4817073;1.5823821;0.9040989;2.3182447;2.9683669;2.4978452;2.3972049;3.0793464;2.816377;2.001824;4.049434;8.307262;8.930353;5.3854623;4.610978;5.145907;5.324219;6.622376;4.671216;3.9976604;3.1878493;3.2501707;2.590408;1.7792916;1.2657992;2.1200626;0.09278625;-0.0072391704;-0.16544822;-0.07950359;4.449808;-0.06667889;0.028389016;-0.37329167;-0.46533048;-0.35559404;-4.574676;0.018639222;3.222965;0.0141705815;-1.1915853;-0.5043248;-0.3287468;0.09258991;-0.6502949;1.4467413;1.2502121;-1.0924681;-3.066702;-1.4319669;-0.5465101;-0.1688569;-0.19669424
-1.2672312;-0.9857208;-0.54365796;-0.4783464;-0.8461978;-1.8992871;-1.1883137;-1.1924855;-1.0347543;1.5745089;-0.9864274;-1.0527359;-0.96436673;-0.9307101;-0.86389184;-0.8149925;-0.7815069;-0.7557218;-0.7245865;-0.8273575;-1.0142558;-0.9357036;-0.82351345;-0.76473206;-0.84838945;-0.8729447;-0.92987347;-0.9732059;-1.0970072;-1.1075767;-0.982217;-0.8605672;-0.73870367;-0.65143156;-0.71721935;-0.77814925;-0.45234454;-0.29342914;-0.27757472;0.29206756;0.52212244;0.5470988;-0.9228737;0.4458733;1.145324;0.5760985;-0.7667861;-0.49222195;0.55166495;0.30641901;-0.49997163;-1.1738793;0.026201522;0.5397116;0.27391738;-0.26777968;0.9286716;1.4332379;-0.2003639;-0.014548036;0.7509296;0.45261794;0.68726796;0.5173546;-0.77551365
