standardizeInput
0.0;140.15993;0.7576755;0.038308248;0.03249978;0.1389935;-15.609612;0.94406396;1.2160492;0.07458575;0.09337898;0.14886378;0.33348593;0.53076047;0.7136781;0.8955217;1.0468082;1.1728845;1.2467716;1.2877058;1.340243;1.3959206;1.4613968;1.531053;1.5793667;1.6200439;1.6716424;1.6951056;1.70814;1.7120148;1.6736114;1.5767305;1.4348768;1.246884;1.0445155;0.85559285;0.69289684;0.9445408;0.29542825;487.934;725.75916;1081.328;1604.7234;0.44516093;888.7535;3.6106033;1121253.4;7.894059;203.41382;-0.23135288;0.74144596;0.8501388;24.204084;4.3158474;3.3911908;-6.5025997;-13.510486;-9.99942;-3.6738255;-1.6638507;-1.1592548;-0.7395674;-4.8462906;-4.617513;-1.5306362;-2.4632115
1.0;110.60328;0.13079621;0.07046388;0.067941934;0.16425651;44.432667;0.72016174;0.64271766;0.071038164;0.09239205;0.07800476;0.22302471;0.41041717;0.58664644;0.80163383;0.9486659;1.0913825;1.1499722;1.0872977;1.0595428;1.053908;1.0933526;1.1500001;1.1613866;1.129928;1.1239662;1.0921767;1.0733786;1.0736014;1.0359017;0.9627598;0.91059315;0.8223341;0.69980615;0.5741177;0.46801835;2.0880249;1.0065717;775.21497;1103.1345;1503.2548;1947.3512;0.47268578;1072.5973;0.995304;2211345.2;6.726716;384.38477;0.4193408;0.7292536;1.7002761;13.611746;17.955935;16.794838;15.949906;15.798863;15.740965;14.43774;14.856824;14.8847685;13.072357;13.527387;11.975034;10.629833;10.050073
codebookNumeric
32;65;10;0.0;0.0
-0.0059775156;0.4517894;2.4759686;-0.4783464;2.630348;0.49405357;-0.5211799;-0.37681538;-0.70150644;-0.32075226;0.18539542;0.032682844;-0.020952538;-0.09759371;-0.0015652995;-0.26515996;-0.28550923;-0.1668393;-0.19937761;-0.27702895;-0.33407724;-0.4277443;-0.30425122;-0.1267706;-0.25654724;-0.28847256;-0.26809728;-0.23664527;-0.036875665;-0.46848115;-0.40707612;-0.58196557;-0.44786695;-0.4354127;-0.39697647;-0.34171978;-0.4065734;-0.28665888;-0.25905663;-0.26750597;-0.404188;-0.4923238;-0.6110715;-0.2907871;0.014902718;-0.24390388;-0.53977275;-0.46411565;0.5168703;-0.30108464;-0.46696097;-0.44608998;0.19921862;1.414238;-0.45479017;-0.93429595;-0.48060653;-0.70411813;0.6817965;0.16220197;-1.1682898;1.435233;-0.15571944;0.90258205;-0.5364727
0.7224512;0.9618336;-0.41517255;-0.3816276;-0.29842573;0.7253555;-0.17294459;1.6087122;-0.3281902;-0.3643842;-0.28221974;-0.30181596;-0.21737532;-0.3067971;-0.2989502;0.4762475;1.3952025;1.1066394;1.9415514;2.6885936;2.1139145;2.5011644;4.7683024;3.4883466;1.392488;1.0547093;0.75859284;0.10785102;0.24656194;0.7559758;0.024184102;-0.040168047;-0.3926877;-0.10370853;0.45221242;0.37508687;-0.4356168;-0.264423;0.20389454;-0.033265803;-0.26094413;-0.38911864;-0.67298794;-0.16086008;-0.9924078;-0.4580192;-0.42024717;-0.35039887;0.41737822;-0.045637276;-0.34718502;0.4614173;-1.0987052;-1.4445624;-0.37290943;0.39067042;-0.32817107;0.7643343;2.5771947;-1.5618641;-2.0213428;-1.2243319;-2.120377;-0.5011132;-3.1896515
-1.2672312;-1.2909131;-0.54365796;-0.4783464;-0.8461978;-1.8992871;-0.9454794;2.360817;-0.992916;1.8908404;-0.95224;-0.79062736;-0.6659962;-0.6032591;-0.6367805;-0.5246112;-0.418471;-0.21024206;-0.3738094;-0.033487964;0.77685195;1.3169193;1.0867399;2.9118478;3.027211;3.1017523;4.1864586;3.8599749;2.899762;2.662734;3.2149217;3.8515327;4.0340514;3.640936;1.8926766;1.1531324;-0.45224476;-0.29203016;1.0001704;1.4502554;1.74447;2.0288289;-0.87476075;1.5828471;2.2472436;1.140449;-1.0799489;-0.522085;0.5512064;1.3585864;-0.4993937;-2.17556;-0.12721902;1.4030364;1.9417387;0.55373394;-1.1281646;1.031134;-0.73865443;0.9285106;-0.5998664;0.2658301;-0.046614394;0.19553638;0.9670892
-1.2672312;-1.0668697;-0.54365796;-0.4783464;-0.8461978;-1.1340755;-0.1615735;-0.6663962;-0.7315786;2.3080697;-0.68033344;-0.8667942;-0.69972384;-0.8440176;-0.8273198;-0.6370441;-0.76023257;-0.8368514;-0.91537374;-0.919746;-0.90989596;-0.857483;-0.8812527;-0.80563134;-0.7177105;-0.70606065;-0.5331395;-0.30399254;-0.098534524;0.2821229;0.30236778;0.19538492;-0.10483575;0.19043627;0.7696195;0.29326934;-0.44488344;-0.27085945;0.64832765;2.6474829;3.453847;2.6480596;-0.55025506;2.6450315;2.9519863;2.6632786;-1.1502234;-0.52425313;0.54280704;2.5231526;-0.4833702;-2.2006202;0.030920118;-0.9528571;-0.07692876;0.49538618;-0.20189483;-0.9708343;0.16146228;0.15895784;-0.29645097;0.47202942;-0.45929617;-0.15228514;-0.17142726
-0.3028068;0.19662401;0.21769167;1.229855;3.227174;0.4840913;-0.81101096;0.42455462;-0.75521785;-0.65617275;1.2050909;1.0022719;0.91202533;1.3737336;0.803094;0.94901025;0.94108033;0.66068673;0.62126154;1.0151927;0.7337001;0.14107725;-0.11550342;0.05427329;-0.09155614;-0.40996107;-0.16099098;-0.12524655;-0.018692939;-0.25402158;-0.12693249;0.12518457;0.41909367;0.43885225;0.3522068;-0.064486004;-0.438852;-0.29014465;-0.46275526;-0.44969282;-0.44238636;-0.47758022;-0.6316154;-0.5236908;0.054966845;-0.4508048;0.04901472;-0.108347215;0.5227424;-0.55699563;-0.48859265;0.9707259;0.8177805;-1.0951021;0.40463302;1.5673625;1.0431715;0.7654416;-0.45047483;0.8600715;-0.47921395;0.87980795;-0.61271864;-1.642617;-0.1102701
0.4731177;0.5725288;1.8577441;7.371879;3.094545;0.3513094;-0.6938402;1.1401706;-0.60408884;-0.5852708;2.0754724;6.7638245;5.17123;2.6788807;1.7579639;3.2766213;3.7617786;1.4249479;1.0385438;1.21222;1.4304526;1.2283533;0.0429227;-0.43997204;-0.36772418;-0.22352849;-0.34702498;-0.47400054;-0.27095053;0.018524535;0.674125;-0.13151622;0.13415599;0.083742514;-0.2870214;-0.1755107;-0.4067258;-0.29283297;-0.38868302;-0.44969282;-0.46148553;-0.52918273;-0.5261143;-0.5077449;-0.73712295;-0.3734003;0.6524403;0.12801623;0.48955762;-0.53552014;-0.46584737;0.06592064;1.5007179;0.20893943;4.3238472E-4;0.1598935;-1.056441;-0.08622418;-0.13904913;1.1193352;0.8382496;-1.2060053;-2.5309362;-0.9579599;-0.7285923
-0.46395752;0.22896457;0.47293124;-0.4783464;-0.61027944;0.58593154;0.45919693;0.5348878;0.6450539;-0.39710823;1.386399;0.92193717;0.25692433;-0.07897092;0.41173077;1.0684665;0.5984057;0.3301579;0.41598836;0.38036972;0.49968243;1.5509483;0.952539;-0.24714401;-0.09731052;-0.39722046;-0.043912787;1.1757594;0.24067421;0.7205834;0.05273535;0.24152853;0.53150654;-0.073358975;-0.035831552;0.011386205;0.78887486;-0.244224;0.018714055;-0.18942593;-0.34689045;-0.5365545;0.11133271;-0.3364462;-0.9578333;-0.47131765;0.55501837;0.15026708;-0.32036957;-0.25881618;0.18359561;0.5433465;-0.16439787;0.15959708;-1.0334668;0.23201975;-0.46318248;-0.7870237;1.2909718;2.1849103;0.49109834;0.18261448;0.93748;-0.26375914;-0.6092847
-1.2672312;-0.8307392;-0.54365796;-0.4783464;-0.8461978;-1.8992871;1.4446117;-0.12036729;0.5353327;-0.11350074;-0.018899823;-0.42080152;-0.5024674;-0.5173783;-0.5146806;-0.5421045;-0.3406459;-0.32503957;0.13274854;0.833956;0.9049493;0.48667032;0.35692263;0.10280416;-0.27621835;-0.36885577;-0.34760544;-0.36108696;0.1848137;0.27113253;-0.17713188;-0.47558424;-0.55007863;-0.4717835;-0.47369197;-0.22246014;-0.18241248;0.9931709;0.11130438;0.27905467;0.1019401;-0.03527271;1.4447484;0.115921;1.2367395;-0.20348114;-0.2596041;-0.36374253;-0.12160905;0.19504179;-0.08018219;0.03436262;-1.1224371;-0.85869;0.5472556;1.3581134;0.9497273;-1.6032165;0.28133065;-1.0796168;-0.7039264;0.621756;0.36545265;0.14145556;0.7544583
0.27797076;0.58867675;-0.39180198;-0.25718388;-0.40485457;0.7031262;0.9123576;-0.20819598;0.99794173;-0.39983517;0.3627602;0.2548272;-0.17528646;0.51540726;0.18014498;0.49847233;0.13024811;0.020566069;-0.011752769;0.47944456;0.39523885;-0.46043283;-0.3414756;0.44260475;1.320632;0.24828732;-0.11545342;-0.6071055;-0.83571637;-0.87449986;-1.0571684;-1.1403631;-0.9552262;-0.86577994;-0.82232916;-0.8062873;0.85276103;0.043222312;-0.1849844;-0.22846593;-0.34689045;-0.35225973;0.29297215;-0.34067348;-0.10319198;-0.43692365;-0.098125204;-0.21566573;-0.56377566;-0.29095376;0.59243566;1.1757983;-0.65417016;-0.049888764;-0.45671928;-1.318678;1.9442455;-1.5553198;0.15059674;-1.0823967;-0.5549338;2.8499904;-0.13020796;-1.1789371;-0.5813526
-1.2672312;-0.45668462;-0.54365796;-0.4783464;-0.8461978;-1.1365136;-0.69516057;-1.1384692;-0.7327343;-0.26621246;-0.19676718;-0.06571927;-0.42325464;-0.5711827;-0.5837971;-0.7408645;-0.7624792;-0.7963572;-0.7076406;-0.871927;-0.9959974;-1.0587112;-0.9955863;-0.9098185;-0.68936414;-0.7719992;-1.0401063;-0.9166383;-1.0298815;-1.1534755;-1.0406299;-1.1260233;-1.1799116;-0.79001266;0.093014635;0.2133951;-0.43491307;-0.29128945;-0.38868302;-0.42366615;-0.49013427;-0.5807853;-0.5847606;-0.50763327;-0.33380383;-0.38067013;0.37337098;-0.12647334;0.52492154;-0.54616576;-0.4838353;0.19320561;0.20682406;0.67952716;0.044729024;0.6658823;0.5112658;-0.26343116;-0.19220065;-0.3158475;-0.06328144;-0.14841296;0.7511851;-0.33113676;-0.04083011
0.9960372;0.9709705;-0.35760447;-0.3453967;0.24638595;0.5967799;-0.18887492;-0.9509044;0.20950276;-0.52255;-1.1367533;-0.7309474;-0.30017155;-0.65839183;-0.41080925;-0.0905087;-0.47685808;-0.24856095;-0.39872375;-0.30423874;-0.78694445;-0.79778963;-0.7887108;-0.785455;-0.78561974;-0.63042676;-0.7075003;-0.8342188;-0.97601485;-1.0061853;-0.977673;-0.87214875;-0.95639044;-0.99382454;-1.0156652;-1.0150306;0.06694421;-0.2779962;-0.11091233;-0.26750597;-0.3755392;-0.5070673;0.7530641;-0.3980748;-0.9160782;-0.4888981;0.29839158;0.2989239;0.1708245;-0.34303877;-0.13701467;0.79641855;0.27359277;-1.0493004;-2.3823485;-0.9356669;-0.42928818;-0.08913364;-1.8135558;-1.8782997;-0.38969398;-0.8201414;-0.60612166;-1.764377;-1.6649908
0.047212686;0.35458636;-0.54365796;-0.4783464;3.4661627;0.40015772;-0.8329549;-0.25425974;-0.91699195;0.1919225;-0.8102452;-0.6969108;-0.6787693;-0.713214;-0.64524645;-0.696325;-0.64382786;-0.5625045;-0.5073841;-0.5067425;-0.40853637;-0.5349083;-0.3653469;-0.16707845;-0.1829381;0.18802924;0.3470861;0.5312672;0.37426752;0.0029931737;-0.18705025;0.06632294;0.35268757;0.009200396;0.1904553;0.5727979;-0.44827878;-0.29062933;0.666846;0.69548166;0.8277093;0.7461375;-0.730452;0.83738095;1.5574201;0.45187998;-0.9381797;-0.5083064;0.547629;0.5803633;-0.49687338;-1.4304492;0.2930569;1.5394968;-0.1599964;-0.84345454;0.5861623;-0.19769198;0.16162938;0.67814654;-0.9224314;0.5431931;0.24592985;-0.031816944;0.244329
-1.2672312;-1.2695055;-0.54365796;-0.4783464;-0.8461978;-1.8992871;-0.67621815;0.10072361;-0.8921905;2.8889205;-0.51717454;-0.7253135;-0.6670485;-0.7704943;-0.7947704;-0.76857805;-0.7743958;-0.7073425;-0.76380676;-0.83049554;-0.87308204;-0.6607273;-0.18467996;0.6349843;0.7644861;-0.117564365;0.37607327;1.2447221;0.6279074;0.11199476;0.68167305;1.359389;1.4858948;1.0872018;0.9736785;1.6239474;-0.45099103;-0.28854597;-0.14794838;1.4502554;3.13871;2.9724185;-0.7486807;2.1502678;2.4658003;3.2909234;-1.1028475;-0.5240935;0.5485168;2.000049;-0.4967028;-2.0096343;0.7011065;0.5570658;0.721223;0.25245184;0.49552104;-0.56321037;1.9515727;1.3474798;-0.32526433;0.8479158;0.32729977;-1.1054438;0.68787336
-0.37146896;0.470246;0.13040145;0.0043028235;-0.3536858;0.71742827;-0.925306;-0.79565024;-0.61998576;-0.7788875;-0.23665954;-0.13781899;-0.056768727;-0.16323431;-0.27612308;-0.5974422;-0.70448154;-0.72372437;-0.7134379;-0.84134835;-0.93058664;-0.96699077;-0.61666;-0.38427743;-0.49378;-0.8309652;-0.67825294;-0.6473941;-0.765633;-0.73253393;-0.7060201;-0.17899188;-0.006623865;-0.2020291;-0.31635085;-0.42171904;-0.43122926;-0.2933847;-0.4072011;-0.46270618;-0.56653106;-0.6766186;-0.76391864;-0.6264683;-1.2018945;-0.49213895;3.975307;3.6045165;0.4996055;-0.6961049;-0.47998434;0.73370576;1.6174453;0.67059827;1.2502367;0.2825432;0.22780772;-0.14940618;-0.49195948;-0.6615686;-0.38876247;0.25905594;-0.49024302;-0.44198778;-0.3014721
-1.2672312;-0.47524554;-0.54365796;-0.4783464;-0.8461978;-1.1253101;-1.1836319;-1.1439031;-1.0113052;-0.46255606;-1.3227787;-1.0780877;-0.97082406;-0.95921206;-0.91288865;-0.8308712;-0.7618216;-0.7496903;-0.7587435;-0.7664557;-0.80114514;-0.7422297;-0.83437777;-0.83699286;-0.89110446;-0.94774383;-0.9325764;-0.82829195;-0.8551153;-1.09527;-0.9227023;-0.57659054;-0.6737891;-0.76858526;-0.81787413;-0.7787469;-0.45220977;-0.29348776;-0.4812732;-0.52777284;-0.5283327;-0.59552884;-0.8958256;-0.56943244;-0.25815457;-0.27893847;0.42045343;-0.18083084;0.55131733;-0.647106;-0.49990958;-0.045872506;0.9782478;0.36823535;0.90897334;0.57288504;-0.15238394;0.38275057;1.046396;0.5445128;0.3653312;0.06403939;0.33861703;0.034268945;0.10028241
2.406788;-0.24214177;0.7990614;0.47799218;-0.20197798;0.43857604;2.1567574;0.06488038;1.3113943;0.14010966;0.13932633;-0.21828184;-0.14390616;0.16808845;0.27537292;0.06085258;-0.5336017;-0.46883067;-0.40459618;-0.3926278;-0.342558;-0.37676394;-0.32227907;-0.05345994;0.29390824;0.5874088;0.07352419;0.18167685;0.045747172;0.26719192;0.6645651;0.87970716;0.47953865;0.27196464;0.32362735;0.39096707;1.1406245;0.84167457;-0.05535818;-0.124359205;-0.041303728;0.14902222;2.4846656;0.03312113;0.25349113;-0.17010288;-0.6748612;-0.4731169;-0.8688459;0.057700444;0.7480874;-1.1940072;-1.4684764;-0.9119606;-0.75220376;-1.1427217;-1.9250821;-0.42235276;-0.5692031;-0.55429995;0.8072615;0.16219027;2.4102433;1.9376717;0.5083355
2.2397137;1.1825033;-0.40975472;-0.34735787;-0.4035313;0.672936;2.9034672;0.6562474;2.743826;0.23828152;-0.39831638;0.30711833;-0.14514685;-0.43366855;-0.39250717;-0.5062939;-0.394318;-0.19331124;-0.3197565;0.47368833;0.36511576;1.5009788;1.3423799;0.99647635;0.54530466;0.5313145;0.25131866;0.13039851;0.59233093;2.0347564;1.4111396;0.08996795;0.45898253;1.3855045;0.78205585;0.4317054;-0.41787556;10.428906;0.83350825;0.69548166;0.29293242;-0.027900668;3.062544;0.43580902;-0.55459464;-0.39962465;-0.1799293;-0.29205742;-2.62735;0.53597826;3.6829133;-1.19274;-2.154316;-1.8860028;0.070540324;2.0071256;0.28777564;-0.61601084;0.5842082;0.38354495;-0.14823109;-1.7724532;-1.1835722;1.4481738;-0.24771416
0.17543404;0.7970238;-0.31457275;0.7900571;0.42132998;0.759203;-0.6117295;-0.21523316;-0.45332113;-0.5307309;1.1168154;0.99307853;0.61355317;1.2876188;2.8684623;1.8227309;0.06577664;0.06297927;0.471104;0.051279638;-0.3720787;-0.73143333;-0.85503197;-0.88284993;-0.7545955;-0.74486864;-0.5911823;-0.50064915;-0.6066598;-0.5930615;-0.37575674;-0.5149842;-0.6838539;-0.6260418;-0.5719549;-0.3259183;-0.32583898;-0.29244107;-0.1294303;-0.22846593;-0.404188;-0.5586699;-0.76565593;-0.40881053;-0.7364477;-0.49491838;-0.00589589;0.2718965;0.45838815;-0.3527288;-0.39655882;1.6270555;0.64792466;-0.6513767;-1.3653308;-0.29342896;0.13020891;0.109111704;-0.34055033;-0.49292448;0.0101936115;0.28417587;1.5664761;0.9352868;-0.5094621
0.78979194;0.91324484;-0.46375284;-0.4304794;-0.7127439;0.86657757;-0.7828176;-0.034009047;-0.6301399;-0.56345487;-0.7141979;0.8973884;1.3597472;0.8604567;2.070825;1.0054654;0.8285908;1.2496315;1.6512315;-0.122509465;-0.5291549;-0.49897015;-0.54404527;-0.66219467;-0.6939603;-0.59979343;-0.266093;-0.25293875;-0.4937296;-0.038016528;-0.375547;-0.7427566;-0.88264114;-0.9234747;-0.8387045;-0.88958234;-0.3932684;-0.2933859;-0.14794838;-0.26750597;-0.404188;-0.5807853;-0.83474624;-0.43157145;-1.0771074;-0.48013613;2.0926511;1.57258;0.50431;-0.38828805;-0.4496174;1.2087983;1.0217983;-0.77868307;-1.6393169;-0.7283792;-0.3073782;-0.11903832;-0.120239325;-1.5191755;-0.90099835;-0.9178535;1.1216693;0.78975886;-1.5800929
-1.2672312;-0.9042223;-0.54365796;-0.4783464;-0.8461978;-1.8992871;-0.31992835;-0.4027994;-0.4170512;-0.36165723;-0.106927834;-0.24012999;-0.14191622;-0.22310987;-0.14462498;-0.332203;-0.20250568;-0.15748;-0.39553005;-0.30417833;0.16190918;-0.11358443;-0.37473127;-0.38876;-0.5807838;-0.5980548;-0.5689908;-0.64332855;-0.5374413;0.034259584;-0.14407691;-0.097011246;-0.34743637;-0.069992684;-0.3162552;-0.283092;-0.39474;-0.27399358;-0.37016493;-0.345586;-0.29914248;-0.41123402;-0.27548224;-0.41317555;0.5316251;-0.4399253;-0.2707455;-0.2546137;0.45176062;-0.40013593;-0.4589098;0.90781415;-0.05211126;-0.4032424;-0.1963355;1.3170924;0.715522;-0.3766969;-0.017949687;0.7380363;0.53636754;-0.626183;-1.3669444;0.40965265;0.80000263
0.23293768;0.4922379;-0.54365796;-0.4783464;-0.023293424;0.39371568;-0.9634106;-0.25474197;-0.84595996;-0.20621853;-0.58538324;-0.6895919;-0.57769895;-0.51955795;-0.37926754;-0.43279654;-0.3787168;-0.45088106;-0.38092223;-0.2266251;-0.32306015;-0.10514707;0.043762658;-0.005203842;-0.07893413;0.45949382;0.853605;0.45801547;-0.28719488;-0.35994288;-0.17675175;-0.35236678;-0.49859467;-0.5548534;-0.6201081;-0.6998425;-0.42915756;-0.2930697;-0.24053867;-0.22846593;0.07329165;0.04581688;-0.6433132;0.004981952;0.51382077;0.10823485;-0.07512809;-0.007269331;0.5349783;-0.051571883;-0.4925692;-0.44314706;0.4704524;1.407779;0.058780704;-1.2801176;-0.4831654;0.20407341;-0.9146537;0.58955103;1.4369701;0.2658978;0.8972313;0.7792609;-0.35448796
-1.2672312;-0.39150405;-0.54365796;-0.4783464;-0.8461978;-1.8992871;0.87812924;-0.34818274;0.98258245;-0.32075226;-0.568483;-0.88945043;-0.7693069;-0.62166303;0.039166912;0.44020745;0.11011766;-0.023185419;-0.21263888;-0.18587449;0.008699418;0.78998965;0.37083653;0.06724142;0.78825563;0.104609504;-0.77647406;-0.57553416;-0.36890587;-0.890194;-1.0502899;-1.2148248;-1.1300688;-0.91202396;-0.9615522;-0.7981645;0.7701585;-0.0555332;1.9596695E-4;-0.18942593;-0.3182417;-0.32277256;1.0426184;-0.2369052;-0.16783853;-0.42337814;-0.0210351;-0.19680102;-0.35069335;-0.15552016;0.06905251;0.14818197;-1.5159166;-1.615281;-0.43901575;-2.7499022;-0.9931233;-2.7805152;0.62836206;-0.08891366;-0.57192636;1.4608779;-1.2280948;-0.69932884;1.4735916
0.37722278;0.028431967;2.5221481;0.89803255;0.39726943;0.49565196;0.94496;0.29497376;0.43484303;0.12920177;-0.2080652;-0.508412;-0.5025491;-0.4099526;-0.36363596;0.3370173;0.7742249;0.3577664;-0.03131594;0.13993964;-0.13238499;-0.031517584;0.37087044;0.53032243;0.5986683;0.6275702;0.51931566;0.8104867;0.3925928;0.27872202;0.10662112;0.014235969;0.06609963;-0.21226451;-0.30845296;-0.28725103;0.13593337;0.09220511;0.09278625;-0.072305836;0.02554394;0.08267622;0.8193517;0.05248786;0.03809244;-0.31084633;-0.77494234;-0.47956678;-0.034933444;0.11108984;0.033342227;-0.32353997;-1.7566274;-0.09873907;-0.6011171;-2.2510672;-0.28830442;1.3998773;1.4762584;0.79697347;-0.09356397;-0.36415493;0.6729329;-1.2916566;-1.4996248
-0.116309635;0.4996796;0.85246897;-0.18207973;-0.61033;0.7569695;-0.13607101;0.48235777;0.18158081;-0.64526474;2.0502458;1.3910718;1.3535973;1.1600188;1.5844681;1.690422;1.2418109;1.6362059;0.70608836;1.1842297;0.8401619;0.049402367;-0.07927469;-0.044623937;0.4600064;0.4876425;-0.2232931;0.16921982;-0.26917514;-0.58153623;-0.41092855;-0.7812757;-0.78766704;-0.63098526;-0.44323963;-0.5085152;-0.032898974;-0.28211474;-0.35164696;-0.306546;-0.39463842;-0.5365545;-0.18363833;-0.47684392;-0.10557112;-0.48740184;-0.47517896;-0.23217626;0.1407466;-0.46401134;-0.24568333;1.4283733;0.7125602;0.056701425;-0.7201321;-0.3744924;1.2584661;0.400732;-0.68019176;0.6175658;1.0667913;1.3604528;-0.93255246;-0.6891208;0.1269266
0.09445352;0.8652535;-0.5359301;-0.32767376;-0.7571802;0.8521803;1.5544552;0.03021827;1.1964012;-0.4052891;-0.23851979;-0.20444827;-0.3436542;-0.17634751;-0.026991155;0.05195171;0.07037175;-0.30544293;-0.23321654;-0.053497553;-0.40698013;-0.07900275;0.30215478;0.4564124;0.16002177;0.13275541;-0.14665993;0.35696253;0.24211425;0.42219308;0.71760106;-0.07842776;-0.35107404;-0.35296747;-0.33574745;-0.28213224;1.1260313;0.26437905;1.9596695E-4;-0.111345865;-0.30869204;-0.101618715;-0.3420596;-0.16229856;-0.21663761;-0.39675346;-0.6366122;-0.4635526;-0.75392383;-0.081506714;0.8588388;0.19575925;-1.258841;-0.08129949;-0.54510295;-0.6933388;-0.40733466;-0.45953277;2.4135172;0.91388625;-0.4496403;1.734304;0.75435674;-0.045045186;-1.6767479
1.0233301;0.39022762;1.1937811;2.9773736;1.5145037;0.44402102;0.6500846;0.5604682;0.02567685;-0.08623079;-0.06150499;-0.091719516;-0.27322975;-0.27053916;1.0762311;1.3296416;0.032944955;-0.19086947;-0.111022756;0.21490312;0.181984;1.1825995;2.0801396;0.72766316;-0.2445535;-0.21877386;0.9219493;1.0000889;0.39801383;0.2430594;0.6245156;0.9911005;-0.07393221;-0.61001045;-0.40193895;-0.27676803;-0.1919551;-0.100923404;0.037232105;-0.1373725;-0.1749978;0.1932531;0.38332966;0.028774172;0.09705847;-0.20432693;-0.7700505;-0.49977142;0.2786299;0.0765807;-0.22429903;-0.36457524;-1.808745;0.12793577;-1.9498899;0.6245135;-1.1890352;0.23714997;2.075379;1.2905457;1.725062;-1.572651;3.1867218;-0.68018997;-2.02665
0.39268255;0.95190966;-0.38690132;-0.3174131;-0.17627732;0.58593047;1.1463412;-0.33290696;0.9826754;-0.22803448;2.413235;0.83212054;-0.02217595;0.706693;0.18793653;0.005004658;-0.25815976;-0.09074265;-0.2274886;-0.40491235;0.50908566;0.7840126;-0.120973885;-0.3007807;0.028578926;0.4187907;-0.6737286;-0.9750123;-0.973431;-0.7147534;-0.6575516;-0.7682672;-0.86471575;-0.7494109;-0.73745894;-0.6055665;0.76432145;0.28113025;-0.14794838;-0.20243928;-0.26094413;-0.1458496;0.68161;-0.24046023;0.14869086;-0.42712456;-0.51208866;-0.3571884;-0.55635446;-0.1690077;0.6613927;0.95820457;-1.0178889;-1.1650538;0.27834144;-0.587628;0.06754642;-0.9106013;-0.5456786;-0.114440486;0.99067193;0.14501917;-0.94878197;0.19785108;0.66468596
0.24818498;0.75593823;-0.45701084;-0.37047392;-0.3459467;0.7598716;0.4710665;-0.1014492;1.0249792;-0.6698077;0.939057;0.1494644;0.15817139;0.24861531;-0.28472477;-0.20912984;-0.2394516;-0.41694432;-0.354596;-0.38966212;-0.6250437;-0.3450962;0.61556095;0.627254;0.11683234;0.2522919;0.09220624;-0.029662427;0.14137387;0.073286496;-0.35403073;-0.42848533;-0.13791347;-0.27756968;-0.25719404;0.059528824;1.0897291;-0.23891497;-0.24053867;-0.345586;-0.49013427;-0.5734135;-0.3027511;-0.48946467;-0.95032716;-0.4639336;0.9317936;0.2955223;-0.6429625;-0.48632255;0.6573322;0.5139242;0.3343815;0.6907033;0.91372085;-1.4858153;-0.90496606;-0.034423966;-0.01596629;-0.6619683;-0.8972148;0.4117556;0.5578613;-0.3517688;0.2897917
-0.3649661;0.35422316;-0.54365796;-0.4783464;1.1031854;0.6272732;-0.76504904;-0.58961165;-0.5328097;-0.7161666;-0.43800378;-0.3170605;-0.12439429;-0.22856602;-0.52611417;-0.6020213;-0.49088407;-0.37806222;-0.39179274;-0.35732254;-0.41159904;-0.0883611;-0.09575729;-0.34627628;-0.5558655;-0.59296566;-0.70335025;-0.3982034;-0.48395312;-0.5228705;-0.71742076;-0.32029104;-0.6049434;-0.49797574;-0.4299507;-0.26672772;-0.43019807;-0.29276457;-0.51830935;-0.5017462;-0.5760806;-0.6545032;-0.57686675;-0.6263811;-0.71826947;-0.42360175;1.0193237;0.1411918;0.48586062;-0.71269524;-0.47973657;0.07142322;1.5359486;0.47142458;1.3544556;1.2365724;-0.38634092;0.08347784;-0.014531526;-0.26278368;0.94073606;-0.08486972;1.1255748;-0.5179521;-0.09468663
-0.6248385;0.025499953;-0.27577147;-0.156579;-0.050383434;0.4874353;-0.6011944;0.182965;-0.77033186;-0.08350384;0.6039263;-0.12737077;-0.036929227;0.27067053;0.76339376;0.6092953;-0.13952254;-0.63431376;-0.7497107;-0.7438234;-0.71084964;-0.77016306;-0.37837988;1.3973533;1.8255852;0.46234983;0.29902065;0.48512986;0.68047065;1.2219504;0.3172271;-0.4024463;-0.40181315;-0.35557374;-0.09962369;-0.28682095;-0.43560487;-0.27981052;-0.14794838;-0.22846593;-0.16544822;0.27434275;-0.61891395;-0.05384497;0.5491515;-0.16029115;-0.9197179;-0.51265514;0.5344982;-0.09146058;-0.48922795;0.008722234;-0.9004465;2.3539846;0.048605986;-1.3333379;-0.22913717;-0.73479396;2.4978783;-0.30746862;1.1976238;2.121687;0.8056134;-0.28655443;0.09406017
1.5977445;1.0122592;-0.48142374;-0.40843442;-0.53444767;0.66430205;-0.17979883;-0.032070443;-0.5305178;-0.028963882;-0.31372547;-0.58355653;0.13056545;0.45810124;-0.12867309;-0.4490259;-0.047582243;-0.10623702;1.3124604;1.3947139;-0.24676125;-0.07084244;0.23425743;0.49070165;0.18032926;0.15500516;-0.49326685;-0.7344721;-0.5882116;-0.38620985;-0.21937716;-0.08563522;-0.47800124;-0.48552275;-0.47063148;-0.28477678;-0.38470468;-0.25371078;-0.24053867;-0.26750597;-0.08905152;-0.0573879;-0.7126915;-0.08976436;-0.28869516;-0.093023494;-0.5442673;-0.46029255;0.48192737;-0.06158239;-0.42436314;-0.9851686;-0.6062905;-1.1030623;-0.60741925;-2.4597323;0.8011602;0.08772492;-2.890893;-1.9271369;-1.6705925;-0.28253156;0.3723498;1.0368439;-0.36112347
2.1595197;0.20214763;0.30977124;0.24261543;1.4569011;0.48489994;2.6220415;0.261508;2.4796946;-0.18440273;0.5709578;-0.37136394;-0.6809997;0.09032315;0.10541695;-0.5138112;-0.1544293;0.35868558;0.07347411;0.56200475;0.9334243;0.2588792;0.44580445;0.15235777;0.4380156;1.1730704;0.56279117;-0.461198;-0.33619997;0.2007697;-0.044652354;-0.36084804;-0.15573353;0.3907189;0.6116554;0.55068314;0.50043714;3.9064121;0.2964847;0.057827603;0.035093207;-0.16059324;3.3292563;0.011102895;0.2794047;-0.42022532;-0.59672284;-0.40619186;-2.8308864;0.1302582;2.260609;-0.0986232;-1.5922573;-1.9859923;-0.6436006;-0.22202694;0.5786895;-0.634599;-0.79537386;-0.6876026;1.3394728;0.31536356;-1.4013578;2.412295;2.5289927
