normalizeInput
Infinity;0.0;0.0;0.0;0.0;0.0;-100.0;0.04025327;0.0958029;3.995282E-4;0.002771479;0.01724346;0.01241297;0.01381118;0.02869348;0.02841226;0.02146699;0.03047282;0.04005529;0.04743753;0.03613685;0.04914695;0.07618792;0.07428113;0.06901136;0.08587926;0.1050197;0.1057608;0.1292238;0.1642371;0.1150425;0.1470356;0.1429559;0.09871451;0.08602386;0.09493292;0.08405855;1.721807E-6;1.284539E-6;43.06641;43.06641;43.06641;57.42188;8.274766E-4;62.43022;0.6428832;2331.836;-4.958148;1.077751;-6.48191;0.05741347;3.326225E-6;-38.95215;-61.98112;-58.81648;-81.4014;-89.48617;-82.57594;-64.31179;-76.43185;-72.62421;-63.18184;-64.91129;-61.9453;-51.49325;-57.98985
1.0;616.4218;0.9427915;1.0;1.0;1.0;133.57207;4.763084;11.251677;0.53182465;0.7999495;1.5230474;4.872265;13.350819;20.839445;23.843618;22.580004;21.068996;30.697023;25.036263;24.625633;20.560913;20.714184;21.665499;21.888058;31.981203;22.25936;20.542109;24.326027;20.009123;22.572878;20.864374;18.344374;14.770895;12.945286;10.174658;8.250806;46.82788;26.195957;10450.783;10565.624;10838.384;10924.508;4.7053857;10282.819;6.5202665;2.2454382E7;91.76769;13989.162;6.7733946;7.6125603;26.397627;95.83652;121.84958;124.05209;133.64075;134.34927;141.60297;117.617096;141.46152;137.40266;132.12378;132.81506;132.71155;113.96886;109.770035
codebookNumeric
64;65;1;0.0;0.0
0.22630411;0.86632925;0.2127746;0.0;0.5710453;0.7961433;0.11095266;0.078038186;0.045790456;0.07622049;0.09591431;0.06739413;0.03807632;0.03012228;0.036313895;0.03426895;0.03943291;0.033060394;0.04088012;0.041037813;0.04837757;0.044294942;0.05108966;0.062277142;0.038906753;0.055814244;0.06311597;0.054464556;0.07537501;0.04754682;0.049739253;0.041537914;0.052797966;0.05050388;0.052360356;0.054407675;0.0020415983;2.627984E-4;0.023351647;0.03668479;0.039735083;0.053876497;0.03304482;0.0500277;0.45742807;0.025810814;0.10048536;0.0017111159;0.9548096;0.06101304;0.0021279517;0.5956411;0.57344574;0.6929312;0.50617;0.45563972;0.45910984;0.42912206;0.6001443;0.53768456;0.35701346;0.59842575;0.41792175;0.5225718;0.45672798
0.35700455;0.93708915;0.009053579;0.006571263;0.08997513;0.8730858;0.16360463;0.19145536;0.09565595;0.07118112;0.07196482;0.052082665;0.03203809;0.024233045;0.026315672;0.0654181;0.12649445;0.08076747;0.13385834;0.16863672;0.17385633;0.19889092;0.32033974;0.2540963;0.09716882;0.12363699;0.11770272;0.06966535;0.09058303;0.103738904;0.069639206;0.06843211;0.055869937;0.06843539;0.100276895;0.095067784;7.4657187E-4;0.0011172054;0.057692297;0.06114131;0.059602622;0.07227336;0.026824927;0.06358034;0.3036644;0.004724377;0.10924677;0.0048357486;0.94865;0.0854839;0.009842743;0.72453517;0.3821818;0.30589148;0.5159424;0.6114497;0.47605497;0.6093776;0.79920626;0.35091725;0.27261224;0.3275456;0.24064372;0.39164966;0.21381436
0.0;0.62455904;0.0;0.0;0.0;0.0;0.046800062;0.23441708;0.006865599;0.3316536;0.0376489;0.029707648;0.018247047;0.015887411;0.014957657;0.023368489;0.032545436;0.03143444;0.033304736;0.05151641;0.1053214;0.13638318;0.12492317;0.2235071;0.15492521;0.22700058;0.29995447;0.23522668;0.23294204;0.19124275;0.21687171;0.26161158;0.302318;0.27086625;0.18155688;0.13920161;5.1417505E-6;5.6409142E-5;0.1167582;0.21603262;0.3377482;0.5032853;0.0065555735;0.24546583;0.7981898;0.16214421;0.060889594;1.1827312E-4;0.9569354;0.22000307;3.895262E-5;0.3500029;0.52534145;0.69141465;0.7921936;0.6306253;0.38712552;0.6421278;0.4509632;0.6206984;0.41325343;0.47932053;0.42776668;0.4566259;0.5943877
0.0;0.65564126;0.0;0.0;0.0;0.25454715;0.1653239;0.06149676;0.041773584;0.3798425;0.05157493;0.02622116;0.017210227;0.009109873;0.008551636;0.018644784;0.01484205;0.007960394;0.009785188;0.013384262;0.018862344;0.021612132;0.020462537;0.026256593;0.02261339;0.034728512;0.049024284;0.051492877;0.07206667;0.08199311;0.08247563;0.080124676;0.071895406;0.084336504;0.11818699;0.09042677;3.333789E-4;8.698863E-4;0.09065932;0.34103265;0.57483417;0.6136665;0.039154224;0.3562619;0.9057672;0.312115;0.055738367;5.8698148E-5;0.95641536;0.33156395;0.0010710302;0.34644362;0.548645;0.3724612;0.55126745;0.62376386;0.4900922;0.3963821;0.5454968;0.53733313;0.44327343;0.5003222;0.39052895;0.42418474;0.49014997
0.17304467;0.8309294;0.05364765;0.1160585;0.6690779;0.79282933;0.067131214;0.123813994;0.038615983;0.037480317;0.14813928;0.11177643;0.066756964;0.07154128;0.06336693;0.085280545;0.10297075;0.06406118;0.076519586;0.09663695;0.10310953;0.07431893;0.06110835;0.07188338;0.044736054;0.04967979;0.06881057;0.05937999;0.076350614;0.057388674;0.06266612;0.07664002;0.10106392;0.097765565;0.09463395;0.07013347;6.023161E-4;1.288586E-4;0.008241755;0.017663045;0.03443707;0.056504615;0.030981056;0.025733594;0.46354377;0.005434862;0.1436444;0.011486682;0.95517313;0.036497768;7.346499E-4;0.79687274;0.6645979;0.3532033;0.6087414;0.7498234;0.62849706;0.6095135;0.4812289;0.6132844;0.4251908;0.541855;0.3766851;0.28518203;0.49574926
0.31226718;0.88307977;0.1692121;0.5333595;0.6472927;0.74865955;0.08484703;0.16469137;0.05880295;0.045669295;0.19271694;0.37550768;0.19768906;0.10828218;0.0954701;0.18307172;0.24908406;0.09269194;0.09464171;0.10511425;0.13882355;0.13170841;0.069517575;0.045658585;0.03497876;0.059093535;0.058919568;0.043991324;0.062815584;0.069896206;0.099629894;0.06389769;0.0852007;0.07856877;0.058564708;0.06383572;0.0020348022;2.5560563E-5;0.013736261;0.017663045;0.03178807;0.0473062;0.041579317;0.027396902;0.34263307;0.013057788;0.18787645;0.017981317;0.9531186;0.038555037;0.0021996782;0.66836244;0.7652366;0.5297514;0.5605004;0.5843114;0.3950985;0.5049698;0.513936;0.64137036;0.5555409;0.3294122;0.20359752;0.34903976;0.43913835
0.14412972;0.83541614;0.07163282;0.0;0.03875112;0.82670647;0.25918224;0.13011645;0.22565646;0.06740158;0.1574252;0.10809916;0.046618525;0.030646527;0.05020911;0.09029932;0.08522006;0.05167891;0.067604795;0.069323055;0.09111429;0.14873587;0.11779981;0.055890094;0.044532746;0.050323118;0.07503535;0.11678649;0.090267114;0.10211469;0.07095666;0.08241519;0.10732224;0.070076056;0.07273841;0.07443724;0.055345863;0.0018933457;0.043956034;0.04483696;0.0476821;0.045992132;0.10561489;0.045265015;0.30894208;0.0034147226;0.18073528;0.01859271;0.9029761;0.065062195;0.044030424;0.7361716;0.5198627;0.52307117;0.43710545;0.5927931;0.46104673;0.41894522;0.6641222;0.75680363;0.52119374;0.47084492;0.51656497;0.4137876;0.45006165
0.0;0.6884003;0.0;0.0;0.0;0.0;0.40817353;0.092686996;0.21100052;0.10015749;0.085451074;0.046636183;0.02327408;0.018305024;0.019062713;0.022633532;0.03657681;0.027133897;0.055304;0.08883906;0.111887395;0.0925603;0.08618463;0.07445844;0.03821175;0.05175537;0.058888707;0.0489736;0.08726989;0.08148875;0.060349736;0.046818558;0.047107574;0.04853772;0.048031587;0.06117255;0.012036788;0.049439866;0.050824173;0.09375003;0.10993369;0.13534826;0.23956496;0.092451274;0.64393866;0.029791713;0.121022165;0.0044691004;0.91528136;0.10854001;0.027040446;0.6638802;0.37868464;0.38521004;0.6257633;0.7252166;0.6181095;0.3187559;0.5580859;0.4031589;0.4029577;0.5155721;0.46494895;0.4515818;0.57492006
0.27725238;0.88532;0.01070036;0.01502621;0.0724935;0.8656911;0.32769856;0.08767005;0.27279323;0.06708662;0.10499827;0.07756264;0.03333194;0.04737873;0.04242308;0.066351846;0.060969308;0.040080976;0.049028464;0.07358585;0.085760735;0.04256955;0.049113795;0.092488356;0.09463008;0.08291745;0.07123169;0.03811811;0.032512743;0.028914036;0.019741585;0.013819721;0.024551958;0.02723876;0.0283593;0.028055567;0.058194503;0.012938383;0.028846154;0.040760875;0.0476821;0.07884365;0.12386173;0.044824068;0.43940115;0.0068019005;0.13285881;0.008537856;0.8879068;0.06198354;0.07036389;0.8259994;0.44768912;0.49470988;0.5059397;0.41043815;0.72866285;0.32463533;0.54435575;0.40285775;0.41769907;0.7425206;0.42022374;0.32842928;0.452619
0.0;0.740294;0.0;0.0;0.0;0.25373614;0.08464739;0.03453103;0.04161921;0.08251969;0.076341376;0.06288984;0.02570916;0.016790386;0.016738985;0.014282917;0.014725675;0.009477387;0.018806811;0.01544172;0.014448972;0.0109907435;0.01439374;0.020728396;0.023614895;0.031399004;0.022070028;0.024460072;0.022094697;0.01611145;0.020504728;0.014531529;0.012043135;0.031334642;0.080008715;0.08589599;7.779511E-4;8.487013E-5;0.013736261;0.020380434;0.027814563;0.038107768;0.035687916;0.02740855;0.40419877;0.012341844;0.16742022;0.010988625;0.955308;0.037535224;0.0010410702;0.6864409;0.57456654;0.5934621;0.5657872;0.64381343;0.56936896;0.4832173;0.5083538;0.48589766;0.46634325;0.43712935;0.499755;0.40750334;0.5021069
0.4060935;0.93835676;0.01311005;0.00903286;0.179464;0.8303151;0.16119602;0.0452451;0.16747797;0.05291339;0.028198825;0.03243946;0.029492853;0.014335383;0.022554917;0.04160667;0.029520964;0.029998938;0.032222733;0.039867084;0.025164574;0.024762915;0.025374644;0.02732716;0.020214088;0.038547575;0.039753925;0.028096804;0.024984943;0.022870805;0.02340979;0.027133562;0.024487142;0.020316828;0.01745007;0.016214823;0.023155443;5.956593E-4;0.03434065;0.03668479;0.04370859;0.051248383;0.17008087;0.038836557;0.31531593;0.0016833709;0.16192412;0.022677403;0.9333859;0.056994;0.023379853;0.7721157;0.5844056;0.35940418;0.27611756;0.45547852;0.4648145;0.5046127;0.338073;0.31663793;0.43404794;0.36871296;0.37728038;0.27382553;0.3534057
0.23584792;0.852844;0.0;0.0;0.7083333;0.7649089;0.063813366;0.0850388;0.017007103;0.13543306;0.044921342;0.03399746;0.017854389;0.012792098;0.014673026;0.01615418;0.02087186;0.018237984;0.02750373;0.031154156;0.044560954;0.03863853;0.047846712;0.060138397;0.041507438;0.07987477;0.095823854;0.08834846;0.09743515;0.069183454;0.059892062;0.0737182;0.09736692;0.07453911;0.08550692;0.10628273;1.8198189E-4;1.1023565E-4;0.09203297;0.1372283;0.21059594;0.27463874;0.021052295;0.16770652;0.69288987;0.09433278;0.0712815;4.9687247E-4;0.95671386;0.14545232;2.0128756E-4;0.45583168;0.58727396;0.7098894;0.5413534;0.46632227;0.5776947;0.49128693;0.5455144;0.5935766;0.38133878;0.5075703;0.45416397;0.43542075;0.5282149
0.0;0.627529;0.0;0.0;0.0;0.0;0.08751141;0.10531614;0.020319933;0.44692922;0.05993132;0.032697346;0.018214697;0.011179613;0.0096459575;0.0131185725;0.014108389;0.012812057;0.016367575;0.017224351;0.02074935;0.031997446;0.057436477;0.10269607;0.07498088;0.0644441;0.09736504;0.11982944;0.11104435;0.07418569;0.099978186;0.13790448;0.16045551;0.13281454;0.12970127;0.1659081;6.104441E-5;1.9028719E-4;0.0315934;0.21603262;0.53112555;0.67148507;0.019221108;0.3046533;0.831552;0.37392652;0.059211098;6.308498E-5;0.9567688;0.2814527;2.1227529E-4;0.37356952;0.6474047;0.57688266;0.64652616;0.5951959;0.5676188;0.4464188;0.733501;0.6660852;0.44042262;0.53860676;0.4615063;0.335284;0.5688239
0.16072474;0.8688898;0.04749684;0.03279212;0.08089831;0.87044877;0.049850207;0.05411352;0.056679532;0.023307081;0.07429824;0.05958952;0.036975294;0.028274449;0.02708313;0.020308597;0.017729975;0.0121983625;0.01855504;0.016757399;0.017801784;0.015832005;0.034507062;0.048613757;0.030525079;0.028421568;0.041308936;0.036340386;0.03627311;0.035429057;0.035944864;0.061541054;0.07736312;0.063120306;0.05690976;0.049869798;9.4220875E-4;4.360015E-6;0.012362632;0.016304346;0.017218536;0.021024978;0.01769036;0.015012913;0.2716867;0.001364208;0.43144777;0.11350625;0.9537408;0.023171643;0.0012891141;0.76320857;0.78243774;0.59225327;0.7096635;0.5987345;0.5378591;0.49721408;0.476872;0.44844586;0.4341401;0.47863057;0.3877365;0.3971643;0.47824365
0.0;0.737719;0.0;0.0;0.0;0.25746298;0.010792237;0.034220636;0.0044092666;0.059842527;0.018671302;0.01654934;0.008876341;0.005867062;0.0056747696;0.010501416;0.01475974;0.011225626;0.016587468;0.01997973;0.02443668;0.027695524;0.022950651;0.024592543;0.01648721;0.022524938;0.027787143;0.028358327;0.031471882;0.018782575;0.025946341;0.041804727;0.04022029;0.03249298;0.028610682;0.02961777;6.7010524E-6;4.0161353E-7;0.006868135;0.009510872;0.022516549;0.035479642;0.0044394713;0.020962305;0.41574645;0.022360547;0.17087144;0.0094950255;0.9569422;0.027865542;5.7245666E-6;0.65248436;0.68824464;0.55131775;0.668934;0.63287735;0.49559596;0.56253743;0.63843596;0.57910013;0.50875026;0.45876792;0.46252748;0.4415846;0.51502657
0.65922165;0.77005816;0.09461322;0.06497549;0.1058173;0.7776887;0.51584744;0.103268705;0.3146625;0.12944882;0.093554825;0.055906385;0.034296606;0.037601437;0.045624692;0.04796589;0.026581623;0.021747192;0.0319677;0.036064055;0.047942866;0.046985827;0.050132744;0.06616703;0.058354896;0.10004108;0.0812792;0.07292289;0.07980819;0.08130791;0.09918876;0.114093624;0.10442905;0.08874383;0.093021326;0.09596857;0.07103015;0.043618668;0.03846153;0.05163044;0.09006616;0.1681998;0.3440312;0.08381445;0.49384803;0.03307886;0.09058316;0.0014637859;0.8690199;0.09538325;0.08038945;0.48941374;0.32769173;0.37799796;0.47067395;0.4311298;0.29853803;0.46370932;0.46875963;0.46006623;0.552475;0.4687647;0.64945763;0.6191142;0.5523861
0.6292438;0.96770334;0.009435341;0.008899613;0.07271086;0.85564846;0.6287474;0.13704874;0.5059987;0.14078741;0.06601878;0.07995623;0.034258462;0.020661516;0.023170242;0.024138061;0.03379657;0.032068703;0.035652194;0.07333818;0.08421669;0.14609835;0.13849248;0.12187694;0.06723698;0.09720864;0.09073213;0.07066025;0.10913547;0.16242398;0.13363849;0.0748919;0.103284635;0.14894041;0.11888872;0.09827942;0.0015376413;0.41200513;0.10439558;0.1372283;0.13642381;0.13666236;0.40208277;0.12581868;0.3704956;0.01047517;0.12686245;0.0064388164;0.76015097;0.14120041;0.26942214;0.48959374;0.22662543;0.2461269;0.56886774;0.8015376;0.54452527;0.4399374;0.5898952;0.56166255;0.45793834;0.27171874;0.32517496;0.57345897;0.4831655
0.25885442;0.9142246;0.01614223;0.08617779;0.2081997;0.8843451;0.097261876;0.08726808;0.07894166;0.05196852;0.14361814;0.11135561;0.05758164;0.069117084;0.13280559;0.12198864;0.05762966;0.04166986;0.069998406;0.055163622;0.046429697;0.028265387;0.02185433;0.022159357;0.021310205;0.032768935;0.045938283;0.042815465;0.044802908;0.041829646;0.051184446;0.044862792;0.039659955;0.040198706;0.04248698;0.055304;0.005641493;4.0618957E-5;0.03296703;0.040760875;0.039735083;0.042049948;0.017515838;0.037716717;0.3427361;0.0010904857;0.13961938;0.021934763;0.951189;0.056065727;0.0066625676;0.89009184;0.63956773;0.4132772;0.39749777;0.53100276;0.5270097;0.5289477;0.49277356;0.466715;0.4736129;0.4811891;0.5733216;0.5256222;0.45920095
0.36908737;0.9303483;0.005630421;0.003252174;0.02192068;0.92006314;0.07139396;0.09761995;0.055323202;0.04818898;0.04984052;0.10697546;0.08052037;0.05709214;0.105988644;0.08765242;0.09714375;0.08612424;0.12125007;0.047686167;0.038378313;0.040535443;0.038361438;0.033867385;0.02345251;0.04009438;0.063222535;0.05374561;0.050862245;0.06730146;0.051194124;0.033556435;0.028592957;0.024119848;0.0274353;0.023330742;0.0026348594;4.3153627E-6;0.0315934;0.03668479;0.039735083;0.038107768;0.010575278;0.035342533;0.29073516;0.0025462648;0.29344618;0.057674065;0.954032;0.052659295;0.0032450538;0.8306864;0.69466233;0.3960418;0.36479777;0.47985458;0.47836632;0.5009418;0.51591146;0.3555417;0.38345936;0.35876083;0.53318506;0.51204884;0.36117864
0.0;0.6782058;0.0;0.0;0.0;0.0;0.1413812;0.076553926;0.08378639;0.07149608;0.08094261;0.0549063;0.034357775;0.026588904;0.031504158;0.031452235;0.043732528;0.033411015;0.032361433;0.03986968;0.07380076;0.060877178;0.047348592;0.04837591;0.027451148;0.04018217;0.047118153;0.036519777;0.048516866;0.07061831;0.061875015;0.065610476;0.058389194;0.070258036;0.056915153;0.057733275;0.0025692424;7.494582E-4;0.01510989;0.028532617;0.05430461;0.068331175;0.06675689;0.037261404;0.53630453;0.006506291;0.12020548;0.00746767;0.95077866;0.051524315;0.002646528;0.78793734;0.5364094;0.44687098;0.53701633;0.72039276;0.5920747;0.4693137;0.5266543;0.60006446;0.5256727;0.38846785;0.30862862;0.47659647;0.57908994
0.26917216;0.8719408;0.0;0.0;0.1351674;0.76276594;0.04408892;0.08501125;0.026495166;0.08944883;0.056437925;0.03433248;0.02096139;0.018243665;0.023615364;0.027225945;0.03460472;0.02241962;0.032995835;0.043206487;0.048942287;0.061322525;0.06956216;0.06872751;0.045182;0.09358212;0.122754306;0.08511625;0.061943986;0.052527796;0.060367275;0.05293493;0.04997382;0.04404706;0.039769877;0.034093536;0.0010345853;1.6465188E-5;0.024725268;0.040760875;0.10596023;0.14980291;0.029805934;0.08087926;0.53358674;0.060490023;0.13454454;0.014264032;0.95593065;0.08491539;4.7851892E-4;0.5960591;0.6134152;0.6920568;0.56746423;0.4149727;0.45882535;0.5406044;0.43247908;0.58397907;0.6147785;0.47932744;0.51293325;0.5110697;0.47338974
0.0;0.7493367;0.0;0.0;0.0;0.0;0.32252336;0.07967374;0.27074164;0.07622049;0.057303492;0.025184084;0.015071174;0.015369327;0.03768333;0.063903935;0.05992654;0.03844196;0.0403042;0.044959825;0.065947555;0.10857035;0.086923175;0.07257148;0.075820684;0.07566257;0.03608675;0.039511185;0.057559736;0.02819381;0.020058982;0.010123525;0.014818019;0.024738863;0.020503469;0.028516324;0.054511312;0.0091437325;0.042582408;0.04483696;0.051655605;0.084099896;0.19916843;0.0556481;0.429533;0.008135884;0.13850965;0.009056207;0.9010988;0.07495755;0.03665268;0.6800461;0.3207009;0.28277868;0.50805265;0.24213268;0.40213707;0.17424007;0.59453243;0.51048136;0.41601783;0.60103774;0.32115752;0.37316218;0.64076084
0.29506093;0.8075956;0.2160286;0.09351385;0.2042476;0.796675;0.33262792;0.11641209;0.19757766;0.12818898;0.075762734;0.04262587;0.02327157;0.021329138;0.024140906;0.05956855;0.09432756;0.052713178;0.048178855;0.058978308;0.058715876;0.0652089;0.08692497;0.09714268;0.069122374;0.10206899;0.10498091;0.10066894;0.0984184;0.08183704;0.07344315;0.07113266;0.08141182;0.062566996;0.057355404;0.057497356;0.026231624;0.014820532;0.04945054;0.057065222;0.09933775;0.15637328;0.17673989;0.08583459;0.46096793;0.019218206;0.08324705;0.0012865609;0.92064744;0.100497745;0.034352574;0.613047;0.28522938;0.48809627;0.488706;0.3007934;0.4804866;0.6873918;0.6835817;0.606449;0.4633471;0.41515577;0.49269402;0.31791598;0.36854592
0.20650746;0.8729732;0.09837652;0.02012893;0.03874283;0.8836021;0.1691798;0.12711583;0.16374831;0.038740158;0.19142494;0.1295735;0.08033131;0.06552505;0.08963709;0.11642988;0.11854871;0.10060609;0.080203526;0.10390994;0.10856654;0.06948008;0.06303137;0.06663587;0.064223304;0.09500346;0.065498106;0.07237323;0.06291085;0.042358555;0.049561486;0.031644396;0.033880413;0.03993147;0.0497499;0.04494638;0.018703498;4.3740548E-4;0.01648351;0.032608703;0.04105958;0.045992132;0.07598319;0.030620178;0.43903798;0.0018307221;0.105220184;0.00808419;0.93152374;0.045405295;0.016380485;0.86187285;0.64909256;0.5091406;0.47450167;0.52147007;0.6524298;0.5647447;0.45710316;0.5870139;0.5781529;0.5908093;0.34782538;0.37411427;0.51746595
0.24432425;0.9236903;5.445349E-4;0.01023699;0.01462172;0.9152739;0.4247815;0.101288736;0.29930234;0.066456705;0.07420297;0.05653961;0.028156156;0.0279053;0.035459064;0.047591936;0.057867687;0.027868025;0.03941053;0.050655477;0.044640724;0.06270249;0.08327756;0.093220994;0.053624555;0.07708377;0.069572516;0.08065732;0.090344384;0.088421136;0.10163604;0.06653294;0.058186676;0.054960765;0.05581528;0.057787716;0.07037944;0.021436263;0.042582408;0.052989136;0.052980114;0.12352174;0.060068768;0.063430294;0.42208397;0.01075793;0.09338687;0.001726588;0.87613475;0.082047746;0.08752297;0.6868036;0.3585839;0.49045733;0.49539128;0.48397517;0.4672549;0.4591454;0.7820162;0.6191142;0.42811683;0.6288865;0.5000412;0.43418697;0.3523293
0.41099066;0.8577886;0.1224267;0.2347883;0.3877606;0.77949995;0.2880438;0.13157764;0.14292353;0.1033071;0.083269;0.061699692;0.03032107;0.025253734;0.072549924;0.10127221;0.055928964;0.032160178;0.044717275;0.062203687;0.07482975;0.1292934;0.17765263;0.10761364;0.039330505;0.05933362;0.12638801;0.109035075;0.09870927;0.080200434;0.09734073;0.11962307;0.073615886;0.04106534;0.05208034;0.058091994;0.011611288;0.0073996275;0.04532966;0.05027175;0.071523145;0.17608419;0.13293871;0.08336102;0.46996897;0.029708419;0.08360563;7.313904E-4;0.94006014;0.09719191;0.017757853;0.6072187;0.27754927;0.5187847;0.32773116;0.6389486;0.380359;0.5446646;0.7465036;0.65991753;0.64328235;0.29206887;0.7195221;0.37494722;0.32029378
0.29783487;0.9357124;0.01104568;0.01093412;0.1100388;0.8267061;0.36307606;0.08054632;0.27075404;0.08692914;0.21001588;0.103987865;0.03803871;0.052763574;0.04268504;0.045619525;0.040849626;0.035911128;0.03965929;0.0355355;0.09159628;0.108254865;0.06081798;0.053044118;0.048980545;0.09152686;0.04154949;0.021884333;0.025123587;0.036245033;0.038181383;0.03229012;0.02959091;0.033529524;0.03314821;0.039441243;0.05425104;0.02207992;0.0315934;0.043478265;0.059602622;0.11563735;0.16290286;0.055277277;0.4778505;0.007766932;0.10251464;0.004649191;0.8883663;0.0736655;0.07480542;0.79509425;0.39409098;0.34373283;0.59366864;0.4964063;0.52004397;0.40377584;0.4712302;0.507716;0.5706216;0.4670158;0.3463609;0.4568418;0.56670094
0.27190796;0.9085247;0.006105492;0.007329064;0.0821695;0.8845675;0.26097688;0.093767636;0.27640477;0.035905518;0.13451402;0.07273973;0.043582764;0.039868332;0.026793936;0.036622975;0.041818716;0.02369096;0.034139156;0.036191657;0.03346326;0.048657335;0.09991309;0.1022859;0.052098628;0.08311965;0.082272485;0.06359761;0.0849391;0.07240931;0.052186966;0.049156494;0.07005388;0.059036676;0.060247753;0.07716808;0.06876075;0.002097344;0.024725268;0.028532617;0.027814563;0.039421823;0.06401756;0.02930371;0.31008792;0.004141918;0.20835347;0.022583935;0.88300437;0.04326797;0.074543886;0.73199284;0.5933636;0.59497523;0.6695006;0.39078355;0.41193688;0.5113284;0.5268626;0.44840255;0.3838337;0.49418324;0.48231065;0.405579;0.5323772
0.16189155;0.8527936;0.0;0.0;0.3201989;0.84045875;0.0740805;0.06588285;0.06832402;0.03055118;0.063986145;0.05138486;0.03489642;0.02643531;0.018678311;0.020116214;0.028794412;0.025147561;0.03252374;0.037583098;0.04440397;0.062208533;0.062156472;0.050630108;0.028331537;0.04043914;0.03997457;0.047335852;0.051386807;0.045050815;0.035418797;0.05452713;0.044053108;0.047121797;0.050499745;0.05866152;9.881884E-4;2.818917E-5;0.004120878;0.012228259;0.01589403;0.02496716;0.036480904;0.015022007;0.345511;0.008113868;0.21476957;0.018343346;0.9528898;0.021582348;0.0013050735;0.669144;0.77042824;0.56528807;0.72210187;0.710924;0.46958867;0.52580106;0.5270133;0.49164602;0.565681;0.44360134;0.53353745;0.3900791;0.49717605
0.11526319;0.80718887;0.01887632;0.0218615;0.1307177;0.79394174;0.09885476;0.110013925;0.03659714;0.10362205;0.117349885;0.06006778;0.03758518;0.040489204;0.062032185;0.071007915;0.04699508;0.015547863;0.016979754;0.020953508;0.02906503;0.026221124;0.047154922;0.14314759;0.11247058;0.09372634;0.09326833;0.08631267;0.11386466;0.12512314;0.083161294;0.05044904;0.055361897;0.054819874;0.069138855;0.057521753;7.471034E-4;5.259455E-4;0.0315934;0.040760875;0.07284765;0.19053885;0.032256998;0.07474305;0.5389799;0.034045137;0.07263478;3.7738087E-4;0.95590097;0.081094205;6.937303E-4;0.66023844;0.41139746;0.8201592;0.5662499;0.4087142;0.48706383;0.42535654;0.79087615;0.48680535;0.59109753;0.668342;0.5046662;0.41166148;0.51445687
0.5140566;0.9440849;0.004385264;0.004749953;0.05120699;0.85277635;0.1625683;0.09773068;0.06863016;0.10992127;0.07035121;0.039186176;0.042734127;0.045765523;0.03204047;0.026544092;0.051757623;0.03533068;0.10653761;0.11296624;0.052853197;0.06313322;0.07967358;0.09504039;0.05434204;0.07820725;0.051144224;0.0324981;0.04579276;0.051322367;0.05840038;0.06617517;0.05112031;0.04779499;0.04820428;0.057637706;0.0030167107;0.0015288197;0.024725268;0.03668479;0.083443664;0.13140611;0.022836454;0.070996314;0.41108456;0.04066977;0.100155905;0.0018161652;0.95264626;0.08395642;0.004871687;0.5190753;0.45474476;0.3521256;0.48795384;0.27625537;0.6015944;0.5263224;0.22492695;0.31134745;0.30731556;0.4234692;0.4655713;0.5350944;0.47278222
0.61485475;0.83169574;0.06013593;0.04898354;0.378299;0.79309833;0.58619684;0.114500456;0.47071752;0.0919685;0.11566136;0.048899155;0.017785825;0.035412285;0.03991069;0.023822233;0.046222907;0.052747615;0.052729774;0.07713808;0.113346964;0.08053685;0.090902455;0.077087775;0.06344635;0.12961353;0.1072924;0.044556234;0.05931459;0.0782597;0.06646283;0.05251393;0.06906179;0.09516354;0.109273665;0.105028294;0.04248461;0.16138026;0.06456042;0.07065218;0.10066221;0.113009214;0.42887565;0.08151774;0.49780372;0.0084463805;0.09631083;0.0033027076;0.74755;0.102334;0.17781124;0.6449921;0.30945122;0.23258978;0.48363566;0.5393993;0.576864;0.4376557;0.4450063;0.44562563;0.6051321;0.48436558;0.30552337;0.66338223;0.73738885
0.0;0.67582184;0.0;0.0;0.0;0.0;0.011626138;0.047099754;0.006153436;0.04094488;0.061374214;0.02962393;0.009741456;0.0063823587;0.009445451;0.010711575;0.012879194;0.013736175;0.02182463;0.024517983;0.03227666;0.0398986;0.041135974;0.034479775;0.01972391;0.029210895;0.043478336;0.037655644;0.033565342;0.026638424;0.031200504;0.048694503;0.060238823;0.055350505;0.05242813;0.045050286;4.789935E-6;1.150923E-6;0.0;0.0027173911;0.014569533;0.027595276;0.003874104;0.012717978;0.26891932;0.011799249;0.18040638;0.012713896;0.9569344;0.016282763;4.341609E-6;0.63181007;0.6055611;0.5762758;0.68608385;0.7226069;0.5642838;0.53057915;0.46981388;0.5537817;0.630388;0.5944928;0.53158337;0.52321714;0.5256182
0.14750396;0.85865855;0.1034199;0.1682808;0.2608712;0.8108509;0.13260432;0.10819713;0.13146733;0.018897641;0.1043583;0.07918423;0.06264493;0.069427595;0.06396361;0.04576505;0.040089607;0.03517034;0.04486598;0.042582545;0.06758076;0.11338777;0.11149256;0.06417352;0.0679539;0.08692736;0.05028219;0.0515975;0.08280572;0.056500398;0.06530335;0.05984299;0.07028589;0.07507514;0.07902836;0.07218764;0.012199163;3.8294404E-4;0.009615384;0.023097832;0.033112563;0.035479642;0.06969992;0.022481732;0.41747755;0.0023464104;0.16305715;0.02004244;0.9398914;0.03376837;0.0061640264;0.82222897;0.6458738;0.507012;0.77485305;0.56201804;0.39649835;0.38676003;0.5852944;0.6100993;0.48166642;0.5225454;0.39105317;0.60197806;0.736869
0.27115166;0.78455865;0.04832399;0.02237774;0.04693734;0.78403956;0.25580502;0.05118526;0.13569772;0.08346458;0.12033167;0.045098335;0.019103192;0.014216441;0.022744115;0.03368498;0.017065482;0.014172563;0.0140298605;0.0144786015;0.019262655;0.017637176;0.021718146;0.03107165;0.019985354;0.02883923;0.039076477;0.044854846;0.07521978;0.07191779;0.07021411;0.05416942;0.03420659;0.024725499;0.01760865;0.014892987;0.014794592;0.005471711;0.041208785;0.042119566;0.09933775;0.22601852;0.09740134;0.09194713;0.43227997;0.06384888;0.09216869;0.0015637769;0.9417305;0.09584699;0.015784368;0.54036903;0.50260144;0.666741;0.3804654;0.55688256;0.45421943;0.3379285;0.5901697;0.56820655;0.5806197;0.6305378;0.468504;0.4893651;0.5350297
0.2559327;0.87531257;0.0186773;0.02134287;0.0488189;0.8374194;0.2159344;0.10840003;0.10345057;0.13763782;0.049738217;0.03724119;0.020177994;0.022866022;0.030144854;0.041372657;0.043793064;0.030463334;0.059622776;0.07404972;0.10962972;0.12132475;0.10722771;0.06409873;0.039911345;0.06732967;0.06648851;0.052660972;0.06405727;0.07873216;0.09346445;0.094896786;0.09745013;0.084094405;0.06976117;0.068573035;3.5977218E-4;0.016637273;0.09890107;0.10733692;0.12715222;0.1392905;0.06582649;0.11228825;0.5448447;0.0077738347;0.107692525;0.004754066;0.94851774;0.13071194;0.009745398;0.621789;0.33085376;0.2063122;0.69484913;0.8635776;0.52396816;0.5943855;0.42828867;0.6390485;0.4858467;0.43442756;0.5373861;0.4525575;0.4105481
0.24833092;0.89542955;0.005154001;0.003702037;0.08726066;0.85819906;0.100525945;0.09120624;0.055510744;0.059842527;0.09595934;0.06775749;0.039164875;0.02942657;0.030521639;0.04906288;0.07929609;0.04172612;0.028073782;0.060910847;0.09480606;0.06897458;0.079991594;0.08626091;0.061935965;0.07270202;0.09357521;0.046966;0.047432907;0.043470643;0.039888173;0.031527013;0.0365261;0.03949347;0.035249323;0.030697118;0.0022038855;1.18632866E-4;0.030219771;0.05163044;0.052980114;0.05781868;0.02331752;0.04473269;0.42929006;0.0037970345;0.1038981;0.0047747963;0.95404416;0.06317807;0.0028095678;0.8481713;0.45649642;0.5367432;0.5632588;0.42548996;0.49083903;0.73039186;0.56997037;0.5798494;0.57276344;0.42428264;0.41300422;0.39437935;0.41312337
0.2672146;0.86086756;0.008875687;0.008284732;0.03202029;0.8761974;0.31990153;0.09267873;0.20897408;0.13385834;0.06282223;0.056977633;0.021961465;0.02221075;0.021131871;0.035538934;0.051665112;0.0458102;0.046295386;0.042788427;0.060201857;0.06534778;0.07744331;0.10852816;0.059227098;0.06423371;0.045313466;0.048350733;0.04534436;0.043939345;0.06657518;0.09240812;0.08853496;0.06639277;0.074053586;0.06990938;0.010350451;0.0037120974;0.05219779;0.05978261;0.071523145;0.07358741;0.09567046;0.06901663;0.46970913;0.019858064;0.12809125;0.004449586;0.91746014;0.08956194;0.045146283;0.653317;0.5533403;0.22461772;0.5679221;0.6203286;0.35409966;0.90086776;0.5776371;0.45024917;0.41165656;0.38187975;0.48320454;0.39396936;0.5349204
0.18130961;0.8589092;0.0;0.0;0.2165605;0.8355654;0.016365284;0.079324916;0.017976917;0.022992127;0.07351887;0.053288452;0.030388901;0.025228782;0.026896782;0.03296851;0.03875626;0.028594758;0.03733832;0.040890813;0.051211346;0.052325595;0.052749764;0.054999202;0.03878318;0.05707987;0.06388318;0.05423233;0.064652555;0.05837366;0.058075573;0.059385188;0.0656995;0.062563606;0.0628341;0.061845172;7.910508E-5;3.66552E-7;0.010989013;0.014945656;0.014569533;0.017082796;0.00787714;0.012830633;0.23879068;0.001001737;0.4542616;0.12969005;0.9566429;0.019912424;1.492147E-4;0.7363794;0.7818636;0.6545271;0.6973697;0.7146177;0.54292107;0.45936045;0.5880866;0.50776654;0.4097382;0.38781106;0.43446264;0.42700085;0.4935638
0.16299407;0.8527217;0.01818211;0.006638364;0.08272146;0.8425009;0.10301167;0.10625261;0.11354611;0.043149613;0.1365227;0.08690497;0.06234909;0.058632158;0.049346402;0.036725778;0.039279707;0.02608999;0.030244892;0.03097648;0.047731005;0.050448187;0.061821003;0.09199188;0.04967242;0.065765835;0.0802903;0.084173925;0.094302826;0.09679233;0.08359016;0.06900241;0.103902206;0.09694843;0.09250828;0.10779199;0.0060386476;7.455545E-5;0.012362632;0.020380434;0.025165552;0.02496716;0.05741602;0.022732848;0.3475643;0.015115386;0.18547298;0.01213226;0.947771;0.031967353;0.0038660131;0.5888225;0.82040435;0.71935254;0.699941;0.58481103;0.45957989;0.3826444;0.5555649;0.49492043;0.3768202;0.5197189;0.3806232;0.45292383;0.59250927
0.2030285;0.86312723;0.0184321;0.009649966;0.1061543;0.87409294;0.08947546;0.045813467;0.11871821;0.015433075;0.0941011;0.0526664;0.021167424;0.023155786;0.0211265;0.024630774;0.020782048;0.024164712;0.038831294;0.047981795;0.040823195;0.03041016;0.023815935;0.021140745;0.013007166;0.02101399;0.025866892;0.018000457;0.022577742;0.023035541;0.03508424;0.041722912;0.04569828;0.027495889;0.030656056;0.038577184;0.0044491054;5.3527092E-5;0.006868135;0.008152173;0.021192044;0.027595276;0.035462685;0.012556272;0.29168957;0.0010159903;0.24283576;0.05595174;0.9426635;0.019609753;0.008580596;0.83526754;0.74024016;0.55188674;0.6426729;0.6595948;0.6544108;0.46945652;0.5167761;0.43904233;0.5280902;0.5848057;0.5411665;0.53136235;0.58261096
0.2671721;0.9154938;0.00827518;0.002879426;0.1158558;0.880458;0.10385906;0.107975475;0.0675991;0.05480316;0.07047163;0.061391234;0.04433852;0.037537392;0.06406338;0.07361265;0.074402034;0.04700507;0.06697719;0.08435987;0.12565152;0.10171306;0.07296245;0.07686802;0.057749823;0.0846622;0.075027116;0.06287793;0.06796234;0.04569522;0.036683097;0.041874684;0.043815605;0.03561434;0.0356004;0.03495734;0.0039648744;1.6037501E-4;0.041208785;0.043478265;0.04370859;0.056504615;0.02649165;0.04474594;0.34256834;0.0012504158;0.14491801;0.018124621;0.9526631;0.06522107;0.004411949;0.86157465;0.45129237;0.37789294;0.44526237;0.43522453;0.5381721;0.397049;0.5363972;0.5550225;0.56052923;0.5271269;0.41022894;0.39651176;0.56651706
0.29731736;0.858372;0.01125457;0.01702824;0.1366869;0.83297944;0.2522195;0.0635915;0.1856658;0.10960632;0.06892683;0.069686264;0.031250093;0.024492148;0.028802844;0.06448985;0.07255149;0.027483754;0.047879208;0.047259666;0.031760022;0.025651356;0.023318704;0.023714155;0.019438822;0.050297014;0.060924474;0.034504827;0.047744416;0.031549647;0.027926724;0.027331289;0.03031342;0.037077453;0.06633099;0.06614165;0.014991357;0.019246794;0.05631867;0.07608697;0.09139071;0.091984294;0.17866339;0.07578581;0.4408605;0.004652213;0.09923769;0.0049540163;0.9250166;0.09818084;0.03662709;0.763442;0.3835603;0.31535453;0.3996971;0.5416701;0.92042804;0.38583285;0.4813319;0.55944294;0.5238893;0.4018424;0.4682358;0.36316466;0.36822635
0.2645015;0.844738;0.6123459;0.4917576;0.4373186;0.7932107;0.24813919;0.14259529;0.2414064;0.07811025;0.098036565;0.05869107;0.03174169;0.032325976;0.054489583;0.10388068;0.13276751;0.06295235;0.05613619;0.060949422;0.075309105;0.112476416;0.15982701;0.112280935;0.06255339;0.08475219;0.14229237;0.0735888;0.0735179;0.069398135;0.085554995;0.07885405;0.115660794;0.101841725;0.11377681;0.07715187;0.031109571;0.0013046389;0.050824173;0.054347835;0.052980114;0.056504615;0.21168949;0.053756744;0.28705448;0.004581576;0.19226308;0.018131455;0.913363;0.07555351;0.044665102;0.66142124;0.53451234;0.44261083;0.49347588;0.49053842;0.44471046;0.77955544;0.66294885;0.76004;0.5632876;0.38257718;0.40285724;0.4229123;0.35926288
0.17409216;0.87435937;0.004284244;0.007010249;0.05700165;0.90933293;0.06248158;0.042134386;0.108114265;0.017637802;0.07926578;0.05540572;0.033501763;0.020063285;0.012911691;0.017705515;0.020170918;0.009944541;0.009155986;0.014922521;0.01903725;0.023829015;0.025125485;0.027578464;0.016526666;0.028744439;0.048034757;0.026202321;0.035507604;0.039615396;0.031376526;0.032769788;0.05165983;0.040735446;0.033133622;0.03746907;0.0019366419;7.807062E-6;0.004120878;0.008152173;0.01589403;0.01839685;0.0155004505;0.009199595;0.27717635;4.721566E-4;0.3996889;0.15040082;0.9455516;0.0145583125;0.0025176096;0.77754474;0.7884862;0.74929327;0.6747432;0.6396584;0.6024753;0.5294271;0.55084366;0.5903961;0.48275113;0.3951174;0.35835895;0.47996372;0.49579966
0.0;0.75568974;0.0;0.0;0.0;0.27171624;0.030193008;0.037639927;0.0054820497;0.15905517;0.075305365;0.022049075;0.0113408035;0.013386246;0.01429776;0.012647997;0.010361694;0.013838469;0.019982897;0.024868237;0.026476908;0.02867704;0.03868255;0.031099083;0.017632518;0.02377252;0.028393248;0.02464882;0.03317987;0.025412215;0.024296468;0.020021899;0.027778458;0.038192727;0.038811397;0.026573664;1.0518545E-5;1.404741E-5;0.0315934;0.052989136;0.13509925;0.2325888;0.0044139177;0.104494475;0.67419064;0.07644985;0.08214458;9.334218E-4;0.9569452;0.110717356;2.0047775E-5;0.5703788;0.44198835;0.5340514;0.5839855;0.6008171;0.50757223;0.5788079;0.59624636;0.46014506;0.440615;0.4652273;0.59807134;0.5491291;0.47141403
0.5078967;0.8950461;0.06217903;0.04403862;0.1853771;0.7809482;0.26987657;0.053779446;0.23182127;0.07433072;0.092872314;0.06274625;0.034639288;0.021975808;0.015673127;0.02469198;0.02928355;0.021607004;0.031887945;0.030714562;0.029746844;0.030575817;0.035414256;0.038789157;0.035216212;0.0382843;0.042477388;0.03092845;0.032523267;0.027525032;0.028939968;0.038243458;0.04934376;0.046378855;0.04233874;0.04655679;0.0383711;0.007921223;0.024725268;0.03668479;0.055629116;0.07752959;0.17615384;0.04341904;0.4133863;0.004348368;0.099725716;0.00462847;0.9092931;0.060673773;0.04132408;0.7991421;0.44424766;0.32941797;0.54545724;0.58164126;0.53301245;0.5475401;0.38315272;0.39940622;0.32294732;0.42509088;0.44043866;0.35434744;0.59668505
0.7791625;0.96800095;0.01612312;0.01422847;0.07414579;0.8081699;0.7117155;0.14114058;0.4515217;0.15118106;0.21094514;0.15137142;0.046160985;0.030984703;0.032028586;0.039515533;0.06228242;0.033419646;0.047115516;0.05871752;0.08069258;0.084795184;0.123299986;0.15077132;0.065175645;0.09202795;0.11256119;0.103168525;0.1339305;0.08822715;0.094014965;0.12911299;0.124801405;0.12754397;0.12612818;0.09884016;0.019083068;0.25293368;0.08653844;0.1317935;0.17086086;0.17214195;0.18385173;0.13471994;0.51976264;0.02088557;0.07034733;7.5548835E-4;0.80030346;0.14204414;0.20199247;0.50776666;0.23714708;0.42618275;0.57940954;0.6582481;0.5771177;0.547358;0.5773113;0.57502764;0.49943912;0.65785193;0.76634127;0.5554934;0.439991
0.2807709;0.8885807;0.04560481;0.0;0.3722236;0.7635758;0.16245691;0.12940694;0.16140665;0.056377962;0.098527364;0.09768694;0.04864621;0.038274094;0.052064866;0.076209955;0.098597966;0.0619187;0.06981275;0.109246135;0.18659668;0.10970097;0.051282957;0.047628924;0.040892765;0.085269675;0.100619815;0.06389778;0.08554627;0.08210236;0.08291163;0.09074041;0.07104163;0.060300548;0.06680289;0.052606743;0.020420339;0.0011771837;0.019230768;0.031250004;0.038410578;0.043364003;0.13811055;0.02975919;0.37759864;0.0016820367;0.123198636;0.011981315;0.9306423;0.043936145;0.024250636;0.88701916;0.6124962;0.41092968;0.49462354;0.6554732;0.5550175;0.5181194;0.4042868;0.4247082;0.6780654;0.4407909;0.30741605;0.426056;0.42301232
0.5374975;0.9180994;0.01564271;0.01130105;0.1736396;0.7969985;0.29114932;0.045733053;0.23635831;0.075905524;0.06682644;0.04841798;0.04744756;0.032829523;0.027453216;0.020374576;0.024891041;0.016131662;0.0152725065;0.014409958;0.023462556;0.024653535;0.018431004;0.030114813;0.02461643;0.026267257;0.032437373;0.030686552;0.037545368;0.039428934;0.0366816;0.026621912;0.03283328;0.036801875;0.04079674;0.04018543;0.0659842;0.006769179;0.028846154;0.028532617;0.030463563;0.09067018;0.18294759;0.049331203;0.28174153;0.025359519;0.10796885;0.0025406103;0.8937196;0.060708765;0.07242775;0.5321998;0.4678918;0.56286204;0.4605768;0.3369433;0.50173134;0.34454328;0.32627636;0.3189881;0.45322883;0.38010782;0.4358575;0.5797641;0.682774
0.18226707;0.83287555;0.1010323;0.1804955;0.3309167;0.7797748;0.032051887;0.0885509;0.015681736;0.043149613;0.05201234;0.038255766;0.02412921;0.020115152;0.039934754;0.04209052;0.043213174;0.028403481;0.04145317;0.054949578;0.0741597;0.08184643;0.04663802;0.042940523;0.03079605;0.04828725;0.06741223;0.044390034;0.056114897;0.077003494;0.07243459;0.08889064;0.08654327;0.08343116;0.07644953;0.06972681;2.203834E-4;5.965079E-6;0.01648351;0.032608703;0.039735083;0.04467807;0.01338559;0.031765684;0.4458273;0.007908588;0.17777115;0.016081382;0.9566631;0.04587238;1.5971492E-4;0.72753125;0.71980846;0.42810944;0.5636788;0.6688208;0.43831295;0.42715907;0.47283995;0.68248844;0.55079544;0.48201782;0.3576814;0.45674554;0.5417603
0.16187343;0.86285055;0.07654422;0.06537569;0.3033818;0.8357635;0.12770405;0.08210457;0.082206026;0.0856693;0.1227159;0.09223368;0.074807085;0.059406746;0.045440618;0.041143473;0.037985343;0.025905356;0.042607658;0.043320272;0.07048326;0.05534855;0.047440447;0.06569207;0.050839636;0.06861115;0.064245805;0.0286552;0.044874426;0.03533841;0.032702494;0.04247999;0.055304404;0.060944553;0.054481972;0.05370405;0.0077764224;3.310776E-4;0.020604389;0.024456521;0.03178807;0.034165587;0.050451428;0.035197686;0.4101524;0.02250965;0.13346784;0.004427776;0.94847155;0.04693692;0.0022547205;0.5787852;0.74001515;0.6590557;0.82005465;0.3850338;0.293437;0.58788747;0.34121582;0.49638578;0.47283116;0.62136704;0.3656806;0.4969182;0.63363296
0.34288144;0.8956959;0.01610694;0.06766271;0.04468705;0.8414581;0.28177494;0.26341462;0.093027934;0.14488192;0.07643198;0.14126061;0.08081323;0.057440374;0.058150478;0.06942457;0.15330723;0.16728587;0.21357742;0.18389194;0.21056955;0.1816733;0.23302582;0.29877818;0.19675219;0.26119542;0.25015417;0.15150608;0.13470885;0.16437358;0.1363062;0.07735234;0.05132774;0.027191624;0.047099788;0.060858995;0.0010842399;0.008829104;0.07280219;0.12907611;0.19602643;0.23915906;0.048061103;0.14589752;0.654299;0.0420281;0.06669114;3.0960017E-4;0.95036197;0.14522624;0.008932935;0.5428087;0.22373413;0.53066355;0.40520546;0.5389822;0.4779176;0.552751;0.6669674;0.22441731;0.51691467;0.29446444;0.4767316;0.44871086;0.42505187
0.22515735;0.882959;0.06541266;0.06349596;0.1773768;0.82752955;0.25341496;0.09411088;0.2781373;0.052598435;0.14621267;0.08217497;0.059519626;0.037366185;0.037202403;0.041536782;0.04335705;0.021963112;0.024629366;0.03209903;0.078301094;0.1060023;0.08924525;0.096865535;0.06898091;0.09099256;0.07574754;0.043467157;0.04318465;0.044546984;0.046451785;0.062412277;0.0532572;0.064167984;0.04761351;0.0379071;0.07715033;0.0032619224;0.027472526;0.03532609;0.04105958;0.043364003;0.21884912;0.034856867;0.3903225;0.0013384419;0.11190896;0.010023249;0.88062966;0.051646233;0.07104857;0.93082124;0.53014994;0.38465476;0.60464203;0.5837673;0.44854048;0.44330147;0.43144107;0.5062921;0.5729614;0.5091883;0.36494255;0.49826783;0.47956982
0.0;0.7155476;0.0;0.0;0.0;0.0;0.124358326;0.049874973;0.039790243;0.10614174;0.024874154;0.02254718;0.018598;0.012630726;0.012620683;0.013479568;0.016260248;0.017296085;0.027803926;0.024786381;0.04350159;0.050997037;0.030365866;0.027212799;0.0175117;0.036710862;0.04640065;0.037478715;0.051930957;0.046615615;0.028922612;0.05191511;0.046111993;0.033118267;0.030656487;0.026416503;9.747329E-4;4.058957E-4;0.023351647;0.031250004;0.055629116;0.15900141;0.03656043;0.06628607;0.56648463;0.047508106;0.09819946;0.001736856;0.9556048;0.075676754;9.405275E-4;0.5697828;0.51449627;0.5206242;0.53707075;0.6181647;0.4838687;0.44468468;0.50521815;0.5271735;0.43438008;0.40438637;0.33495858;0.561099;0.601082
0.12939468;0.7248151;0.0;0.04181105;0.5032195;0.7927375;0.034199804;0.058973387;0.021073755;0.27212605;0.09029656;0.046538837;0.021647101;0.017761987;0.020390958;0.019128278;0.020740489;0.0112856515;0.020356406;0.022237342;0.026338806;0.044257727;0.040393393;0.042867057;0.041339308;0.06306858;0.051702153;0.03749602;0.058263667;0.039859757;0.03882322;0.036746297;0.049264587;0.05275469;0.06150529;0.060520377;5.0138617E-5;1.0203032E-5;0.002747252;0.004076087;0.2026489;0.30091992;0.022030653;0.10598745;0.36619157;0.30365947;0.10052046;0.0019162048;0.95652676;0.106750466;5.9561484E-5;0.50177985;0.70005965;0.6181277;0.86612177;0.5878468;0.5447779;0.5387546;0.6313323;0.61115015;0.55286294;0.5726416;0.4549926;0.53798777;0.58449954
0.15072104;0.8408227;0.03172205;0.04289117;0.1241262;0.86631787;0.09330504;0.09944154;0.0820131;0.033385836;0.078460805;0.055233456;0.028457884;0.030149173;0.043054234;0.050185423;0.04669217;0.033040456;0.037428472;0.07784848;0.16020776;0.09163885;0.058271352;0.048312128;0.04050557;0.06764872;0.06770976;0.054940626;0.079447106;0.047181025;0.049291123;0.062754996;0.0794286;0.06990702;0.077343054;0.06414433;0.0036374072;1.5680378E-4;0.010989013;0.027173918;0.035761576;0.039421823;0.0379536;0.024364064;0.42798188;0.0019893968;0.15042922;0.021327091;0.9508724;0.036391363;0.002421313;0.8885267;0.6738377;0.42798182;0.55886525;0.7053464;0.5934209;0.3526576;0.50849366;0.6570161;0.59925044;0.5269303;0.4190692;0.43082377;0.6311772
0.106336236;0.7765776;0.03460807;0.01336892;0.3115162;0.8049421;0.01739905;0.06805656;0.009355441;0.091653556;0.105564825;0.0707556;0.04193254;0.03648345;0.026257392;0.01822249;0.022820687;0.022111569;0.028415037;0.032708555;0.034365818;0.036958363;0.04971009;0.04808241;0.029769449;0.040266223;0.041844398;0.038927;0.051990975;0.042835765;0.08545046;0.08278779;0.0632222;0.050122727;0.044747513;0.042889863;5.4224965E-5;3.3064086E-7;0.008241755;0.016304346;0.022516549;0.02890934;0.009143196;0.030743971;0.39371362;0.034908798;0.1449542;0.0067793885;0.9568548;0.036616545;4.8076472E-5;0.6017323;0.8333714;0.6018236;0.6749613;0.74354047;0.3620293;0.6568951;0.4427377;0.42155892;0.48147348;0.38428602;0.5417633;0.46373892;0.5488156
0.0;0.71415555;0.0;0.0;0.0;0.0;0.16334692;0.042394847;0.080634266;0.1518111;0.06647773;0.0674963;0.024890896;0.01057344;0.015185428;0.024969552;0.019903125;0.012523742;0.015156883;0.018052792;0.023674196;0.018900791;0.017438024;0.020963037;0.01534889;0.021030225;0.028769553;0.020974705;0.023713637;0.022313224;0.029046187;0.034851626;0.053140625;0.0801125;0.08350926;0.09486873;0.003027211;7.778248E-4;0.03571428;0.05027175;0.062251624;0.07227336;0.080068104;0.06468824;0.5152073;0.048465066;0.12963367;0.003887956;0.9506518;0.08361868;0.0033853077;0.653636;0.5656888;0.2672033;0.573791;0.52736634;0.63156474;0.50722444;0.5569403;0.61932147;0.5070744;0.36302894;0.27442798;0.41876766;0.4825247
0.10308842;0.73196864;0.2768748;0.4699422;0.09980181;0.5485617;0.050774045;0.062498257;0.020025289;0.22015753;0.07221012;0.050448064;0.031051582;0.019882215;0.015638547;0.014867376;0.026795778;0.018364634;0.02393376;0.036643896;0.05209676;0.051644713;0.050677296;0.04577079;0.030245947;0.042273916;0.038506757;0.0359062;0.055783797;0.048759736;0.042388976;0.040447753;0.047411222;0.06249247;0.066123284;0.061660364;1.3202557E-4;3.6869253E-5;0.008241755;0.013586958;0.019867538;0.068331175;0.012616805;0.05069411;0.43857834;0.10840994;0.11908392;0.003917417;0.956579;0.05719314;2.4565577E-4;0.6229926;0.6436056;0.4538986;0.7384273;0.7414298;0.6252452;0.48323703;0.55702436;0.49308842;0.45484626;0.5090416;0.4205997;0.42868352;0.5127633
0.0;0.73613924;0.0;0.0;0.0;0.2668045;0.3613826;0.07336164;0.21980378;0.11716537;0.040411934;0.085762136;0.03443563;0.027528726;0.06710587;0.042187866;0.018733298;0.01914484;0.041599516;0.034267116;0.04431691;0.038893837;0.062040016;0.052264057;0.052328262;0.07100318;0.04841286;0.05518818;0.070039146;0.040184528;0.035391916;0.024595004;0.029751156;0.040513683;0.048602067;0.043996252;0.037819076;0.027071897;0.03983516;0.042119566;0.09933775;0.25361374;0.21034299;0.09447776;0.4162757;0.042807203;0.07099285;3.1363193E-4;0.9154382;0.097741246;0.04883843;0.53605294;0.31100407;0.623477;0.44351637;0.22644557;0.42034087;0.2993474;0.37677312;0.5387462;0.39972425;0.59987736;0.48407584;0.3933994;0.3825697
0.0;0.6867282;0.0;0.0;0.0;0.2529588;0.04013392;0.039230466;0.006843833;0.21952762;0.011937784;0.011113317;0.0069980742;0.00409439;0.0044913418;0.010982049;0.010973009;0.0076061613;0.009494479;0.014175999;0.021843985;0.03483916;0.034391355;0.036481548;0.022430442;0.041033138;0.036370233;0.02970276;0.04062249;0.043908425;0.039959308;0.03535447;0.03171297;0.024358122;0.0225915;0.035336178;1.0670586E-5;8.303638E-5;0.048076913;0.09239128;0.19867542;0.45072293;0.0078204395;0.1667419;0.7132893;0.22397463;0.07658244;5.063134E-4;0.9569223;0.15492797;2.4603336E-5;0.44330853;0.5649566;0.5923741;0.57527655;0.62539786;0.5230821;0.46918496;0.67895883;0.6571946;0.5390282;0.4495223;0.4143234;0.47922418;0.5051475
0.0;0.68310976;0.0;0.0;0.0;0.0;0.035112575;0.05460287;0.008507245;0.15999998;0.045312032;0.020539694;0.009028459;0.007200433;0.007944702;0.011650153;0.014666421;0.016180329;0.022703415;0.0184493;0.030339435;0.042893864;0.037642166;0.044584207;0.02530153;0.035944797;0.051448233;0.035941802;0.059121475;0.045107123;0.054612678;0.054175418;0.054683667;0.051092073;0.061197996;0.06907586;1.2171476E-5;1.689792E-5;0.010989013;0.021739133;0.08741717;0.5427071;0.007489808;0.14039037;0.5928309;0.34923115;0.078785956;4.2676192E-4;0.9569053;0.1421026;2.177818E-5;0.51664615;0.577795;0.5314616;0.7376274;0.6434246;0.56874406;0.5811852;0.6031334;0.5685578;0.52476203;0.43889448;0.4730968;0.5239238;0.636722
0.23182632;0.8804762;0.01492693;0.00430367;0.0449591;0.8639841;0.10891666;0.0823712;0.10986296;0.026141737;0.09622263;0.066844076;0.031612985;0.022890385;0.022323394;0.02451156;0.029736785;0.026511695;0.030285649;0.03549572;0.03789393;0.044982802;0.05082703;0.052038632;0.03453428;0.05061387;0.064038225;0.05716972;0.0705728;0.07243603;0.08681403;0.09293743;0.092752576;0.072547734;0.06859216;0.08432567;0.007852652;7.2474024E-5;0.009615384;0.016304346;0.023841046;0.02890934;0.056853425;0.019806249;0.34823325;0.008611199;0.22688833;0.026813796;0.944267;0.028642248;0.008810363;0.64416677;0.77843183;0.7311825;0.72994375;0.5448305;0.3811086;0.4941443;0.51750284;0.5637793;0.48617867;0.47646412;0.43333036;0.5186487;0.5198299
