codebookNumeric
32;65;1;0.0;0.0
139.4988;0.8167679;0.2127746;0.0;0.5710453;6.342506;0.5687301;0.9738633;0.02475202;0.06374402;0.1633255;0.340775;0.5221612;0.6564251;0.8942669;0.79526;0.8612847;1.054911;1.070923;1.046719;1.043834;0.9937215;1.181164;1.432137;1.330164;1.347409;1.402296;1.45413;1.672425;1.188311;1.184814;0.9049429;0.8785877;0.739811;0.6276816;0.5329657;0.09560544;0.00688554;287.1094;430.6641;473.7305;645.9961;0.1563161;576.856;3.625436;581897.7;4.263161;25.01483;-0.01460808;0.5218789;0.0561762;18.13202;7.893004;27.14309;-13.75646;-28.2713;-17.56463;-13.8397;8.46548;1.255084;-16.01187;14.56866;-6.482259;8.063661;-7.854801
0.0;0.7109705;0.0;0.0;0.0;-100.0;0.6445814;1.376396;0.05808902;0.5787352;0.2843946;0.2105746;0.2181734;0.2827624;0.5020725;0.6972221;0.5605775;0.5451979;0.7194622;0.9829721;1.210992;1.341807;1.430912;1.364262;1.44152;1.645129;1.495218;1.828424;2.188073;2.638443;2.239249;2.407175;2.330914;2.370857;2.566778;2.28314;0.08101441;0.004149521;4809.082;9790.43;10594.34;10838.38;0.4771469;7502.957;5.615098;1.8137034E7;-1.017634;2.238945;0.02658886;5.590118;0.1821517;7.965538;26.60779;-1.063573;15.93491;-19.74388;-7.046405;-3.818877;7.774163;14.36878;12.11544;9.471637;4.506292;-2.057116;-5.973546
164.6709;0.7951291;0.0;0.0;0.3742972;2.443177;0.3347956;1.224979;0.006995285;0.1307634;0.08903573;0.1520828;0.2071311;0.3008539;0.3707524;0.5547733;0.8533621;1.100664;1.073576;1.291809;1.152551;1.086188;1.625942;1.418006;0.9837416;1.236622;1.542261;2.962041;3.799349;2.494401;1.582781;1.453909;1.38545;1.151865;1.006571;0.9737388;0.002032549;0.002750285;775.1953;2296.875;3215.625;5383.301;0.05705235;2314.531;5.679646;4433155.0;1.287446;5.786247;-7.137114E-4;1.561837;0.002659665;4.167787;5.634365;7.008362;-7.665676;-0.1872363;2.408991;-8.696841;30.20334;-5.020026;-22.25162;5.991212;10.73834;0.346502;0.1720498
0.0;0.6032088;0.0;0.0;0.0;-100.0;0.1224109;0.5430951;0.002740267;0.2350718;0.06201737;0.07267065;0.1231841;0.1642506;0.1997112;0.2372799;0.344015;0.3840828;0.5774019;0.7488101;0.6659099;0.630468;0.6685987;0.6643808;0.7270232;0.8436184;0.8862922;0.875547;0.8638778;0.9620689;0.7303303;0.6686919;0.6504231;0.47723;0.4566096;0.4359789;1.542409E-4;5.048738E-5;129.1992;1363.77;3689.355;5842.676;0.03763493;2292.556;4.737416;9870260.0;1.909556;7.974026;-1.040341E-4;1.705422;1.520671E-4;6.433409;20.88461;16.04212;10.04196;-10.19359;-4.81359;4.054545;11.67482;6.536462;6.414557;-9.06468;-7.743644;-7.64448;5.286731
0.0;0.6481602;0.0;0.0;0.0;-100.0;1.287328;1.500523;0.02991366;0.1963971;0.1474827;0.1237839;0.1408348;0.2410559;0.30261;0.4092821;0.348363;0.442277;0.4658569;0.6943877;1.031143;0.9662137;1.321141;1.588523;1.913746;1.96023;2.106192;2.294364;2.92135;2.790477;2.662699;2.636607;2.840592;2.80164;2.768409;3.094337;0.03523462;0.06189104;1306.348;6029.297;8929.102;9948.34;0.3706508;5458.956;6.830431;1.4663833E7;-0.1932568;1.4741;-0.0214349;4.033933;0.09680349;3.422386;1.571463;-7.882853;14.30614;-9.930396;4.817445;-14.71803;-2.032191;-4.693892;3.619534;-4.529503;-5.284691;-2.743547;-10.67575
251.6245;0.7199424;0.02209868;0.03800039;0.1191008;-23.93027;1.075376;2.11992;0.1052757;0.08767951;0.2091195;0.323558;0.3405674;0.409358;0.8813767;0.885814;3.474092;6.212877;3.568377;3.030922;2.657254;2.606734;2.473683;2.511053;2.211078;2.808461;3.850783;3.4001;2.459582;2.834917;2.303106;1.300666;1.250933;1.265196;0.9502294;0.8980907;0.01657966;0.04529584;732.1289;746.4844;760.8398;803.9063;0.6896194;774.3083;2.121783;62068.76;15.57151;391.3621;-0.2199494;0.7695885;1.015976;20.40359;-18.61728;-22.10225;-30.13943;-24.74549;25.24999;23.2141;5.407747;-6.40002;-12.68304;-31.72117;-14.5143;6.748876;-2.840069
528.3404;0.7009373;0.1297269;0.0;0.2626923;-34.85276;1.406292;2.217083;0.05173811;0.3224994;0.06343683;0.3404295;0.2730866;0.3709617;0.4593702;0.608111;0.3900143;0.6431515;0.7396176;0.9657484;1.56922;1.981756;2.125878;2.720565;3.018716;1.831524;2.077397;3.62028;5.819872;4.530938;4.797843;4.80987;4.592871;4.548121;2.987056;1.758323;0.02046351;0.2125155;3430.957;3919.043;4923.926;5871.387;0.4301564;4022.732;6.166579;2237095.0;-0.2713403;3.647713;-0.01809136;2.516766;0.1590042;-24.49834;-5.400675;13.42774;-8.992516;-4.627096;-51.30467;-38.64634;-20.91679;-11.1081;-29.02094;-1.405535;-4.260605;6.844511;0.8514287
0.0;0.5982504;0.0;0.0;0.0;-100.0;0.167258;0.4635665;0.002844421;0.4278156;0.05160163;0.07486842;0.09924535;0.1369845;0.1525984;0.1789396;0.2152067;0.1849356;0.2169447;0.294344;0.3510907;0.469034;0.5206289;0.4999625;0.3649953;0.4312067;0.6843299;0.6737248;0.6334329;0.9905339;1.088593;1.258337;0.8163223;0.5730419;0.5152192;0.5766072;1.090062E-4;2.120311E-4;2081.543;2871.094;4220.508;6531.738;0.02380673;3203.779;5.756358;6000705.0;0.8453236;4.691244;-5.883389E-5;2.166758;3.722069E-4;-4.387891;20.48991;18.33379;-4.00841;-0.1058629;-9.663657;-5.797146;16.47293;19.8037;17.62296;-8.568227;-2.062769;-10.28653;0.9345942
0.0;0.56354;0.0;0.0;0.0;-100.0;0.192802;1.606592;0.003881254;0.3230033;0.07363711;0.1152053;0.1655235;0.2033562;0.2295998;0.275818;0.4099883;0.581604;0.7331591;0.7695242;0.879086;1.284636;1.382942;0.9547389;1.015762;1.087885;1.695604;4.427726;6.591462;4.657671;2.977887;2.968507;2.316366;2.72698;2.044533;1.202172;4.598641E-5;7.63315E-4;3689.355;4636.816;5656.055;8096.484;0.06964868;4757.762;6.38014;5141657.0;0.1891677;3.348657;-4.246572E-5;3.119268;5.835597E-4;-11.91572;19.54968;13.00296;-13.1459;20.093;-3.117765;-13.31559;8.188773;12.47226;-17.24738;9.011003;-1.194327;5.78792;0.6858152
0.0;0.6963558;0.0;0.0;0.0;-100.0;0.5472832;0.7320824;0.04307748;0.2068531;0.141936;0.3662344;0.2956187;0.271982;0.563175;0.384449;0.3983474;0.3666893;0.4481374;0.5629178;0.5760264;0.7245395;0.7700546;0.9136848;0.7426009;0.6973402;0.789845;0.7483655;0.9108378;0.8883696;1.000947;1.275393;1.24235;1.361405;1.50671;1.086187;0.1228681;0.001553399;215.332;315.8203;416.3086;4191.797;0.371265;1396.469;3.53998;7702547.0;2.558208;8.614482;-0.03184288;1.11497;0.09586731;15.65445;33.13265;1.66005;11.15897;-29.24554;-17.54352;-7.637876;-4.600729;-4.200647;2.915881;-8.030667;-5.046873;-18.42999;-27.13111
140.865;0.698221;0.0759638;0.04307239;0.361794;5.856437;1.328023;1.133139;0.08888498;0.1320232;0.2592518;0.3300616;0.5784347;0.4977773;0.5235588;0.4546222;0.7362058;0.9072993;0.8487359;0.6610265;0.8753647;0.8944294;1.020315;1.01912;1.102104;1.565562;1.863738;2.223217;2.14131;1.778423;1.930092;2.37853;1.639222;1.271058;1.081685;0.8804694;0.6148522;0.1847138;186.6211;301.4648;1220.215;1464.258;0.7553165;930.8616;4.156824;3247859.0;4.609097;28.6515;-0.1491029;0.7439235;0.4265911;20.15903;8.112912;18.12339;0.3411064;-18.77175;-0.722878;-7.598864;10.60169;4.748194;2.316444;-11.11533;-0.7203196;3.503115;-1.54911
0.0;0.6651671;0.0;0.0;0.0;-100.0;0.6397073;0.7091899;0.02468707;0.09926934;0.2129547;0.3565288;0.3732058;0.6748689;0.6267348;0.5646367;0.3991338;0.5624841;0.6342065;0.5931062;0.6638284;0.7185936;0.7758366;0.8322414;1.156912;1.655642;1.467198;1.214155;0.9009004;0.7700529;0.7917833;0.6819265;0.6314816;0.5500374;0.3548568;0.2756326;0.03075178;0.02040689;229.6875;358.8867;1191.504;2698.828;0.2816192;925.2391;4.523375;1363763.0;2.584125;13.65892;-0.01267809;0.6909377;0.03245808;15.88281;-4.211214;23.30023;2.513046;-21.72489;3.354985;-4.566459;-18.26578;1.817909;5.43368;3.489308;4.730076;-2.822604;-2.611469
196.9461;0.7570909;0.01820509;0.01589478;0.04507426;16.18758;0.4751984;0.9567974;0.02751815;0.2081129;0.1704695;0.3163612;0.4214665;0.3985856;0.4039154;0.3088818;0.334843;0.522472;0.5409595;0.5360537;0.633895;0.6651403;0.8990938;1.278481;1.528883;1.072266;1.314573;1.279989;2.237477;2.1648;2.206556;2.377815;1.163465;0.8088236;0.7877197;0.5037478;0.03295199;0.003411712;172.2656;215.332;215.332;1392.48;0.1231257;484.0221;2.577509;1171545.0;6.773283;77.07194;-0.01753328;0.4055239;0.0402531;12.7821;21.10854;36.12062;-6.124038;-16.27128;-22.36735;2.680239;0.7009923;-14.36169;-6.190163;-11.78849;-7.048315;-23.42249;-9.191836
279.1458;0.9067891;0.003323673;0.002829012;0.04467161;16.08278;2.55042;1.442687;0.2599211;0.0919627;0.1142776;0.2940379;0.7479241;1.182028;1.14573;2.177968;2.494808;2.740461;2.448359;1.404551;3.478423;3.920355;2.802863;1.331943;1.213856;1.7513;1.49756;0.9710481;1.133981;1.175964;0.7317464;0.6870799;0.674394;0.4960589;0.4759196;0.417216;9.40426;1.174208;358.8867;473.7305;660.3516;947.4609;1.052262;602.9661;3.158406;316300.0;8.691789;126.4174;-1.482594;0.58793;6.213902;26.18464;-13.15327;-19.43381;-5.485593;-41.31956;-22.47914;-28.6687;-14.89603;-7.050224;-14.26017;-47.16701;-32.73854;-1.931641;-0.4373902
200.0231;0.8655055;0.01186395;0.004175663;0.08924308;12.85425;2.104208;1.556516;0.07205429;0.05467372;0.1170667;0.2776391;0.4114601;0.8664527;1.012138;1.537951;1.56074;1.170881;1.418324;1.27383;1.298476;1.273239;0.9614007;1.263424;3.022383;2.777223;3.285153;3.657108;2.963511;2.951972;2.599689;1.717235;1.179328;0.614162;0.5759818;0.6826435;1.376536;0.2639177;387.5977;430.6641;602.9297;2526.563;0.2903768;825.0179;3.651546;872131.8;2.557327;11.3877;-0.23101;0.6823527;1.003299;23.55048;-16.17924;37.2978;-44.65937;-22.87345;-19.46841;-7.634008;-1.039767;-13.10356;30.63345;-21.58701;20.88061;-18.93207;15.60379
0.0;0.6421149;0.0;0.0;0.0;-100.0;0.2554821;0.5280762;0.008072177;0.3036029;0.07323996;0.122869;0.2032909;0.2519362;0.2534986;0.245993;0.2998913;0.3319236;0.4559168;0.4229743;0.4687406;0.6219783;0.546985;0.5313101;0.5174996;0.6074123;0.6718378;0.7363982;0.7317377;0.7284767;0.6639341;0.7502763;0.9991614;0.9011315;0.8852506;0.7063176;0.003717649;4.584317E-4;186.6211;502.4414;5053.125;8182.617;0.06151447;2490.765;5.254747;1.1813339E7;1.372737;3.889291;-9.354679E-4;1.899844;0.003577477;16.26506;17.77786;-8.738232;13.07157;-17.88416;8.985457;-2.098533;4.425297;6.26599;-6.070747;-7.779844;2.747706;-2.947764;-6.524225
329.828;0.8521416;0.1382896;0.09675992;0.319198;-4.539775;0.4607913;1.036598;0.01721796;0.1242127;0.1129625;0.176694;0.3311504;0.4873942;0.4290543;0.5598832;0.5930536;0.6030558;0.7952936;0.8706822;0.9223364;1.089381;1.087126;0.9012157;1.256753;1.573419;1.432573;1.536447;1.680967;1.732176;1.484407;1.679187;1.966061;1.535668;1.413502;0.7011001;0.05703677;0.005064132;473.7305;1378.125;3502.734;4565.039;0.179471;2031.841;5.250434;4609107.0;2.756663;20.69092;-0.008555409;1.460313;0.02493331;5.054518;7.904758;-4.345926;-4.84982;-2.698108;-10.61382;-4.525195;-9.823409;10.10856;-10.81893;-13.20429;6.776911;14.95358;0.8606011
192.9318;0.8272266;0.01091211;0.008754886;0.1994797;6.937135;0.7174438;1.982428;0.02593839;0.1227009;0.1287691;0.2584319;0.3308069;0.9062521;0.8667137;1.463291;2.675465;2.264533;2.59647;2.922012;2.775443;2.973205;4.810518;4.62526;3.276827;2.609606;2.406691;1.702308;1.895873;2.388658;2.528126;2.216007;1.138459;0.6188957;0.5387847;0.6257275;0.06823779;0.02989215;445.0195;531.1523;1277.637;2009.766;0.2468171;955.0189;4.17914;746721.5;2.083705;8.253223;-0.01273993;0.7968848;0.05146233;19.67537;-20.87972;10.23517;-21.22501;-19.87636;-46.91035;-0.5272967;16.99564;-30.15532;17.81503;-22.58738;12.46588;2.544954;-17.5395
0.0;0.5833325;0.0;0.0;0.0;-100.0;1.182458;1.137171;0.04767609;0.3907785;0.1679372;0.2969805;0.3590201;0.3715657;0.4115597;0.4824815;0.6786701;0.6534599;0.8748704;1.125782;1.02353;0.8950492;0.9863122;1.165194;1.336915;1.191996;1.582069;1.514287;1.248483;1.874616;2.738337;2.899365;2.093822;1.483679;1.184163;0.9262984;0.1328707;0.05474724;330.1758;875.6836;4005.176;5469.434;0.4865763;2188.69;5.725296;7003130.0;2.182058;11.7014;-0.03033892;1.615861;0.09601965;8.522059;8.823857;-2.645296;0.2589976;-5.50006;-10.53696;-0.6781044;-10.52099;2.839136;13.77435;-1.675671;6.142702;-7.096439;-9.111325
88.95805;0.7126047;0.0;0.0;1.0;0.3973008;0.147838;0.9883412;0.005807757;0.1660368;0.1292162;0.2720484;0.4195279;0.5544473;0.6697289;0.7658961;0.8470283;0.9178292;0.9822495;1.043099;1.102099;1.16007;1.217131;1.272837;1.326212;1.375581;1.418056;1.448481;1.457878;1.432704;1.358746;1.23234;1.069155;0.8959276;0.7342484;0.5943311;0.001479854;0.002006991;516.7969;2741.895;5756.543;6560.449;0.04075667;3282.176;6.066584;9444308.0;3.170183;39.79108;-6.157823E-4;2.435774;9.760919E-4;9.215354;4.113144;-6.77861;-7.269895;-2.973607;8.683124;-4.887237;-4.276703;-9.557204;-1.409016;-6.635054;-1.587483;-5.119192;-9.605832
0.0;0.6891229;0.0;0.0;0.0;-65.65786;1.040435;1.891767;0.0548626;0.09700176;0.1329067;0.3170258;0.541219;0.7303514;1.185129;1.8106;1.479953;2.020068;2.526623;3.393235;2.800068;1.988963;1.887815;1.907248;2.229542;2.603654;3.123343;2.468339;2.597233;2.758694;2.318292;2.099522;1.609943;1.656601;1.68131;1.318266;0.2605952;0.1145067;430.6641;703.418;1004.883;2138.965;0.4042398;999.1711;4.813744;1793374.0;4.858649;36.61559;-0.05820577;0.8613508;0.1150607;16.90049;4.591478;-13.89577;-8.767623;-12.33842;11.47728;2.712513;-25.08071;-14.62922;15.46495;4.195323;6.927738;6.456318;-10.59975
225.0115;0.7604242;0.05822146;0.04816395;0.1031341;0.4105131;0.5605608;0.8053938;0.04851123;0.6581003;0.1221131;0.1657141;0.3018631;0.308727;0.4281347;0.3807116;0.4281293;0.46477;0.3717461;0.4579077;0.4454539;0.5065162;0.552036;0.6308568;0.727707;0.8815923;0.8453915;1.058146;1.177072;1.022332;1.065444;1.357916;1.582661;2.06037;1.830175;1.766753;0.07152811;0.00236984;5526.855;8570.215;9201.855;9603.809;0.4325434;6991.936;5.746593;1.2288056E7;-1.241699;2.820188;0.01592004;5.213092;0.1459948;13.33376;20.68934;-19.79001;10.35707;-44.70914;-9.473923;-22.32385;12.37432;-1.046295;-0.3979032;-9.285507;-6.798198;4.870445;-3.098891
270.4989;0.7374014;0.01346343;0.01177726;0.1871877;8.310542;1.02519;1.184336;0.04669468;0.09876543;0.1452139;0.340745;0.6223688;0.3482049;0.6733701;1.191452;0.6147155;1.376092;1.499846;1.600564;1.515594;1.607572;1.707678;2.051275;2.0453;1.878348;1.956755;1.976661;1.561251;1.17961;0.9803905;0.831903;0.765265;0.7534766;0.7489495;0.8201435;0.03051409;0.1717372;775.1953;832.6172;1693.945;1923.633;0.3878933;1132.945;4.038745;406362.3;3.308098;29.12289;-0.04643372;0.9702217;0.2031233;16.21962;-33.92424;-23.21544;-9.804584;-28.76288;-6.049811;-1.745977;12.78762;-12.28798;-19.89431;-21.87639;19.60413;-17.66213;-7.500423
115.0485;0.7851447;0.04829495;0.07476802;0.1550429;11.24313;1.133446;1.980629;0.07618935;0.1932477;0.2606798;0.4094198;0.6170559;0.9933124;0.8063541;0.5318608;0.6004165;0.525113;0.4557136;0.5028046;0.8343304;1.206543;1.076726;1.163886;1.105148;1.286846;1.534338;1.961696;2.442877;3.465382;5.858541;6.476387;6.742236;3.618488;3.241204;3.778989;0.5771547;0.009011094;301.4648;387.5977;3789.844;7651.465;0.4721911;2325.379;4.953676;9059185.0;1.114777;2.844058;-0.0867764;1.716497;0.3152528;5.870186;45.61884;-3.3369;-9.987049;3.586589;-17.78327;-14.36607;-11.38804;-4.319548;12.61115;-3.401035;10.36465;-2.684572;6.289151
90.52301;0.7668514;0.0403352;0.007939444;0.01627326;10.81079;1.078981;0.9746749;0.07348061;0.06424793;0.1379095;0.2919112;0.3583544;0.4852687;0.6050634;1.090779;1.56871;1.705544;1.312075;1.329285;1.351163;1.804738;1.594111;1.113369;1.062335;0.8868065;1.265482;1.353906;1.064272;0.9413077;1.075445;0.9738402;0.729489;0.5402008;0.4400718;0.2601146;0.460814;0.03817485;401.9531;574.2188;689.0625;760.8398;0.4369924;572.293;4.055137;193489.8;7.865874;113.7937;-0.113542;0.5753688;0.2844192;30.29427;3.986148;-8.173486;-4.052761;-10.79813;-24.3621;17.05063;7.867508;26.22212;-7.776982;-16.47278;-4.596652;8.407537;-4.69143
151.3095;0.7303056;0.006619685;0.005351387;0.1975951;9.668959;2.06775;1.246189;0.1483829;0.4079113;0.1720646;0.378437;0.6207173;0.8362911;0.7939526;0.8990849;0.6997151;0.5421982;0.8147182;1.061613;1.213581;1.465849;1.780412;1.398035;1.506859;1.787035;1.135593;1.185471;1.512463;1.334029;1.969901;2.801559;2.387778;1.717721;1.272666;1.113169;2.334726;0.4231519;315.8203;516.7969;3057.715;4722.949;1.123546;1968.825;4.720665;6548914.0;1.985009;7.44913;-0.366855;1.49397;1.80081;5.891321;20.25886;3.947962;17.7557;-9.695327;-48.11601;-23.74074;-0.4588503;-0.6943612;12.26744;7.26557;3.571311;-14.23976;0.3654195
0.0;0.633543;0.0;0.0;0.0;-100.0;0.201222;0.9883412;0.003500839;0.1423532;0.1292162;0.2720484;0.4195279;0.5544473;0.6697289;0.7658961;0.8470283;0.9178292;0.9822495;1.043099;1.102099;1.16007;1.217131;1.272837;1.326212;1.375581;1.418056;1.448481;1.457878;1.432704;1.358746;1.23234;1.069155;0.8959276;0.7342484;0.5943311;9.984118E-4;5.119325E-4;387.5977;689.0625;1091.016;1952.344;0.02126551;1080.789;4.877387;2382797.0;3.856927;20.20276;-2.274349E-4;0.8863201;6.258013E-4;13.2152;0.07087549;0.1685467;-3.27932;-1.499253;-8.151729;-12.97267;-7.709322;5.848862;6.640183;3.538231;-5.719149;0.02625354;-0.9612098
91.26286;0.7092547;0.03911979;0.003268859;0.1595424;-26.27934;0.7698637;0.9343854;0.04940319;0.09826153;0.1747866;0.3777275;0.7008231;0.9233059;0.8074254;0.6101276;0.7177516;0.8390837;1.100716;1.146438;1.194393;1.357019;1.414805;1.779424;1.576817;1.696422;1.106965;1.265512;1.214757;1.113804;0.8154178;0.6052955;0.5254176;0.4353989;0.4170763;0.3773117;0.2333884;0.02186059;186.6211;272.7539;344.5313;531.1523;0.3600917;473.4406;3.592915;1216617.0;6.380399;49.14471;-0.05809734;0.4318907;0.07696587;19.44532;15.88127;9.813037;13.05245;-3.914228;-9.663834;-12.38712;-2.735591;-9.209154;-9.433106;-7.470131;-1.394275;5.101827;-1.565921
105.6966;0.7897618;0.0;0.0;0.702431;3.03456;0.4064782;0.9632322;0.03024154;0.08843537;0.1234609;0.3238304;0.4935512;0.7768202;1.020877;0.8936155;0.7154776;0.7995791;0.9401364;1.267112;1.356905;1.380087;1.321101;1.622832;1.240209;1.205566;1.081652;1.156281;1.698622;1.13788;1.230887;0.9696717;0.8216793;0.5971331;0.4705894;0.3984827;0.112702;5.033081E-4;244.043;488.0859;2325.586;3043.359;0.2609213;1297.674;4.248978;3906280.0;11.29074;236.2896;-0.02311024;1.01133;0.04549413;19.39826;34.56989;7.776943;-1.620537;-10.59335;-20.14542;-9.609325;-4.68739;2.720421;1.928877;1.11281;0.9269309;5.677403;6.936615
0.0;0.5670016;0.0;0.0;0.0;-100.0;0.2670205;0.6065663;0.004493664;0.2506929;0.04298403;0.05240624;0.09889269;0.1391926;0.2233503;0.2891967;0.333275;0.4153764;0.5174811;0.5982215;0.6486552;0.7593954;0.7049945;0.6319297;0.675409;0.8446765;0.887348;1.373817;1.321706;1.035086;0.7482845;0.8333185;0.7465917;0.7305367;0.6562631;0.4623352;9.754465E-4;0.001723404;588.5742;1593.457;2426.074;4062.598;0.04111039;1872.285;5.569061;2804002.0;1.852983;8.940784;-3.063547E-4;1.32832;8.965689E-4;8.756672;-8.119672;-2.848983;2.334473;-29.30952;14.38748;-5.959867;-4.769741;31.9474;-3.351249;4.961497;4.613831;-3.858188;-2.71264
83.94888;0.7420361;0.04857554;0.03099584;0.3452037;11.73952;0.272576;0.9329798;0.01874012;0.03275384;0.217989;0.5287902;0.9500735;0.8081679;0.4217134;0.5112575;0.8478683;1.496295;1.361323;0.8172545;0.7956855;0.8159702;0.8258104;1.034573;1.537056;1.854622;1.574347;1.189206;0.9053666;1.003332;1.124249;1.055421;0.8577557;0.666389;0.5821843;0.4747747;0.04894294;2.250029E-4;186.6211;244.043;287.1094;315.8203;0.09994022;254.4373;3.003066;29435.55;10.8954;336.0066;-0.01093914;0.2739886;0.01352521;42.12078;16.05983;14.43354;-4.360079;-9.399941;6.953276;19.06444;-16.09026;-25.68897;-8.360438;-14.74975;-3.233585;5.606009;4.931556
92.07096;0.7109615;0.05980917;0.0589047;0.7504187;-29.3675;0.2325658;0.9980963;0.0129832;0.1617536;0.1602928;0.3866077;0.6909096;0.6550516;0.4453147;0.3958253;0.4159534;0.4064143;0.4596267;0.5423127;0.7328537;1.038168;1.883774;2.083545;1.530339;2.369094;2.071329;1.591521;2.073743;1.556396;1.188021;0.7056603;0.8044105;0.6923647;0.5317698;0.5392077;0.005085937;3.865239E-4;86.13281;129.1992;215.332;301.4648;0.1896653;253.9108;2.93769;493298.2;9.414562;115.3027;-0.003516542;0.2312289;0.003413375;15.7121;21.94955;33.04325;15.83757;-7.041603;1.217978;-8.517782;2.398329;7.879156;-5.291114;-0.1589597;-1.325325;2.456135;0.2209929
