normalizeInput
Infinity;0.0;0.0;0.0;0.0;0.0;-100.0;0.04025327;0.0958029;3.995282E-4;0.002771479;0.01724346;0.01241297;0.01381118;0.02869348;0.02841226;0.02146699;0.03047282;0.04005529;0.04743753;0.03613685;0.04914695;0.07618792;0.07428113;0.06901136;0.08587926;0.1050197;0.1057608;0.1292238;0.1642371;0.1150425;0.1470356;0.1429559;0.09871451;0.08602386;0.09493292;0.08405855;1.721807E-6;1.284539E-6;43.06641;43.06641;43.06641;57.42188;8.274766E-4;62.43022;0.6428832;2331.836;-4.958148;1.077751;-6.48191;0.05741347;3.326225E-6;-38.95215;-61.98112;-58.81648;-81.4014;-89.48617;-82.57594;-64.31179;-76.43185;-72.62421;-63.18184;-64.91129;-61.9453;-51.49325;-57.98985
1.0;616.4218;0.9427915;1.0;1.0;1.0;133.57207;4.763084;11.251677;0.53182465;0.7999495;1.5230474;4.872265;13.350819;20.839445;23.843618;22.580004;21.068996;30.697023;25.036263;24.625633;20.560913;20.714184;21.665499;21.888058;31.981203;22.25936;20.542109;24.326027;20.009123;22.572878;20.864374;18.344374;14.770895;12.945286;10.174658;8.250806;46.82788;26.195957;10450.783;10565.624;10838.384;10924.508;4.7053857;10282.819;6.5202665;2.2454382E7;91.76769;13989.162;6.7733946;7.6125603;26.397627;95.83652;121.84958;124.05209;133.64075;134.34927;141.60297;117.617096;141.46152;137.40266;132.12378;132.81506;132.71155;113.96886;109.770035
codebookNumeric
128;65;10;0.0;0.0
0.22630411;0.86632925;0.2127746;0.0;0.5710453;0.7961433;0.11095266;0.078038186;0.045790456;0.07622049;0.09591431;0.06739413;0.03807632;0.03012228;0.036313895;0.03426895;0.03943291;0.033060394;0.04088012;0.041037813;0.04837757;0.044294942;0.05108966;0.062277142;0.038906753;0.055814244;0.06311597;0.054464556;0.07537501;0.04754682;0.049739253;0.041537914;0.052797966;0.05050388;0.052360356;0.054407675;0.0020415983;2.627984E-4;0.023351647;0.03668479;0.039735083;0.053876497;0.03304482;0.0500277;0.45742807;0.025810814;0.10048536;0.0017111159;0.9548096;0.06101304;0.0021279517;0.5956411;0.57344574;0.6929312;0.50617;0.45563972;0.45910984;0.42912206;0.6001443;0.53768456;0.35701346;0.59842575;0.41792175;0.5225718;0.45672798
0.35700455;0.93708915;0.009053579;0.006571263;0.08997513;0.8730858;0.16360463;0.19145536;0.09565595;0.07118112;0.07196482;0.052082665;0.03203809;0.024233045;0.026315672;0.0654181;0.12649445;0.08076747;0.13385834;0.16863672;0.17385633;0.19889092;0.32033974;0.2540963;0.09716882;0.12363699;0.11770272;0.06966535;0.09058303;0.103738904;0.069639206;0.06843211;0.055869937;0.06843539;0.100276895;0.095067784;7.4657187E-4;0.0011172054;0.057692297;0.06114131;0.059602622;0.07227336;0.026824927;0.06358034;0.3036644;0.004724377;0.10924677;0.0048357486;0.94865;0.0854839;0.009842743;0.72453517;0.3821818;0.30589148;0.5159424;0.6114497;0.47605497;0.6093776;0.79920626;0.35091725;0.27261224;0.3275456;0.24064372;0.39164966;0.21381436
0.0;0.62455904;0.0;0.0;0.0;0.0;0.046800062;0.23441708;0.006865599;0.3316536;0.0376489;0.029707648;0.018247047;0.015887411;0.014957657;0.023368489;0.032545436;0.03143444;0.033304736;0.05151641;0.1053214;0.13638318;0.12492317;0.2235071;0.15492521;0.22700058;0.29995447;0.23522668;0.23294204;0.19124275;0.21687171;0.26161158;0.302318;0.27086625;0.18155688;0.13920161;5.1417505E-6;5.6409142E-5;0.1167582;0.21603262;0.3377482;0.5032853;0.0065555735;0.24546583;0.7981898;0.16214421;0.060889594;1.1827312E-4;0.9569354;0.22000307;3.895262E-5;0.3500029;0.52534145;0.69141465;0.7921936;0.6306253;0.38712552;0.6421278;0.4509632;0.6206984;0.41325343;0.47932053;0.42776668;0.4566259;0.5943877
0.0;0.65564126;0.0;0.0;0.0;0.25454715;0.1653239;0.06149676;0.041773584;0.3798425;0.05157493;0.02622116;0.017210227;0.009109873;0.008551636;0.018644784;0.01484205;0.007960394;0.009785188;0.013384262;0.018862344;0.021612132;0.020462537;0.026256593;0.02261339;0.034728512;0.049024284;0.051492877;0.07206667;0.08199311;0.08247563;0.080124676;0.071895406;0.084336504;0.11818699;0.09042677;3.333789E-4;8.698863E-4;0.09065932;0.34103265;0.57483417;0.6136665;0.039154224;0.3562619;0.9057672;0.312115;0.055738367;5.8698148E-5;0.95641536;0.33156395;0.0010710302;0.34644362;0.548645;0.3724612;0.55126745;0.62376386;0.4900922;0.3963821;0.5454968;0.53733313;0.44327343;0.5003222;0.39052895;0.42418474;0.49014997
0.17304467;0.8309294;0.05364765;0.1160585;0.6690779;0.79282933;0.067131214;0.123813994;0.038615983;0.037480317;0.14813928;0.11177643;0.066756964;0.07154128;0.06336693;0.085280545;0.10297075;0.06406118;0.076519586;0.09663695;0.10310953;0.07431893;0.06110835;0.07188338;0.044736054;0.04967979;0.06881057;0.05937999;0.076350614;0.057388674;0.06266612;0.07664002;0.10106392;0.097765565;0.09463395;0.07013347;6.023161E-4;1.288586E-4;0.008241755;0.017663045;0.03443707;0.056504615;0.030981056;0.025733594;0.46354377;0.005434862;0.1436444;0.011486682;0.95517313;0.036497768;7.346499E-4;0.79687274;0.6645979;0.3532033;0.6087414;0.7498234;0.62849706;0.6095135;0.4812289;0.6132844;0.4251908;0.541855;0.3766851;0.28518203;0.49574926
0.31226718;0.88307977;0.1692121;0.5333595;0.6472927;0.74865955;0.08484703;0.16469137;0.05880295;0.045669295;0.19271694;0.37550768;0.19768906;0.10828218;0.0954701;0.18307172;0.24908406;0.09269194;0.09464171;0.10511425;0.13882355;0.13170841;0.069517575;0.045658585;0.03497876;0.059093535;0.058919568;0.043991324;0.062815584;0.069896206;0.099629894;0.06389769;0.0852007;0.07856877;0.058564708;0.06383572;0.0020348022;2.5560563E-5;0.013736261;0.017663045;0.03178807;0.0473062;0.041579317;0.027396902;0.34263307;0.013057788;0.18787645;0.017981317;0.9531186;0.038555037;0.0021996782;0.66836244;0.7652366;0.5297514;0.5605004;0.5843114;0.3950985;0.5049698;0.513936;0.64137036;0.5555409;0.3294122;0.20359752;0.34903976;0.43913835
0.14412972;0.83541614;0.07163282;0.0;0.03875112;0.82670647;0.25918224;0.13011645;0.22565646;0.06740158;0.1574252;0.10809916;0.046618525;0.030646527;0.05020911;0.09029932;0.08522006;0.05167891;0.067604795;0.069323055;0.09111429;0.14873587;0.11779981;0.055890094;0.044532746;0.050323118;0.07503535;0.11678649;0.090267114;0.10211469;0.07095666;0.08241519;0.10732224;0.070076056;0.07273841;0.07443724;0.055345863;0.0018933457;0.043956034;0.04483696;0.0476821;0.045992132;0.10561489;0.045265015;0.30894208;0.0034147226;0.18073528;0.01859271;0.9029761;0.065062195;0.044030424;0.7361716;0.5198627;0.52307117;0.43710545;0.5927931;0.46104673;0.41894522;0.6641222;0.75680363;0.52119374;0.47084492;0.51656497;0.4137876;0.45006165
0.0;0.6884003;0.0;0.0;0.0;0.0;0.40817353;0.092686996;0.21100052;0.10015749;0.085451074;0.046636183;0.02327408;0.018305024;0.019062713;0.022633532;0.03657681;0.027133897;0.055304;0.08883906;0.111887395;0.0925603;0.08618463;0.07445844;0.03821175;0.05175537;0.058888707;0.0489736;0.08726989;0.08148875;0.060349736;0.046818558;0.047107574;0.04853772;0.048031587;0.06117255;0.012036788;0.049439866;0.050824173;0.09375003;0.10993369;0.13534826;0.23956496;0.092451274;0.64393866;0.029791713;0.121022165;0.0044691004;0.91528136;0.10854001;0.027040446;0.6638802;0.37868464;0.38521004;0.6257633;0.7252166;0.6181095;0.3187559;0.5580859;0.4031589;0.4029577;0.5155721;0.46494895;0.4515818;0.57492006
0.27725238;0.88532;0.01070036;0.01502621;0.0724935;0.8656911;0.32769856;0.08767005;0.27279323;0.06708662;0.10499827;0.07756264;0.03333194;0.04737873;0.04242308;0.066351846;0.060969308;0.040080976;0.049028464;0.07358585;0.085760735;0.04256955;0.049113795;0.092488356;0.09463008;0.08291745;0.07123169;0.03811811;0.032512743;0.028914036;0.019741585;0.013819721;0.024551958;0.02723876;0.0283593;0.028055567;0.058194503;0.012938383;0.028846154;0.040760875;0.0476821;0.07884365;0.12386173;0.044824068;0.43940115;0.0068019005;0.13285881;0.008537856;0.8879068;0.06198354;0.07036389;0.8259994;0.44768912;0.49470988;0.5059397;0.41043815;0.72866285;0.32463533;0.54435575;0.40285775;0.41769907;0.7425206;0.42022374;0.32842928;0.452619
0.0;0.740294;0.0;0.0;0.0;0.25373614;0.08464739;0.03453103;0.04161921;0.08251969;0.076341376;0.06288984;0.02570916;0.016790386;0.016738985;0.014282917;0.014725675;0.009477387;0.018806811;0.01544172;0.014448972;0.0109907435;0.01439374;0.020728396;0.023614895;0.031399004;0.022070028;0.024460072;0.022094697;0.01611145;0.020504728;0.014531529;0.012043135;0.031334642;0.080008715;0.08589599;7.779511E-4;8.487013E-5;0.013736261;0.020380434;0.027814563;0.038107768;0.035687916;0.02740855;0.40419877;0.012341844;0.16742022;0.010988625;0.955308;0.037535224;0.0010410702;0.6864409;0.57456654;0.5934621;0.5657872;0.64381343;0.56936896;0.4832173;0.5083538;0.48589766;0.46634325;0.43712935;0.499755;0.40750334;0.5021069
0.4060935;0.93835676;0.01311005;0.00903286;0.179464;0.8303151;0.16119602;0.0452451;0.16747797;0.05291339;0.028198825;0.03243946;0.029492853;0.014335383;0.022554917;0.04160667;0.029520964;0.029998938;0.032222733;0.039867084;0.025164574;0.024762915;0.025374644;0.02732716;0.020214088;0.038547575;0.039753925;0.028096804;0.024984943;0.022870805;0.02340979;0.027133562;0.024487142;0.020316828;0.01745007;0.016214823;0.023155443;5.956593E-4;0.03434065;0.03668479;0.04370859;0.051248383;0.17008087;0.038836557;0.31531593;0.0016833709;0.16192412;0.022677403;0.9333859;0.056994;0.023379853;0.7721157;0.5844056;0.35940418;0.27611756;0.45547852;0.4648145;0.5046127;0.338073;0.31663793;0.43404794;0.36871296;0.37728038;0.27382553;0.3534057
0.23584792;0.852844;0.0;0.0;0.7083333;0.7649089;0.063813366;0.0850388;0.017007103;0.13543306;0.044921342;0.03399746;0.017854389;0.012792098;0.014673026;0.01615418;0.02087186;0.018237984;0.02750373;0.031154156;0.044560954;0.03863853;0.047846712;0.060138397;0.041507438;0.07987477;0.095823854;0.08834846;0.09743515;0.069183454;0.059892062;0.0737182;0.09736692;0.07453911;0.08550692;0.10628273;1.8198189E-4;1.1023565E-4;0.09203297;0.1372283;0.21059594;0.27463874;0.021052295;0.16770652;0.69288987;0.09433278;0.0712815;4.9687247E-4;0.95671386;0.14545232;2.0128756E-4;0.45583168;0.58727396;0.7098894;0.5413534;0.46632227;0.5776947;0.49128693;0.5455144;0.5935766;0.38133878;0.5075703;0.45416397;0.43542075;0.5282149
0.0;0.627529;0.0;0.0;0.0;0.0;0.08751141;0.10531614;0.020319933;0.44692922;0.05993132;0.032697346;0.018214697;0.011179613;0.0096459575;0.0131185725;0.014108389;0.012812057;0.016367575;0.017224351;0.02074935;0.031997446;0.057436477;0.10269607;0.07498088;0.0644441;0.09736504;0.11982944;0.11104435;0.07418569;0.099978186;0.13790448;0.16045551;0.13281454;0.12970127;0.1659081;6.104441E-5;1.9028719E-4;0.0315934;0.21603262;0.53112555;0.67148507;0.019221108;0.3046533;0.831552;0.37392652;0.059211098;6.308498E-5;0.9567688;0.2814527;2.1227529E-4;0.37356952;0.6474047;0.57688266;0.64652616;0.5951959;0.5676188;0.4464188;0.733501;0.6660852;0.44042262;0.53860676;0.4615063;0.335284;0.5688239
0.16072474;0.8688898;0.04749684;0.03279212;0.08089831;0.87044877;0.049850207;0.05411352;0.056679532;0.023307081;0.07429824;0.05958952;0.036975294;0.028274449;0.02708313;0.020308597;0.017729975;0.0121983625;0.01855504;0.016757399;0.017801784;0.015832005;0.034507062;0.048613757;0.030525079;0.028421568;0.041308936;0.036340386;0.03627311;0.035429057;0.035944864;0.061541054;0.07736312;0.063120306;0.05690976;0.049869798;9.4220875E-4;4.360015E-6;0.012362632;0.016304346;0.017218536;0.021024978;0.01769036;0.015012913;0.2716867;0.001364208;0.43144777;0.11350625;0.9537408;0.023171643;0.0012891141;0.76320857;0.78243774;0.59225327;0.7096635;0.5987345;0.5378591;0.49721408;0.476872;0.44844586;0.4341401;0.47863057;0.3877365;0.3971643;0.47824365
0.0;0.737719;0.0;0.0;0.0;0.25746298;0.010792237;0.034220636;0.0044092666;0.059842527;0.018671302;0.01654934;0.008876341;0.005867062;0.0056747696;0.010501416;0.01475974;0.011225626;0.016587468;0.01997973;0.02443668;0.027695524;0.022950651;0.024592543;0.01648721;0.022524938;0.027787143;0.028358327;0.031471882;0.018782575;0.025946341;0.041804727;0.04022029;0.03249298;0.028610682;0.02961777;6.7010524E-6;4.0161353E-7;0.006868135;0.009510872;0.022516549;0.035479642;0.0044394713;0.020962305;0.41574645;0.022360547;0.17087144;0.0094950255;0.9569422;0.027865542;5.7245666E-6;0.65248436;0.68824464;0.55131775;0.668934;0.63287735;0.49559596;0.56253743;0.63843596;0.57910013;0.50875026;0.45876792;0.46252748;0.4415846;0.51502657
0.65922165;0.77005816;0.09461322;0.06497549;0.1058173;0.7776887;0.51584744;0.103268705;0.3146625;0.12944882;0.093554825;0.055906385;0.034296606;0.037601437;0.045624692;0.04796589;0.026581623;0.021747192;0.0319677;0.036064055;0.047942866;0.046985827;0.050132744;0.06616703;0.058354896;0.10004108;0.0812792;0.07292289;0.07980819;0.08130791;0.09918876;0.114093624;0.10442905;0.08874383;0.093021326;0.09596857;0.07103015;0.043618668;0.03846153;0.05163044;0.09006616;0.1681998;0.3440312;0.08381445;0.49384803;0.03307886;0.09058316;0.0014637859;0.8690199;0.09538325;0.08038945;0.48941374;0.32769173;0.37799796;0.47067395;0.4311298;0.29853803;0.46370932;0.46875963;0.46006623;0.552475;0.4687647;0.64945763;0.6191142;0.5523861
0.6292438;0.96770334;0.009435341;0.008899613;0.07271086;0.85564846;0.6287474;0.13704874;0.5059987;0.14078741;0.06601878;0.07995623;0.034258462;0.020661516;0.023170242;0.024138061;0.03379657;0.032068703;0.035652194;0.07333818;0.08421669;0.14609835;0.13849248;0.12187694;0.06723698;0.09720864;0.09073213;0.07066025;0.10913547;0.16242398;0.13363849;0.0748919;0.103284635;0.14894041;0.11888872;0.09827942;0.0015376413;0.41200513;0.10439558;0.1372283;0.13642381;0.13666236;0.40208277;0.12581868;0.3704956;0.01047517;0.12686245;0.0064388164;0.76015097;0.14120041;0.26942214;0.48959374;0.22662543;0.2461269;0.56886774;0.8015376;0.54452527;0.4399374;0.5898952;0.56166255;0.45793834;0.27171874;0.32517496;0.57345897;0.4831655
0.25885442;0.9142246;0.01614223;0.08617779;0.2081997;0.8843451;0.097261876;0.08726808;0.07894166;0.05196852;0.14361814;0.11135561;0.05758164;0.069117084;0.13280559;0.12198864;0.05762966;0.04166986;0.069998406;0.055163622;0.046429697;0.028265387;0.02185433;0.022159357;0.021310205;0.032768935;0.045938283;0.042815465;0.044802908;0.041829646;0.051184446;0.044862792;0.039659955;0.040198706;0.04248698;0.055304;0.005641493;4.0618957E-5;0.03296703;0.040760875;0.039735083;0.042049948;0.017515838;0.037716717;0.3427361;0.0010904857;0.13961938;0.021934763;0.951189;0.056065727;0.0066625676;0.89009184;0.63956773;0.4132772;0.39749777;0.53100276;0.5270097;0.5289477;0.49277356;0.466715;0.4736129;0.4811891;0.5733216;0.5256222;0.45920095
0.36908737;0.9303483;0.005630421;0.003252174;0.02192068;0.92006314;0.07139396;0.09761995;0.055323202;0.04818898;0.04984052;0.10697546;0.08052037;0.05709214;0.105988644;0.08765242;0.09714375;0.08612424;0.12125007;0.047686167;0.038378313;0.040535443;0.038361438;0.033867385;0.02345251;0.04009438;0.063222535;0.05374561;0.050862245;0.06730146;0.051194124;0.033556435;0.028592957;0.024119848;0.0274353;0.023330742;0.0026348594;4.3153627E-6;0.0315934;0.03668479;0.039735083;0.038107768;0.010575278;0.035342533;0.29073516;0.0025462648;0.29344618;0.057674065;0.954032;0.052659295;0.0032450538;0.8306864;0.69466233;0.3960418;0.36479777;0.47985458;0.47836632;0.5009418;0.51591146;0.3555417;0.38345936;0.35876083;0.53318506;0.51204884;0.36117864
0.0;0.6782058;0.0;0.0;0.0;0.0;0.1413812;0.076553926;0.08378639;0.07149608;0.08094261;0.0549063;0.034357775;0.026588904;0.031504158;0.031452235;0.043732528;0.033411015;0.032361433;0.03986968;0.07380076;0.060877178;0.047348592;0.04837591;0.027451148;0.04018217;0.047118153;0.036519777;0.048516866;0.07061831;0.061875015;0.065610476;0.058389194;0.070258036;0.056915153;0.057733275;0.0025692424;7.494582E-4;0.01510989;0.028532617;0.05430461;0.068331175;0.06675689;0.037261404;0.53630453;0.006506291;0.12020548;0.00746767;0.95077866;0.051524315;0.002646528;0.78793734;0.5364094;0.44687098;0.53701633;0.72039276;0.5920747;0.4693137;0.5266543;0.60006446;0.5256727;0.38846785;0.30862862;0.47659647;0.57908994
0.26917216;0.8719408;0.0;0.0;0.1351674;0.76276594;0.04408892;0.08501125;0.026495166;0.08944883;0.056437925;0.03433248;0.02096139;0.018243665;0.023615364;0.027225945;0.03460472;0.02241962;0.032995835;0.043206487;0.048942287;0.061322525;0.06956216;0.06872751;0.045182;0.09358212;0.122754306;0.08511625;0.061943986;0.052527796;0.060367275;0.05293493;0.04997382;0.04404706;0.039769877;0.034093536;0.0010345853;1.6465188E-5;0.024725268;0.040760875;0.10596023;0.14980291;0.029805934;0.08087926;0.53358674;0.060490023;0.13454454;0.014264032;0.95593065;0.08491539;4.7851892E-4;0.5960591;0.6134152;0.6920568;0.56746423;0.4149727;0.45882535;0.5406044;0.43247908;0.58397907;0.6147785;0.47932744;0.51293325;0.5110697;0.47338974
0.0;0.7493367;0.0;0.0;0.0;0.0;0.32252336;0.07967374;0.27074164;0.07622049;0.057303492;0.025184084;0.015071174;0.015369327;0.03768333;0.063903935;0.05992654;0.03844196;0.0403042;0.044959825;0.065947555;0.10857035;0.086923175;0.07257148;0.075820684;0.07566257;0.03608675;0.039511185;0.057559736;0.02819381;0.020058982;0.010123525;0.014818019;0.024738863;0.020503469;0.028516324;0.054511312;0.0091437325;0.042582408;0.04483696;0.051655605;0.084099896;0.19916843;0.0556481;0.429533;0.008135884;0.13850965;0.009056207;0.9010988;0.07495755;0.03665268;0.6800461;0.3207009;0.28277868;0.50805265;0.24213268;0.40213707;0.17424007;0.59453243;0.51048136;0.41601783;0.60103774;0.32115752;0.37316218;0.64076084
0.29506093;0.8075956;0.2160286;0.09351385;0.2042476;0.796675;0.33262792;0.11641209;0.19757766;0.12818898;0.075762734;0.04262587;0.02327157;0.021329138;0.024140906;0.05956855;0.09432756;0.052713178;0.048178855;0.058978308;0.058715876;0.0652089;0.08692497;0.09714268;0.069122374;0.10206899;0.10498091;0.10066894;0.0984184;0.08183704;0.07344315;0.07113266;0.08141182;0.062566996;0.057355404;0.057497356;0.026231624;0.014820532;0.04945054;0.057065222;0.09933775;0.15637328;0.17673989;0.08583459;0.46096793;0.019218206;0.08324705;0.0012865609;0.92064744;0.100497745;0.034352574;0.613047;0.28522938;0.48809627;0.488706;0.3007934;0.4804866;0.6873918;0.6835817;0.606449;0.4633471;0.41515577;0.49269402;0.31791598;0.36854592
0.20650746;0.8729732;0.09837652;0.02012893;0.03874283;0.8836021;0.1691798;0.12711583;0.16374831;0.038740158;0.19142494;0.1295735;0.08033131;0.06552505;0.08963709;0.11642988;0.11854871;0.10060609;0.080203526;0.10390994;0.10856654;0.06948008;0.06303137;0.06663587;0.064223304;0.09500346;0.065498106;0.07237323;0.06291085;0.042358555;0.049561486;0.031644396;0.033880413;0.03993147;0.0497499;0.04494638;0.018703498;4.3740548E-4;0.01648351;0.032608703;0.04105958;0.045992132;0.07598319;0.030620178;0.43903798;0.0018307221;0.105220184;0.00808419;0.93152374;0.045405295;0.016380485;0.86187285;0.64909256;0.5091406;0.47450167;0.52147007;0.6524298;0.5647447;0.45710316;0.5870139;0.5781529;0.5908093;0.34782538;0.37411427;0.51746595
0.24432425;0.9236903;5.445349E-4;0.01023699;0.01462172;0.9152739;0.4247815;0.101288736;0.29930234;0.066456705;0.07420297;0.05653961;0.028156156;0.0279053;0.035459064;0.047591936;0.057867687;0.027868025;0.03941053;0.050655477;0.044640724;0.06270249;0.08327756;0.093220994;0.053624555;0.07708377;0.069572516;0.08065732;0.090344384;0.088421136;0.10163604;0.06653294;0.058186676;0.054960765;0.05581528;0.057787716;0.07037944;0.021436263;0.042582408;0.052989136;0.052980114;0.12352174;0.060068768;0.063430294;0.42208397;0.01075793;0.09338687;0.001726588;0.87613475;0.082047746;0.08752297;0.6868036;0.3585839;0.49045733;0.49539128;0.48397517;0.4672549;0.4591454;0.7820162;0.6191142;0.42811683;0.6288865;0.5000412;0.43418697;0.3523293
0.41099066;0.8577886;0.1224267;0.2347883;0.3877606;0.77949995;0.2880438;0.13157764;0.14292353;0.1033071;0.083269;0.061699692;0.03032107;0.025253734;0.072549924;0.10127221;0.055928964;0.032160178;0.044717275;0.062203687;0.07482975;0.1292934;0.17765263;0.10761364;0.039330505;0.05933362;0.12638801;0.109035075;0.09870927;0.080200434;0.09734073;0.11962307;0.073615886;0.04106534;0.05208034;0.058091994;0.011611288;0.0073996275;0.04532966;0.05027175;0.071523145;0.17608419;0.13293871;0.08336102;0.46996897;0.029708419;0.08360563;7.313904E-4;0.94006014;0.09719191;0.017757853;0.6072187;0.27754927;0.5187847;0.32773116;0.6389486;0.380359;0.5446646;0.7465036;0.65991753;0.64328235;0.29206887;0.7195221;0.37494722;0.32029378
0.29783487;0.9357124;0.01104568;0.01093412;0.1100388;0.8267061;0.36307606;0.08054632;0.27075404;0.08692914;0.21001588;0.103987865;0.03803871;0.052763574;0.04268504;0.045619525;0.040849626;0.035911128;0.03965929;0.0355355;0.09159628;0.108254865;0.06081798;0.053044118;0.048980545;0.09152686;0.04154949;0.021884333;0.025123587;0.036245033;0.038181383;0.03229012;0.02959091;0.033529524;0.03314821;0.039441243;0.05425104;0.02207992;0.0315934;0.043478265;0.059602622;0.11563735;0.16290286;0.055277277;0.4778505;0.007766932;0.10251464;0.004649191;0.8883663;0.0736655;0.07480542;0.79509425;0.39409098;0.34373283;0.59366864;0.4964063;0.52004397;0.40377584;0.4712302;0.507716;0.5706216;0.4670158;0.3463609;0.4568418;0.56670094
0.27190796;0.9085247;0.006105492;0.007329064;0.0821695;0.8845675;0.26097688;0.093767636;0.27640477;0.035905518;0.13451402;0.07273973;0.043582764;0.039868332;0.026793936;0.036622975;0.041818716;0.02369096;0.034139156;0.036191657;0.03346326;0.048657335;0.09991309;0.1022859;0.052098628;0.08311965;0.082272485;0.06359761;0.0849391;0.07240931;0.052186966;0.049156494;0.07005388;0.059036676;0.060247753;0.07716808;0.06876075;0.002097344;0.024725268;0.028532617;0.027814563;0.039421823;0.06401756;0.02930371;0.31008792;0.004141918;0.20835347;0.022583935;0.88300437;0.04326797;0.074543886;0.73199284;0.5933636;0.59497523;0.6695006;0.39078355;0.41193688;0.5113284;0.5268626;0.44840255;0.3838337;0.49418324;0.48231065;0.405579;0.5323772
0.16189155;0.8527936;0.0;0.0;0.3201989;0.84045875;0.0740805;0.06588285;0.06832402;0.03055118;0.063986145;0.05138486;0.03489642;0.02643531;0.018678311;0.020116214;0.028794412;0.025147561;0.03252374;0.037583098;0.04440397;0.062208533;0.062156472;0.050630108;0.028331537;0.04043914;0.03997457;0.047335852;0.051386807;0.045050815;0.035418797;0.05452713;0.044053108;0.047121797;0.050499745;0.05866152;9.881884E-4;2.818917E-5;0.004120878;0.012228259;0.01589403;0.02496716;0.036480904;0.015022007;0.345511;0.008113868;0.21476957;0.018343346;0.9528898;0.021582348;0.0013050735;0.669144;0.77042824;0.56528807;0.72210187;0.710924;0.46958867;0.52580106;0.5270133;0.49164602;0.565681;0.44360134;0.53353745;0.3900791;0.49717605
0.11526319;0.80718887;0.01887632;0.0218615;0.1307177;0.79394174;0.09885476;0.110013925;0.03659714;0.10362205;0.117349885;0.06006778;0.03758518;0.040489204;0.062032185;0.071007915;0.04699508;0.015547863;0.016979754;0.020953508;0.02906503;0.026221124;0.047154922;0.14314759;0.11247058;0.09372634;0.09326833;0.08631267;0.11386466;0.12512314;0.083161294;0.05044904;0.055361897;0.054819874;0.069138855;0.057521753;7.471034E-4;5.259455E-4;0.0315934;0.040760875;0.07284765;0.19053885;0.032256998;0.07474305;0.5389799;0.034045137;0.07263478;3.7738087E-4;0.95590097;0.081094205;6.937303E-4;0.66023844;0.41139746;0.8201592;0.5662499;0.4087142;0.48706383;0.42535654;0.79087615;0.48680535;0.59109753;0.668342;0.5046662;0.41166148;0.51445687
0.5140566;0.9440849;0.004385264;0.004749953;0.05120699;0.85277635;0.1625683;0.09773068;0.06863016;0.10992127;0.07035121;0.039186176;0.042734127;0.045765523;0.03204047;0.026544092;0.051757623;0.03533068;0.10653761;0.11296624;0.052853197;0.06313322;0.07967358;0.09504039;0.05434204;0.07820725;0.051144224;0.0324981;0.04579276;0.051322367;0.05840038;0.06617517;0.05112031;0.04779499;0.04820428;0.057637706;0.0030167107;0.0015288197;0.024725268;0.03668479;0.083443664;0.13140611;0.022836454;0.070996314;0.41108456;0.04066977;0.100155905;0.0018161652;0.95264626;0.08395642;0.004871687;0.5190753;0.45474476;0.3521256;0.48795384;0.27625537;0.6015944;0.5263224;0.22492695;0.31134745;0.30731556;0.4234692;0.4655713;0.5350944;0.47278222
0.61485475;0.83169574;0.06013593;0.04898354;0.378299;0.79309833;0.58619684;0.114500456;0.47071752;0.0919685;0.11566136;0.048899155;0.017785825;0.035412285;0.03991069;0.023822233;0.046222907;0.052747615;0.052729774;0.07713808;0.113346964;0.08053685;0.090902455;0.077087775;0.06344635;0.12961353;0.1072924;0.044556234;0.05931459;0.0782597;0.06646283;0.05251393;0.06906179;0.09516354;0.109273665;0.105028294;0.04248461;0.16138026;0.06456042;0.07065218;0.10066221;0.113009214;0.42887565;0.08151774;0.49780372;0.0084463805;0.09631083;0.0033027076;0.74755;0.102334;0.17781124;0.6449921;0.30945122;0.23258978;0.48363566;0.5393993;0.576864;0.4376557;0.4450063;0.44562563;0.6051321;0.48436558;0.30552337;0.66338223;0.73738885
0.0;0.67582184;0.0;0.0;0.0;0.0;0.011626138;0.047099754;0.006153436;0.04094488;0.061374214;0.02962393;0.009741456;0.0063823587;0.009445451;0.010711575;0.012879194;0.013736175;0.02182463;0.024517983;0.03227666;0.0398986;0.041135974;0.034479775;0.01972391;0.029210895;0.043478336;0.037655644;0.033565342;0.026638424;0.031200504;0.048694503;0.060238823;0.055350505;0.05242813;0.045050286;4.789935E-6;1.150923E-6;0.0;0.0027173911;0.014569533;0.027595276;0.003874104;0.012717978;0.26891932;0.011799249;0.18040638;0.012713896;0.9569344;0.016282763;4.341609E-6;0.63181007;0.6055611;0.5762758;0.68608385;0.7226069;0.5642838;0.53057915;0.46981388;0.5537817;0.630388;0.5944928;0.53158337;0.52321714;0.5256182
0.14750396;0.85865855;0.1034199;0.1682808;0.2608712;0.8108509;0.13260432;0.10819713;0.13146733;0.018897641;0.1043583;0.07918423;0.06264493;0.069427595;0.06396361;0.04576505;0.040089607;0.03517034;0.04486598;0.042582545;0.06758076;0.11338777;0.11149256;0.06417352;0.0679539;0.08692736;0.05028219;0.0515975;0.08280572;0.056500398;0.06530335;0.05984299;0.07028589;0.07507514;0.07902836;0.07218764;0.012199163;3.8294404E-4;0.009615384;0.023097832;0.033112563;0.035479642;0.06969992;0.022481732;0.41747755;0.0023464104;0.16305715;0.02004244;0.9398914;0.03376837;0.0061640264;0.82222897;0.6458738;0.507012;0.77485305;0.56201804;0.39649835;0.38676003;0.5852944;0.6100993;0.48166642;0.5225454;0.39105317;0.60197806;0.736869
0.27115166;0.78455865;0.04832399;0.02237774;0.04693734;0.78403956;0.25580502;0.05118526;0.13569772;0.08346458;0.12033167;0.045098335;0.019103192;0.014216441;0.022744115;0.03368498;0.017065482;0.014172563;0.0140298605;0.0144786015;0.019262655;0.017637176;0.021718146;0.03107165;0.019985354;0.02883923;0.039076477;0.044854846;0.07521978;0.07191779;0.07021411;0.05416942;0.03420659;0.024725499;0.01760865;0.014892987;0.014794592;0.005471711;0.041208785;0.042119566;0.09933775;0.22601852;0.09740134;0.09194713;0.43227997;0.06384888;0.09216869;0.0015637769;0.9417305;0.09584699;0.015784368;0.54036903;0.50260144;0.666741;0.3804654;0.55688256;0.45421943;0.3379285;0.5901697;0.56820655;0.5806197;0.6305378;0.468504;0.4893651;0.5350297
0.2559327;0.87531257;0.0186773;0.02134287;0.0488189;0.8374194;0.2159344;0.10840003;0.10345057;0.13763782;0.049738217;0.03724119;0.020177994;0.022866022;0.030144854;0.041372657;0.043793064;0.030463334;0.059622776;0.07404972;0.10962972;0.12132475;0.10722771;0.06409873;0.039911345;0.06732967;0.06648851;0.052660972;0.06405727;0.07873216;0.09346445;0.094896786;0.09745013;0.084094405;0.06976117;0.068573035;3.5977218E-4;0.016637273;0.09890107;0.10733692;0.12715222;0.1392905;0.06582649;0.11228825;0.5448447;0.0077738347;0.107692525;0.004754066;0.94851774;0.13071194;0.009745398;0.621789;0.33085376;0.2063122;0.69484913;0.8635776;0.52396816;0.5943855;0.42828867;0.6390485;0.4858467;0.43442756;0.5373861;0.4525575;0.4105481
0.24833092;0.89542955;0.005154001;0.003702037;0.08726066;0.85819906;0.100525945;0.09120624;0.055510744;0.059842527;0.09595934;0.06775749;0.039164875;0.02942657;0.030521639;0.04906288;0.07929609;0.04172612;0.028073782;0.060910847;0.09480606;0.06897458;0.079991594;0.08626091;0.061935965;0.07270202;0.09357521;0.046966;0.047432907;0.043470643;0.039888173;0.031527013;0.0365261;0.03949347;0.035249323;0.030697118;0.0022038855;1.18632866E-4;0.030219771;0.05163044;0.052980114;0.05781868;0.02331752;0.04473269;0.42929006;0.0037970345;0.1038981;0.0047747963;0.95404416;0.06317807;0.0028095678;0.8481713;0.45649642;0.5367432;0.5632588;0.42548996;0.49083903;0.73039186;0.56997037;0.5798494;0.57276344;0.42428264;0.41300422;0.39437935;0.41312337
0.2672146;0.86086756;0.008875687;0.008284732;0.03202029;0.8761974;0.31990153;0.09267873;0.20897408;0.13385834;0.06282223;0.056977633;0.021961465;0.02221075;0.021131871;0.035538934;0.051665112;0.0458102;0.046295386;0.042788427;0.060201857;0.06534778;0.07744331;0.10852816;0.059227098;0.06423371;0.045313466;0.048350733;0.04534436;0.043939345;0.06657518;0.09240812;0.08853496;0.06639277;0.074053586;0.06990938;0.010350451;0.0037120974;0.05219779;0.05978261;0.071523145;0.07358741;0.09567046;0.06901663;0.46970913;0.019858064;0.12809125;0.004449586;0.91746014;0.08956194;0.045146283;0.653317;0.5533403;0.22461772;0.5679221;0.6203286;0.35409966;0.90086776;0.5776371;0.45024917;0.41165656;0.38187975;0.48320454;0.39396936;0.5349204
0.18130961;0.8589092;0.0;0.0;0.2165605;0.8355654;0.016365284;0.079324916;0.017976917;0.022992127;0.07351887;0.053288452;0.030388901;0.025228782;0.026896782;0.03296851;0.03875626;0.028594758;0.03733832;0.040890813;0.051211346;0.052325595;0.052749764;0.054999202;0.03878318;0.05707987;0.06388318;0.05423233;0.064652555;0.05837366;0.058075573;0.059385188;0.0656995;0.062563606;0.0628341;0.061845172;7.910508E-5;3.66552E-7;0.010989013;0.014945656;0.014569533;0.017082796;0.00787714;0.012830633;0.23879068;0.001001737;0.4542616;0.12969005;0.9566429;0.019912424;1.492147E-4;0.7363794;0.7818636;0.6545271;0.6973697;0.7146177;0.54292107;0.45936045;0.5880866;0.50776654;0.4097382;0.38781106;0.43446264;0.42700085;0.4935638
0.16299407;0.8527217;0.01818211;0.006638364;0.08272146;0.8425009;0.10301167;0.10625261;0.11354611;0.043149613;0.1365227;0.08690497;0.06234909;0.058632158;0.049346402;0.036725778;0.039279707;0.02608999;0.030244892;0.03097648;0.047731005;0.050448187;0.061821003;0.09199188;0.04967242;0.065765835;0.0802903;0.084173925;0.094302826;0.09679233;0.08359016;0.06900241;0.103902206;0.09694843;0.09250828;0.10779199;0.0060386476;7.455545E-5;0.012362632;0.020380434;0.025165552;0.02496716;0.05741602;0.022732848;0.3475643;0.015115386;0.18547298;0.01213226;0.947771;0.031967353;0.0038660131;0.5888225;0.82040435;0.71935254;0.699941;0.58481103;0.45957989;0.3826444;0.5555649;0.49492043;0.3768202;0.5197189;0.3806232;0.45292383;0.59250927
0.2030285;0.86312723;0.0184321;0.009649966;0.1061543;0.87409294;0.08947546;0.045813467;0.11871821;0.015433075;0.0941011;0.0526664;0.021167424;0.023155786;0.0211265;0.024630774;0.020782048;0.024164712;0.038831294;0.047981795;0.040823195;0.03041016;0.023815935;0.021140745;0.013007166;0.02101399;0.025866892;0.018000457;0.022577742;0.023035541;0.03508424;0.041722912;0.04569828;0.027495889;0.030656056;0.038577184;0.0044491054;5.3527092E-5;0.006868135;0.008152173;0.021192044;0.027595276;0.035462685;0.012556272;0.29168957;0.0010159903;0.24283576;0.05595174;0.9426635;0.019609753;0.008580596;0.83526754;0.74024016;0.55188674;0.6426729;0.6595948;0.6544108;0.46945652;0.5167761;0.43904233;0.5280902;0.5848057;0.5411665;0.53136235;0.58261096
0.2671721;0.9154938;0.00827518;0.002879426;0.1158558;0.880458;0.10385906;0.107975475;0.0675991;0.05480316;0.07047163;0.061391234;0.04433852;0.037537392;0.06406338;0.07361265;0.074402034;0.04700507;0.06697719;0.08435987;0.12565152;0.10171306;0.07296245;0.07686802;0.057749823;0.0846622;0.075027116;0.06287793;0.06796234;0.04569522;0.036683097;0.041874684;0.043815605;0.03561434;0.0356004;0.03495734;0.0039648744;1.6037501E-4;0.041208785;0.043478265;0.04370859;0.056504615;0.02649165;0.04474594;0.34256834;0.0012504158;0.14491801;0.018124621;0.9526631;0.06522107;0.004411949;0.86157465;0.45129237;0.37789294;0.44526237;0.43522453;0.5381721;0.397049;0.5363972;0.5550225;0.56052923;0.5271269;0.41022894;0.39651176;0.56651706
0.29731736;0.858372;0.01125457;0.01702824;0.1366869;0.83297944;0.2522195;0.0635915;0.1856658;0.10960632;0.06892683;0.069686264;0.031250093;0.024492148;0.028802844;0.06448985;0.07255149;0.027483754;0.047879208;0.047259666;0.031760022;0.025651356;0.023318704;0.023714155;0.019438822;0.050297014;0.060924474;0.034504827;0.047744416;0.031549647;0.027926724;0.027331289;0.03031342;0.037077453;0.06633099;0.06614165;0.014991357;0.019246794;0.05631867;0.07608697;0.09139071;0.091984294;0.17866339;0.07578581;0.4408605;0.004652213;0.09923769;0.0049540163;0.9250166;0.09818084;0.03662709;0.763442;0.3835603;0.31535453;0.3996971;0.5416701;0.92042804;0.38583285;0.4813319;0.55944294;0.5238893;0.4018424;0.4682358;0.36316466;0.36822635
0.2645015;0.844738;0.6123459;0.4917576;0.4373186;0.7932107;0.24813919;0.14259529;0.2414064;0.07811025;0.098036565;0.05869107;0.03174169;0.032325976;0.054489583;0.10388068;0.13276751;0.06295235;0.05613619;0.060949422;0.075309105;0.112476416;0.15982701;0.112280935;0.06255339;0.08475219;0.14229237;0.0735888;0.0735179;0.069398135;0.085554995;0.07885405;0.115660794;0.101841725;0.11377681;0.07715187;0.031109571;0.0013046389;0.050824173;0.054347835;0.052980114;0.056504615;0.21168949;0.053756744;0.28705448;0.004581576;0.19226308;0.018131455;0.913363;0.07555351;0.044665102;0.66142124;0.53451234;0.44261083;0.49347588;0.49053842;0.44471046;0.77955544;0.66294885;0.76004;0.5632876;0.38257718;0.40285724;0.4229123;0.35926288
0.17409216;0.87435937;0.004284244;0.007010249;0.05700165;0.90933293;0.06248158;0.042134386;0.108114265;0.017637802;0.07926578;0.05540572;0.033501763;0.020063285;0.012911691;0.017705515;0.020170918;0.009944541;0.009155986;0.014922521;0.01903725;0.023829015;0.025125485;0.027578464;0.016526666;0.028744439;0.048034757;0.026202321;0.035507604;0.039615396;0.031376526;0.032769788;0.05165983;0.040735446;0.033133622;0.03746907;0.0019366419;7.807062E-6;0.004120878;0.008152173;0.01589403;0.01839685;0.0155004505;0.009199595;0.27717635;4.721566E-4;0.3996889;0.15040082;0.9455516;0.0145583125;0.0025176096;0.77754474;0.7884862;0.74929327;0.6747432;0.6396584;0.6024753;0.5294271;0.55084366;0.5903961;0.48275113;0.3951174;0.35835895;0.47996372;0.49579966
0.0;0.75568974;0.0;0.0;0.0;0.27171624;0.030193008;0.037639927;0.0054820497;0.15905517;0.075305365;0.022049075;0.0113408035;0.013386246;0.01429776;0.012647997;0.010361694;0.013838469;0.019982897;0.024868237;0.026476908;0.02867704;0.03868255;0.031099083;0.017632518;0.02377252;0.028393248;0.02464882;0.03317987;0.025412215;0.024296468;0.020021899;0.027778458;0.038192727;0.038811397;0.026573664;1.0518545E-5;1.404741E-5;0.0315934;0.052989136;0.13509925;0.2325888;0.0044139177;0.104494475;0.67419064;0.07644985;0.08214458;9.334218E-4;0.9569452;0.110717356;2.0047775E-5;0.5703788;0.44198835;0.5340514;0.5839855;0.6008171;0.50757223;0.5788079;0.59624636;0.46014506;0.440615;0.4652273;0.59807134;0.5491291;0.47141403
0.5078967;0.8950461;0.06217903;0.04403862;0.1853771;0.7809482;0.26987657;0.053779446;0.23182127;0.07433072;0.092872314;0.06274625;0.034639288;0.021975808;0.015673127;0.02469198;0.02928355;0.021607004;0.031887945;0.030714562;0.029746844;0.030575817;0.035414256;0.038789157;0.035216212;0.0382843;0.042477388;0.03092845;0.032523267;0.027525032;0.028939968;0.038243458;0.04934376;0.046378855;0.04233874;0.04655679;0.0383711;0.007921223;0.024725268;0.03668479;0.055629116;0.07752959;0.17615384;0.04341904;0.4133863;0.004348368;0.099725716;0.00462847;0.9092931;0.060673773;0.04132408;0.7991421;0.44424766;0.32941797;0.54545724;0.58164126;0.53301245;0.5475401;0.38315272;0.39940622;0.32294732;0.42509088;0.44043866;0.35434744;0.59668505
0.7791625;0.96800095;0.01612312;0.01422847;0.07414579;0.8081699;0.7117155;0.14114058;0.4515217;0.15118106;0.21094514;0.15137142;0.046160985;0.030984703;0.032028586;0.039515533;0.06228242;0.033419646;0.047115516;0.05871752;0.08069258;0.084795184;0.123299986;0.15077132;0.065175645;0.09202795;0.11256119;0.103168525;0.1339305;0.08822715;0.094014965;0.12911299;0.124801405;0.12754397;0.12612818;0.09884016;0.019083068;0.25293368;0.08653844;0.1317935;0.17086086;0.17214195;0.18385173;0.13471994;0.51976264;0.02088557;0.07034733;7.5548835E-4;0.80030346;0.14204414;0.20199247;0.50776666;0.23714708;0.42618275;0.57940954;0.6582481;0.5771177;0.547358;0.5773113;0.57502764;0.49943912;0.65785193;0.76634127;0.5554934;0.439991
0.2807709;0.8885807;0.04560481;0.0;0.3722236;0.7635758;0.16245691;0.12940694;0.16140665;0.056377962;0.098527364;0.09768694;0.04864621;0.038274094;0.052064866;0.076209955;0.098597966;0.0619187;0.06981275;0.109246135;0.18659668;0.10970097;0.051282957;0.047628924;0.040892765;0.085269675;0.100619815;0.06389778;0.08554627;0.08210236;0.08291163;0.09074041;0.07104163;0.060300548;0.06680289;0.052606743;0.020420339;0.0011771837;0.019230768;0.031250004;0.038410578;0.043364003;0.13811055;0.02975919;0.37759864;0.0016820367;0.123198636;0.011981315;0.9306423;0.043936145;0.024250636;0.88701916;0.6124962;0.41092968;0.49462354;0.6554732;0.5550175;0.5181194;0.4042868;0.4247082;0.6780654;0.4407909;0.30741605;0.426056;0.42301232
0.5374975;0.9180994;0.01564271;0.01130105;0.1736396;0.7969985;0.29114932;0.045733053;0.23635831;0.075905524;0.06682644;0.04841798;0.04744756;0.032829523;0.027453216;0.020374576;0.024891041;0.016131662;0.0152725065;0.014409958;0.023462556;0.024653535;0.018431004;0.030114813;0.02461643;0.026267257;0.032437373;0.030686552;0.037545368;0.039428934;0.0366816;0.026621912;0.03283328;0.036801875;0.04079674;0.04018543;0.0659842;0.006769179;0.028846154;0.028532617;0.030463563;0.09067018;0.18294759;0.049331203;0.28174153;0.025359519;0.10796885;0.0025406103;0.8937196;0.060708765;0.07242775;0.5321998;0.4678918;0.56286204;0.4605768;0.3369433;0.50173134;0.34454328;0.32627636;0.3189881;0.45322883;0.38010782;0.4358575;0.5797641;0.682774
0.18226707;0.83287555;0.1010323;0.1804955;0.3309167;0.7797748;0.032051887;0.0885509;0.015681736;0.043149613;0.05201234;0.038255766;0.02412921;0.020115152;0.039934754;0.04209052;0.043213174;0.028403481;0.04145317;0.054949578;0.0741597;0.08184643;0.04663802;0.042940523;0.03079605;0.04828725;0.06741223;0.044390034;0.056114897;0.077003494;0.07243459;0.08889064;0.08654327;0.08343116;0.07644953;0.06972681;2.203834E-4;5.965079E-6;0.01648351;0.032608703;0.039735083;0.04467807;0.01338559;0.031765684;0.4458273;0.007908588;0.17777115;0.016081382;0.9566631;0.04587238;1.5971492E-4;0.72753125;0.71980846;0.42810944;0.5636788;0.6688208;0.43831295;0.42715907;0.47283995;0.68248844;0.55079544;0.48201782;0.3576814;0.45674554;0.5417603
0.16187343;0.86285055;0.07654422;0.06537569;0.3033818;0.8357635;0.12770405;0.08210457;0.082206026;0.0856693;0.1227159;0.09223368;0.074807085;0.059406746;0.045440618;0.041143473;0.037985343;0.025905356;0.042607658;0.043320272;0.07048326;0.05534855;0.047440447;0.06569207;0.050839636;0.06861115;0.064245805;0.0286552;0.044874426;0.03533841;0.032702494;0.04247999;0.055304404;0.060944553;0.054481972;0.05370405;0.0077764224;3.310776E-4;0.020604389;0.024456521;0.03178807;0.034165587;0.050451428;0.035197686;0.4101524;0.02250965;0.13346784;0.004427776;0.94847155;0.04693692;0.0022547205;0.5787852;0.74001515;0.6590557;0.82005465;0.3850338;0.293437;0.58788747;0.34121582;0.49638578;0.47283116;0.62136704;0.3656806;0.4969182;0.63363296
0.34288144;0.8956959;0.01610694;0.06766271;0.04468705;0.8414581;0.28177494;0.26341462;0.093027934;0.14488192;0.07643198;0.14126061;0.08081323;0.057440374;0.058150478;0.06942457;0.15330723;0.16728587;0.21357742;0.18389194;0.21056955;0.1816733;0.23302582;0.29877818;0.19675219;0.26119542;0.25015417;0.15150608;0.13470885;0.16437358;0.1363062;0.07735234;0.05132774;0.027191624;0.047099788;0.060858995;0.0010842399;0.008829104;0.07280219;0.12907611;0.19602643;0.23915906;0.048061103;0.14589752;0.654299;0.0420281;0.06669114;3.0960017E-4;0.95036197;0.14522624;0.008932935;0.5428087;0.22373413;0.53066355;0.40520546;0.5389822;0.4779176;0.552751;0.6669674;0.22441731;0.51691467;0.29446444;0.4767316;0.44871086;0.42505187
0.22515735;0.882959;0.06541266;0.06349596;0.1773768;0.82752955;0.25341496;0.09411088;0.2781373;0.052598435;0.14621267;0.08217497;0.059519626;0.037366185;0.037202403;0.041536782;0.04335705;0.021963112;0.024629366;0.03209903;0.078301094;0.1060023;0.08924525;0.096865535;0.06898091;0.09099256;0.07574754;0.043467157;0.04318465;0.044546984;0.046451785;0.062412277;0.0532572;0.064167984;0.04761351;0.0379071;0.07715033;0.0032619224;0.027472526;0.03532609;0.04105958;0.043364003;0.21884912;0.034856867;0.3903225;0.0013384419;0.11190896;0.010023249;0.88062966;0.051646233;0.07104857;0.93082124;0.53014994;0.38465476;0.60464203;0.5837673;0.44854048;0.44330147;0.43144107;0.5062921;0.5729614;0.5091883;0.36494255;0.49826783;0.47956982
0.0;0.7155476;0.0;0.0;0.0;0.0;0.124358326;0.049874973;0.039790243;0.10614174;0.024874154;0.02254718;0.018598;0.012630726;0.012620683;0.013479568;0.016260248;0.017296085;0.027803926;0.024786381;0.04350159;0.050997037;0.030365866;0.027212799;0.0175117;0.036710862;0.04640065;0.037478715;0.051930957;0.046615615;0.028922612;0.05191511;0.046111993;0.033118267;0.030656487;0.026416503;9.747329E-4;4.058957E-4;0.023351647;0.031250004;0.055629116;0.15900141;0.03656043;0.06628607;0.56648463;0.047508106;0.09819946;0.001736856;0.9556048;0.075676754;9.405275E-4;0.5697828;0.51449627;0.5206242;0.53707075;0.6181647;0.4838687;0.44468468;0.50521815;0.5271735;0.43438008;0.40438637;0.33495858;0.561099;0.601082
0.12939468;0.7248151;0.0;0.04181105;0.5032195;0.7927375;0.034199804;0.058973387;0.021073755;0.27212605;0.09029656;0.046538837;0.021647101;0.017761987;0.020390958;0.019128278;0.020740489;0.0112856515;0.020356406;0.022237342;0.026338806;0.044257727;0.040393393;0.042867057;0.041339308;0.06306858;0.051702153;0.03749602;0.058263667;0.039859757;0.03882322;0.036746297;0.049264587;0.05275469;0.06150529;0.060520377;5.0138617E-5;1.0203032E-5;0.002747252;0.004076087;0.2026489;0.30091992;0.022030653;0.10598745;0.36619157;0.30365947;0.10052046;0.0019162048;0.95652676;0.106750466;5.9561484E-5;0.50177985;0.70005965;0.6181277;0.86612177;0.5878468;0.5447779;0.5387546;0.6313323;0.61115015;0.55286294;0.5726416;0.4549926;0.53798777;0.58449954
0.15072104;0.8408227;0.03172205;0.04289117;0.1241262;0.86631787;0.09330504;0.09944154;0.0820131;0.033385836;0.078460805;0.055233456;0.028457884;0.030149173;0.043054234;0.050185423;0.04669217;0.033040456;0.037428472;0.07784848;0.16020776;0.09163885;0.058271352;0.048312128;0.04050557;0.06764872;0.06770976;0.054940626;0.079447106;0.047181025;0.049291123;0.062754996;0.0794286;0.06990702;0.077343054;0.06414433;0.0036374072;1.5680378E-4;0.010989013;0.027173918;0.035761576;0.039421823;0.0379536;0.024364064;0.42798188;0.0019893968;0.15042922;0.021327091;0.9508724;0.036391363;0.002421313;0.8885267;0.6738377;0.42798182;0.55886525;0.7053464;0.5934209;0.3526576;0.50849366;0.6570161;0.59925044;0.5269303;0.4190692;0.43082377;0.6311772
0.106336236;0.7765776;0.03460807;0.01336892;0.3115162;0.8049421;0.01739905;0.06805656;0.009355441;0.091653556;0.105564825;0.0707556;0.04193254;0.03648345;0.026257392;0.01822249;0.022820687;0.022111569;0.028415037;0.032708555;0.034365818;0.036958363;0.04971009;0.04808241;0.029769449;0.040266223;0.041844398;0.038927;0.051990975;0.042835765;0.08545046;0.08278779;0.0632222;0.050122727;0.044747513;0.042889863;5.4224965E-5;3.3064086E-7;0.008241755;0.016304346;0.022516549;0.02890934;0.009143196;0.030743971;0.39371362;0.034908798;0.1449542;0.0067793885;0.9568548;0.036616545;4.8076472E-5;0.6017323;0.8333714;0.6018236;0.6749613;0.74354047;0.3620293;0.6568951;0.4427377;0.42155892;0.48147348;0.38428602;0.5417633;0.46373892;0.5488156
0.0;0.71415555;0.0;0.0;0.0;0.0;0.16334692;0.042394847;0.080634266;0.1518111;0.06647773;0.0674963;0.024890896;0.01057344;0.015185428;0.024969552;0.019903125;0.012523742;0.015156883;0.018052792;0.023674196;0.018900791;0.017438024;0.020963037;0.01534889;0.021030225;0.028769553;0.020974705;0.023713637;0.022313224;0.029046187;0.034851626;0.053140625;0.0801125;0.08350926;0.09486873;0.003027211;7.778248E-4;0.03571428;0.05027175;0.062251624;0.07227336;0.080068104;0.06468824;0.5152073;0.048465066;0.12963367;0.003887956;0.9506518;0.08361868;0.0033853077;0.653636;0.5656888;0.2672033;0.573791;0.52736634;0.63156474;0.50722444;0.5569403;0.61932147;0.5070744;0.36302894;0.27442798;0.41876766;0.4825247
0.10308842;0.73196864;0.2768748;0.4699422;0.09980181;0.5485617;0.050774045;0.062498257;0.020025289;0.22015753;0.07221012;0.050448064;0.031051582;0.019882215;0.015638547;0.014867376;0.026795778;0.018364634;0.02393376;0.036643896;0.05209676;0.051644713;0.050677296;0.04577079;0.030245947;0.042273916;0.038506757;0.0359062;0.055783797;0.048759736;0.042388976;0.040447753;0.047411222;0.06249247;0.066123284;0.061660364;1.3202557E-4;3.6869253E-5;0.008241755;0.013586958;0.019867538;0.068331175;0.012616805;0.05069411;0.43857834;0.10840994;0.11908392;0.003917417;0.956579;0.05719314;2.4565577E-4;0.6229926;0.6436056;0.4538986;0.7384273;0.7414298;0.6252452;0.48323703;0.55702436;0.49308842;0.45484626;0.5090416;0.4205997;0.42868352;0.5127633
0.0;0.73613924;0.0;0.0;0.0;0.2668045;0.3613826;0.07336164;0.21980378;0.11716537;0.040411934;0.085762136;0.03443563;0.027528726;0.06710587;0.042187866;0.018733298;0.01914484;0.041599516;0.034267116;0.04431691;0.038893837;0.062040016;0.052264057;0.052328262;0.07100318;0.04841286;0.05518818;0.070039146;0.040184528;0.035391916;0.024595004;0.029751156;0.040513683;0.048602067;0.043996252;0.037819076;0.027071897;0.03983516;0.042119566;0.09933775;0.25361374;0.21034299;0.09447776;0.4162757;0.042807203;0.07099285;3.1363193E-4;0.9154382;0.097741246;0.04883843;0.53605294;0.31100407;0.623477;0.44351637;0.22644557;0.42034087;0.2993474;0.37677312;0.5387462;0.39972425;0.59987736;0.48407584;0.3933994;0.3825697
0.0;0.6867282;0.0;0.0;0.0;0.2529588;0.04013392;0.039230466;0.006843833;0.21952762;0.011937784;0.011113317;0.0069980742;0.00409439;0.0044913418;0.010982049;0.010973009;0.0076061613;0.009494479;0.014175999;0.021843985;0.03483916;0.034391355;0.036481548;0.022430442;0.041033138;0.036370233;0.02970276;0.04062249;0.043908425;0.039959308;0.03535447;0.03171297;0.024358122;0.0225915;0.035336178;1.0670586E-5;8.303638E-5;0.048076913;0.09239128;0.19867542;0.45072293;0.0078204395;0.1667419;0.7132893;0.22397463;0.07658244;5.063134E-4;0.9569223;0.15492797;2.4603336E-5;0.44330853;0.5649566;0.5923741;0.57527655;0.62539786;0.5230821;0.46918496;0.67895883;0.6571946;0.5390282;0.4495223;0.4143234;0.47922418;0.5051475
0.0;0.68310976;0.0;0.0;0.0;0.0;0.035112575;0.05460287;0.008507245;0.15999998;0.045312032;0.020539694;0.009028459;0.007200433;0.007944702;0.011650153;0.014666421;0.016180329;0.022703415;0.0184493;0.030339435;0.042893864;0.037642166;0.044584207;0.02530153;0.035944797;0.051448233;0.035941802;0.059121475;0.045107123;0.054612678;0.054175418;0.054683667;0.051092073;0.061197996;0.06907586;1.2171476E-5;1.689792E-5;0.010989013;0.021739133;0.08741717;0.5427071;0.007489808;0.14039037;0.5928309;0.34923115;0.078785956;4.2676192E-4;0.9569053;0.1421026;2.177818E-5;0.51664615;0.577795;0.5314616;0.7376274;0.6434246;0.56874406;0.5811852;0.6031334;0.5685578;0.52476203;0.43889448;0.4730968;0.5239238;0.636722
0.23182632;0.8804762;0.01492693;0.00430367;0.0449591;0.8639841;0.10891666;0.0823712;0.10986296;0.026141737;0.09622263;0.066844076;0.031612985;0.022890385;0.022323394;0.02451156;0.029736785;0.026511695;0.030285649;0.03549572;0.03789393;0.044982802;0.05082703;0.052038632;0.03453428;0.05061387;0.064038225;0.05716972;0.0705728;0.07243603;0.08681403;0.09293743;0.092752576;0.072547734;0.06859216;0.08432567;0.007852652;7.2474024E-5;0.009615384;0.016304346;0.023841046;0.02890934;0.056853425;0.019806249;0.34823325;0.008611199;0.22688833;0.026813796;0.944267;0.028642248;0.008810363;0.64416677;0.77843183;0.7311825;0.72994375;0.5448305;0.3811086;0.4941443;0.51750284;0.5637793;0.48617867;0.47646412;0.43333036;0.5186487;0.5198299
0.30075476;0.91621053;0.008032638;0.004186661;0.1120443;0.9043692;0.060773317;0.077868894;0.043301836;0.04094488;0.061427463;0.056183014;0.034345035;0.04749227;0.051968697;0.051957212;0.042462476;0.02678479;0.04616186;0.052366376;0.07378364;0.045825846;0.02756726;0.021986498;0.018250424;0.03531231;0.058490064;0.048583608;0.060835943;0.061015774;0.057559233;0.058655266;0.058984507;0.059231505;0.06788365;0.058079034;0.001589011;2.1276717E-5;0.023351647;0.032608703;0.03178807;0.045992132;0.008231851;0.029749941;0.3228397;0.00333459;0.31471628;0.057142824;0.9550704;0.044781327;0.0018852954;0.86990184;0.6685748;0.38215533;0.49085844;0.5952395;0.5174293;0.34939775;0.42614096;0.48111707;0.5553651;0.40588123;0.40966114;0.46657625;0.50679326
0.0;0.0;0.0;0.0;0.0;0.0;0.020304479;0.07854011;0.0053424863;0.3159056;0.021870166;0.010073537;0.006602698;0.0045599975;0.0051901788;0.006200128;0.006902108;0.0049546272;0.008393568;0.011239494;0.011962429;0.015786247;0.019901747;0.033554506;0.023199871;0.02993498;0.04047429;0.04512842;0.062330265;0.07833629;0.13240227;0.17310214;0.18755826;0.14845861;0.17949341;0.2062656;6.17445E-6;1.6145576E-6;0.24725272;0.28804353;0.54039717;0.8173459;0.009812584;0.40095794;0.70676696;0.39605477;0.055861395;2.032056E-4;0.95697397;0.40220875;2.7988208E-5;0.4373097;0.67350423;0.37925452;0.59908944;0.60333604;0.47056106;0.5635534;0.56385803;0.6206087;0.6093304;0.5130141;0.55602837;0.4115053;0.42326105
0.32135576;0.84309137;0.02489859;0.01788253;0.1274631;0.8474068;0.3014307;0.10340611;0.13972956;0.042677168;0.0607871;0.06702089;0.033643235;0.061007265;0.069536254;0.04818892;0.032926083;0.023595558;0.035567034;0.04462753;0.052366592;0.044780914;0.04781011;0.0677806;0.055150483;0.078717016;0.10192202;0.07251662;0.061443064;0.0750881;0.11702241;0.091406345;0.086076066;0.06113266;0.058962956;0.11415424;0.043070246;0.002475509;0.03434065;0.03532609;0.035761576;0.08015772;0.18861064;0.048714828;0.3172586;0.022231463;0.11424154;0.0033224698;0.9138782;0.061541457;0.045071617;0.6491938;0.4909623;0.8091409;0.36527473;0.5649974;0.32201657;0.44853666;0.48031446;0.4427785;0.6632885;0.42825067;0.65507317;0.32974932;0.52096754
0.2079052;0.8749989;0.004845514;0.003793383;0.0336153;0.8970519;0.08170925;0.061452005;0.09207851;0.021417327;0.0715322;0.049566466;0.04175613;0.023692664;0.017769;0.026044907;0.030960571;0.014546998;0.023192225;0.021003556;0.027060142;0.022765009;0.01963027;0.02762612;0.043052785;0.061413687;0.07387227;0.054881144;0.043063253;0.03669601;0.04784152;0.05346757;0.05677663;0.05870345;0.05352674;0.059131574;0.0028384987;3.445174E-5;0.008241755;0.009510872;0.019867538;0.023653096;0.018206794;0.013763003;0.3154601;0.0015596903;0.26763633;0.055184912;0.9486054;0.021100579;0.004326994;0.8070032;0.7158065;0.6757586;0.6853362;0.44987753;0.5382517;0.76708096;0.48302627;0.515928;0.6325025;0.3835602;0.40841392;0.35854167;0.5200514
0.13303679;0.74806285;0.0;0.0;0.0;0.77608657;0.056639213;0.06791754;0.023182306;0.045984253;0.083409056;0.052441884;0.031804875;0.019820679;0.015114848;0.020609593;0.021813909;0.0150021305;0.018108953;0.021834483;0.033423506;0.04428095;0.05727576;0.0746326;0.03256218;0.03841119;0.05053221;0.05613819;0.0692502;0.064746;0.059609808;0.05248269;0.06228116;0.053813774;0.05348614;0.0612684;1.73846E-4;5.0573854E-5;0.013736261;0.014945656;0.025165552;0.045992132;0.01775757;0.02656856;0.3915248;0.012163138;0.14466622;0.007527016;0.95643705;0.03547061;2.977942E-4;0.67279965;0.5661657;0.55343467;0.6376849;0.6610155;0.5821108;0.5864395;0.5125817;0.4776296;0.44455737;0.48474306;0.4402557;0.333167;0.43945444
0.25069037;0.8092379;0.0;0.0;0.3232099;0.77983874;0.41317785;0.22489744;0.31160378;0.060787413;0.08810227;0.07446841;0.0431963;0.043363012;0.06707463;0.0939289;0.12449488;0.12387584;0.113318734;0.06932834;0.08192915;0.10063703;0.16546422;0.17027077;0.070334025;0.16796108;0.37290582;0.21892545;0.14961866;0.14679871;0.16462083;0.14055449;0.14715002;0.14486364;0.18468279;0.17073733;0.08801711;0.01343549;0.030219771;0.03532609;0.0476821;0.113009214;0.27618343;0.056056023;0.48811546;0.029191526;0.1271111;0.005730856;0.85819316;0.06838622;0.067489766;0.63265914;0.5151028;0.5775396;0.53386325;0.43459162;0.5102466;0.384505;0.6078766;0.46615118;0.4582341;0.36718142;0.52798504;0.69639635;0.37069398
0.12787457;0.8034777;0.05988492;0.04460658;0.2002192;0.79090226;0.0719664;0.11721943;0.035310436;0.059212603;0.077356584;0.057029504;0.035843834;0.031237828;0.032685533;0.041718177;0.038932357;0.0272407;0.031610798;0.04270912;0.12474597;0.13716051;0.09428358;0.071260676;0.043401584;0.09639658;0.11288691;0.07132078;0.12178224;0.11595405;0.09460977;0.06578748;0.071179606;0.07512458;0.06912176;0.06963171;9.797611E-4;1.3057677E-4;0.01510989;0.02581522;0.03443707;0.038107768;0.024243373;0.029189765;0.4368183;0.005993279;0.12605418;0.0048989034;0.9555692;0.040693227;7.0697843E-4;0.7607884;0.54820824;0.6702766;0.5090892;0.75090235;0.5674669;0.19339137;0.48844105;0.64165694;0.6459422;0.40786967;0.27595663;0.5456138;0.5115551
0.17306411;0.7766449;0.0186448;0.005353909;0.04753457;0.8617527;0.060974784;0.08093408;0.04322365;0.167874;0.06831392;0.04117404;0.01799516;0.016265128;0.022882102;0.03279505;0.039370157;0.032317817;0.03868271;0.04297364;0.056316037;0.049390025;0.04921137;0.060376927;0.04389434;0.0572708;0.06990535;0.047981128;0.068699755;0.06784188;0.053860966;0.054169256;0.07384187;0.06702312;0.07172041;0.08286095;2.980143E-4;3.2032105E-5;0.004120878;0.006793483;0.011920522;0.16294356;0.046232387;0.040446892;0.31028575;0.081348896;0.15088955;0.008540315;0.95545375;0.041785266;4.88724E-4;0.5247277;0.74517053;0.7034063;0.69566196;0.6621107;0.5183229;0.6069561;0.62787455;0.61957616;0.54067934;0.54670054;0.48962528;0.4181269;0.5020999
0.2907717;0.8518362;0.01473631;0.02944451;0.08924828;0.85187423;0.6575105;0.16428104;0.4898234;0.15118106;0.06318112;0.06378761;0.030385556;0.040028024;0.06554504;0.0944247;0.13485603;0.05380019;0.05548326;0.06743644;0.117935725;0.1465745;0.13599733;0.21548188;0.09265957;0.066489756;0.11401362;0.1314731;0.06648262;0.057247844;0.10857668;0.12915447;0.13200822;0.05994606;0.14640503;0.14325018;0.035461597;0.14670709;0.057692297;0.062500015;0.12715222;0.15637328;0.33069268;0.093860134;0.5049485;0.025377601;0.10012155;0.0022380662;0.75810826;0.11108074;0.22543596;0.5932239;0.37922785;0.24670789;0.6444884;0.5991124;0.35218403;0.6537127;0.70968944;0.5943393;0.585269;0.30631447;0.5038075;0.2015936;0.5825843
0.7003613;0.8710964;0.003561487;0.002445478;0.05674319;0.8210296;0.280155;0.0748945;0.124709025;0.118740164;0.051576126;0.041127965;0.019724268;0.03733566;0.026777955;0.015625037;0.037949674;0.024472324;0.016591346;0.023923788;0.022692725;0.017900888;0.027543014;0.07975178;0.06640678;0.07191457;0.06965396;0.052540768;0.0630151;0.04207246;0.0800283;0.0826883;0.096659645;0.044619944;0.03711363;0.02870107;0.0070867734;0.008187581;0.03434065;0.06114131;0.16953631;0.22076228;0.082969755;0.105661765;0.47814626;0.05217913;0.079394475;9.430164E-4;0.9443792;0.108708195;0.015845673;0.5158981;0.47090006;0.6292388;0.46701473;0.53598577;0.45754772;0.79220736;0.53290176;0.3531092;0.33144805;0.54507583;0.6981946;0.60189843;0.74387246
0.20537658;0.7973167;0.08048901;0.07745671;0.1571533;0.85192645;0.14589381;0.16374707;0.111287266;0.059212603;0.22763397;0.21214959;0.096743934;0.07804347;0.06444441;0.07856394;0.09921608;0.06418384;0.09410768;0.10294566;0.16652767;0.21519133;0.1722539;0.1563788;0.065193035;0.08000277;0.09358271;0.059713334;0.0677275;0.0662937;0.089935325;0.083354935;0.055242743;0.07658611;0.08109674;0.09246854;0.005942863;6.8228564E-4;0.008241755;0.016304346;0.021192044;0.032851525;0.08811027;0.024407089;0.38815048;0.022873163;0.16636898;0.008767148;0.9437771;0.032890987;0.0064969203;0.6899025;0.66985214;0.4736955;0.74646837;0.7175176;0.5640564;0.3836427;0.54062736;0.55867803;0.4992865;0.3536383;0.41986194;0.49699005;0.4673373
0.14998162;0.8594573;0.006279517;0.002287226;0.1088223;0.8835487;0.08125058;0.10458238;0.08878014;0.031181106;0.095045716;0.06741488;0.048334364;0.04425867;0.038501628;0.029720444;0.027498571;0.024139876;0.035194222;0.029714217;0.03313452;0.043678854;0.07710106;0.09836303;0.080625124;0.110040195;0.124250546;0.10089618;0.083056055;0.05650505;0.050425973;0.05847112;0.07830606;0.095495544;0.0988794;0.086508855;0.0025831251;3.088561E-5;0.010989013;0.016304346;0.022516549;0.03153746;0.020360459;0.015836442;0.36146253;0.0016021311;0.27313444;0.057353426;0.94953;0.024247326;0.0038082316;0.8128882;0.65507925;0.7213145;0.7002208;0.53781235;0.4717671;0.4881322;0.53166455;0.51881564;0.53010523;0.48210192;0.4767871;0.46947992;0.46947694
0.29467;0.8896495;0.06808263;0.0476057;0.3024105;0.7910595;0.22692499;0.08840221;0.14937836;0.02062993;0.067969024;0.051913094;0.030333888;0.02101831;0.02868326;0.02958393;0.037277978;0.01934771;0.020757586;0.031893685;0.07502706;0.1049857;0.102192886;0.13034096;0.061783005;0.04488037;0.050482754;0.059407365;0.07312839;0.047502253;0.04649003;0.06147275;0.05542022;0.050973807;0.047835633;0.045235407;0.022327688;0.0017271151;0.012362632;0.014945656;0.022516549;0.03153746;0.16561012;0.021766528;0.31491393;0.008305539;0.27792013;0.06015749;0.90824467;0.031132406;0.029570965;0.80599344;0.5245843;0.5784779;0.8258145;0.63373095;0.41189343;0.42809695;0.4686929;0.45449793;0.42206866;0.46782544;0.43848386;0.39436594;0.58058244
0.42106867;0.91365075;0.008911528;0.005346256;0.03468119;0.91159;0.27339548;0.08188176;0.33236852;0.031811032;0.034170564;0.09358371;0.086767025;0.06290737;0.034029704;0.078756146;0.0568057;0.050136514;0.050601624;0.042096063;0.04091989;0.042777345;0.05502919;0.050508164;0.041311074;0.037757985;0.026770188;0.021314437;0.030898163;0.052946664;0.060683172;0.092566915;0.069427244;0.031207085;0.022827646;0.029099707;0.107752435;0.0026239457;0.020604389;0.021739133;0.023841046;0.023653096;0.093588166;0.025188897;0.18627302;0.004884773;0.1937905;0.015397545;0.8503778;0.03697541;0.09978558;0.64791524;0.5750732;0.512625;0.42926913;0.59534657;0.29714596;0.506277;0.3328678;0.13488024;0.34470895;0.29697347;0.30332643;0.24606487;0.42678544
0.31414706;0.7464328;0.0;0.0;0.0;0.5191615;0.12480861;0.23610055;0.03045683;0.1836221;0.027798189;0.015171694;0.012084841;0.010010094;0.01863896;0.0282871;0.03788249;0.028657487;0.032128315;0.046297133;0.07336431;0.10985005;0.105232686;0.15343031;0.12389302;0.17677087;0.42222944;0.32623497;0.2728947;0.25814137;0.2202094;0.24636373;0.30322194;0.1972617;0.17106561;0.16511278;9.9907236E-5;0.0010683964;0.1098901;0.23233703;0.2715231;0.43495417;0.03334792;0.24186857;0.76857096;0.17437774;0.06719335;3.1074788E-4;0.95648956;0.2120805;5.237419E-4;0.42523813;0.46813416;0.6882075;0.5265771;0.56828624;0.59478116;0.6646543;0.5313565;0.55314094;0.51379794;0.4717051;0.4749987;0.43005672;0.4976339
0.3111006;0.78224784;8.9223E-4;0.0;0.5193924;0.78972477;0.019985778;0.079324916;0.016197884;0.043464568;0.07351887;0.053288452;0.030388901;0.025228782;0.026896782;0.03296851;0.03875626;0.028594758;0.03733832;0.040890813;0.051211346;0.052325595;0.052749764;0.054999202;0.03878318;0.05707987;0.06388318;0.05423233;0.064652555;0.05837366;0.058075573;0.059385188;0.0656995;0.062563606;0.0628341;0.061845172;3.7102647E-5;9.213239E-7;0.010989013;0.013586958;0.014569533;0.015768731;0.0062152385;0.013196388;0.20117962;0.0029670878;0.3328569;0.055358537;0.9566742;0.020003602;1.5900678E-4;0.6952907;0.7440583;0.62766093;0.64320165;0.6500081;0.65660864;0.55783844;0.49989483;0.5005908;0.4127942;0.34824494;0.38618824;0.42072493;0.503332
0.33652052;0.73545134;0.02533098;0.03078019;0.1959088;0.76626325;0.12716396;0.047546733;0.057815038;0.13102366;0.07492284;0.08770464;0.022339659;0.026204575;0.029875899;0.0154102715;0.017374847;0.012502083;0.014556793;0.02378153;0.035237644;0.026171196;0.023591202;0.020946551;0.012187194;0.020442063;0.023497587;0.01760225;0.031836234;0.026855065;0.020333435;0.041968465;0.07544855;0.0975658;0.089977875;0.07617469;0.0021484995;5.2800536E-4;0.026098896;0.03804348;0.051655605;0.068331175;0.050551463;0.047771234;0.4948647;0.016261095;0.13000935;0.004956692;0.9538707;0.06386515;0.0025516634;0.66297096;0.5438153;0.36249882;0.57262254;0.58300585;0.46995234;0.3857168;0.4300435;0.60593045;0.4244511;0.41499197;0.28645292;0.4517035;0.4683941
0.4380186;0.88693553;0.02035862;0.01018878;0.1485407;0.87047166;0.20433393;0.20954612;0.26719213;0.03811024;0.08911478;0.080022484;0.112139024;0.11150545;0.060316715;0.07625805;0.092556484;0.039269306;0.06104655;0.0794646;0.10833678;0.12318965;0.13734822;0.13360307;0.16398056;0.2879479;0.22198965;0.15034166;0.117653035;0.14301059;0.16416904;0.13344854;0.124981016;0.10085889;0.13977571;0.14074789;0.080959745;7.1498036E-4;0.020604389;0.021739133;0.023841046;0.02496716;0.20417325;0.024568997;0.19490719;0.0039033059;0.23812997;0.028838027;0.88070947;0.036799174;0.08490728;0.6664453;0.6278623;0.5191586;0.54283524;0.4922871;0.4267974;0.45467106;0.33569813;0.27382022;0.49754074;0.27273446;0.30985954;0.35278627;0.50146276
0.14207847;0.8272691;0.07349136;0.05224112;0.0921061;0.8268361;0.1095766;0.15494253;0.08700035;0.03496063;0.088131554;0.0611716;0.027298208;0.020660773;0.046430152;0.09426066;0.13652456;0.0753686;0.07087342;0.092943855;0.110275075;0.13212782;0.14661406;0.12938944;0.06446983;0.10573032;0.11633345;0.098576695;0.13830575;0.10065706;0.05295253;0.07278428;0.09565653;0.0921857;0.09461931;0.11323748;0.003473586;2.0861394E-4;0.026098896;0.03804348;0.049006607;0.053876497;0.057743497;0.03690499;0.42336977;0.0027613176;0.09781733;0.007099778;0.9505508;0.053165276;0.0031963016;0.8637751;0.56966347;0.38150442;0.6625716;0.5518843;0.54730177;0.51882005;0.70393974;0.7801233;0.5220835;0.5320765;0.32841936;0.37107545;0.6160939
0.0;0.69244117;0.0;0.0;0.0;0.0;0.1173947;0.048558548;0.039424617;0.111496076;0.029242812;0.01681541;0.009242072;0.0082670925;0.013878714;0.019623399;0.027411304;0.02904993;0.044985447;0.032498445;0.047725752;0.038707852;0.037938815;0.025534859;0.013416767;0.018137882;0.028334916;0.024575291;0.028555939;0.037059102;0.049339384;0.034703936;0.034584694;0.03876965;0.042896163;0.060710553;0.0010985254;3.1811133E-4;0.024725268;0.03396739;0.07814567;0.091984294;0.032538462;0.05821283;0.5334564;0.024154909;0.13046701;0.0056199306;0.95533735;0.07365951;0.0012275744;0.6672096;0.43937314;0.4626662;0.54283214;0.64341253;0.49967802;0.5425286;0.5372769;0.35063022;0.3601484;0.41156176;0.47008005;0.55464065;0.59142864
0.0;0.66946304;0.0;0.0;0.0;0.0;0.090104066;0.07825801;0.02176336;0.14708668;0.053860858;0.026569275;0.012163143;0.010647511;0.014340523;0.02423579;0.027915435;0.022887569;0.031163314;0.041283004;0.042072583;0.05585057;0.06713416;0.052175745;0.03555957;0.05186885;0.08548972;0.068900734;0.06390509;0.05250281;0.049834345;0.08016709;0.08359734;0.07721731;0.075558774;0.07135184;1.8054999E-4;2.084199E-4;0.01785714;0.04483696;0.11655627;0.24572943;0.030729814;0.09881451;0.699901;0.096605256;0.08652997;9.372462E-4;0.9566001;0.10245672;2.2779123E-4;0.5260646;0.5165184;0.537503;0.6330992;0.59282076;0.5451851;0.53143567;0.53843117;0.59188825;0.4449303;0.42458406;0.42951107;0.46671677;0.4649355
0.1549627;0.8207226;0.01626284;0.01045127;0.267497;0.83949035;0.08095497;0.13483752;0.033688363;0.30992132;0.1251526;0.105827786;0.06234603;0.06701223;0.06425027;0.050396316;0.06231332;0.045139447;0.057037804;0.060378436;0.10174476;0.11814162;0.07792722;0.06191128;0.038842686;0.09142501;0.12193151;0.06548025;0.08838343;0.104563825;0.11823572;0.11053858;0.10460541;0.13625178;0.11218835;0.09493323;0.0010763846;1.6140167E-4;0.01785714;0.027173918;0.033112563;0.036793705;0.029245088;0.040609796;0.44268936;0.030430233;0.12727123;0.0044778013;0.9556299;0.0516231;8.025605E-4;0.6070503;0.5986365;0.6328614;0.6382079;0.7066903;0.38303974;0.29913354;0.3910235;0.5988276;0.5590949;0.35986143;0.35229138;0.6478754;0.5672081
0.5140884;0.77741975;0.01512855;0.01267542;0.1795453;0.82712007;0.5727856;0.11113438;0.4528511;0.12283465;0.12618382;0.11987534;0.044689465;0.03139577;0.029839437;0.054353666;0.0463474;0.025346166;0.040603083;0.034231104;0.060894527;0.068161175;0.067728;0.07105458;0.070566654;0.10791997;0.10401946;0.10566349;0.098951906;0.071323894;0.075039364;0.07993503;0.07139293;0.0790674;0.09063293;0.102287486;0.07316046;0.04876595;0.053571418;0.055706527;0.08741717;0.13797638;0.42241904;0.07881654;0.3763709;0.019612852;0.091070645;0.0014358014;0.76553404;0.09505709;0.2148604;0.56140304;0.38310727;0.4968147;0.48648068;0.45911434;0.40342492;0.64598197;0.6030887;0.6190557;0.50548;0.34632972;0.29783598;0.3250711;0.536391
0.61551356;0.9207779;0.01294281;0.01785277;0.1822919;0.79463786;0.2083975;0.04574916;0.11199455;0.107086614;0.04676562;0.03310149;0.01702188;0.0199152;0.027628925;0.026515221;0.01762336;0.01922596;0.02158552;0.01829972;0.034586176;0.02607973;0.026055945;0.034183875;0.017538322;0.033546187;0.034754347;0.025067879;0.036838014;0.033463243;0.020684373;0.045872245;0.03960794;0.033441737;0.0454111;0.0539443;0.0010723459;0.0029083083;0.057692297;0.06793478;0.071523145;0.12614986;0.09901894;0.08162037;0.3577505;0.01720293;0.10426247;0.0027579272;0.94360423;0.10026811;0.015690533;0.5329992;0.27267382;0.28153002;0.53007734;0.34895632;0.5000588;0.74937314;0.42881906;0.4818038;0.39899674;0.41282412;0.65525275;0.5210388;0.906328
0.36158115;0.909536;0.0;0.0;0.07876945;0.7600405;0.07280162;0.048044156;0.028515907;0.104251966;0.053651124;0.031267334;0.020478297;0.013621083;0.0121431425;0.017026413;0.014643958;0.011499181;0.010464788;0.013392152;0.02139504;0.019804226;0.022429;0.026000421;0.020227851;0.033855308;0.031483516;0.024323931;0.047556456;0.053685028;0.0394137;0.05288952;0.06984327;0.086304635;0.077079274;0.05943637;6.3693145E-4;9.852744E-5;0.048076913;0.10054348;0.19205284;0.24835747;0.030763201;0.13906594;0.6733795;0.12036436;0.107373044;0.0046063894;0.95594674;0.1435854;8.5732E-4;0.55959463;0.5262046;0.39081314;0.58076245;0.58453304;0.45370337;0.54350984;0.58850425;0.49860165;0.4396954;0.39738652;0.42887333;0.46038795;0.4476367
0.0;0.723503;0.0;0.0;0.0;0.0;0.1668865;0.15689947;0.0841426;0.10677168;0.112454765;0.064516224;0.030130424;0.02925696;0.037280574;0.05627922;0.08229358;0.08890975;0.08398464;0.06856393;0.10271976;0.19419084;0.18955098;0.13900661;0.08088094;0.08131264;0.064005755;0.056218233;0.06997857;0.095205426;0.11126619;0.10784545;0.1145174;0.12357581;0.1928741;0.13453878;0.0013418191;0.0019746558;0.021978017;0.06793478;0.09403972;0.14060451;0.089504376;0.08029048;0.6147061;0.05094227;0.09983958;0.0018465044;0.9527398;0.09252994;0.0025735795;0.6187001;0.56887376;0.27557382;0.7169421;0.7986523;0.37749565;0.6731651;0.70092857;0.57369393;0.50264114;0.44178307;0.41352218;0.5798329;0.50111413
0.18259737;0.77149886;0.0;0.0;0.0;0.51072866;0.07151415;0.052342482;0.015636336;0.22897634;0.029835755;0.01780544;0.00755416;0.005598864;0.007627737;0.01020665;0.014702778;0.016042866;0.019090643;0.025049496;0.028346464;0.03753533;0.039706495;0.048468012;0.034401573;0.04206169;0.04610964;0.042239707;0.04627119;0.039367355;0.05679276;0.050155494;0.04906237;0.03784185;0.04021565;0.04904364;3.639779E-5;1.07928616E-4;0.03434065;0.27853268;0.5602647;0.76478344;0.015947815;0.34724358;0.906429;0.5198113;0.062605485;1.2414197E-4;0.9568959;0.32756567;9.94112E-5;0.41110373;0.57187283;0.59507364;0.5908251;0.65674025;0.55460846;0.43309;0.5902448;0.56648546;0.49738833;0.5159049;0.45743722;0.4368179;0.5551917
0.16704309;0.7467097;0.0;0.0;0.0;0.52635944;0.08790431;0.036476877;0.034835037;0.07905512;0.040416457;0.030172937;0.015426044;0.0136721935;0.012646907;0.014591795;0.018975383;0.0123524;0.014896177;0.01722513;0.02575466;0.024002964;0.024583302;0.029347602;0.012904794;0.01965939;0.0278403;0.025017409;0.037809797;0.034468003;0.030189848;0.026157955;0.029606974;0.03208342;0.032595545;0.03522105;9.6683874E-4;2.981205E-4;0.0315934;0.040760875;0.049006607;0.107752964;0.032867853;0.05369778;0.48356375;0.013222165;0.12158056;0.005875193;0.95583975;0.069913246;7.506585E-4;0.6958971;0.48651153;0.46565947;0.6346199;0.58831954;0.34260237;0.3725276;0.639028;0.6605691;0.47515342;0.3805022;0.47250482;0.45139432;0.45954525
0.0;0.0;0.0;0.0;0.0;0.0;0.008840271;0.08631496;0.0014956486;0.20377952;0.11351908;0.07071534;0.03641191;0.024215506;0.024011439;0.03491316;0.042352576;0.02938889;0.03934283;0.036417656;0.04219455;0.061071828;0.059571575;0.07375664;0.053444106;0.062464118;0.069278434;0.053331446;0.06295498;0.07067998;0.0676691;0.06171528;0.06709603;0.06567575;0.062556446;0.067649566;3.6515905E-7;6.012691E-7;0.0013736261;0.006793483;0.1311258;0.56636024;0.001465016;0.13869055;0.58247995;0.31311893;0.07434338;3.01746E-4;0.9569627;0.13228723;7.361838E-7;0.42562866;0.64509577;0.59029627;0.71201116;0.714326;0.5731003;0.59231067;0.5869847;0.5523211;0.5006325;0.4776373;0.4782333;0.4446005;0.5513038
0.4451564;0.7888645;0.1414134;0.2410314;0.2203625;0.7780965;0.15007605;0.0357449;0.06581293;0.08125985;0.07845129;0.033973407;0.011246113;0.0082506;0.008827492;0.011277984;0.018434636;0.012424801;0.011888554;0.014530992;0.021095967;0.021975406;0.01919063;0.021586452;0.014229923;0.017083721;0.023967251;0.0192027;0.02474414;0.03299134;0.04672565;0.04797308;0.049253263;0.039496444;0.032183576;0.038006946;5.75234E-4;5.0626305E-4;0.057692297;0.062500015;0.06490064;0.09461242;0.061367787;0.076008454;0.43260702;0.023848925;0.100451894;0.001870628;0.95316666;0.09385266;0.0038090611;0.59973943;0.44060346;0.447052;0.45900047;0.6372014;0.45681977;0.7645659;0.67061824;0.48223624;0.45234117;0.30921376;0.44176167;0.41484547;0.59759253
0.2046876;0.89694095;0.01327142;0.001815889;0.04907969;0.8934221;0.2686807;0.08351441;0.26146713;0.06267717;0.14259368;0.08159387;0.04611409;0.024415866;0.02688675;0.04199653;0.08154537;0.035464276;0.053073313;0.06301759;0.06581785;0.04688556;0.050586555;0.061389077;0.043429628;0.054816954;0.052286558;0.047284342;0.050954647;0.036255453;0.038423195;0.051177442;0.058201067;0.04723859;0.07777987;0.06839687;0.041371964;0.002499034;0.01785714;0.03668479;0.050331105;0.053876497;0.05432911;0.03523655;0.46077713;0.0053526596;0.15030056;0.014308881;0.8931678;0.050173298;0.053683598;0.85142326;0.53871775;0.52643037;0.64018273;0.38619485;0.68736345;0.5203299;0.50411636;0.63603014;0.63002324;0.50250494;0.28270328;0.32218364;0.5029445
0.0;0.73430955;0.0;0.0;0.0;0.0;0.038528867;0.04865386;0.02682236;0.054803148;0.08792998;0.04601224;0.017361948;0.017662957;0.022760522;0.021238135;0.020204093;0.013419271;0.020079505;0.020491049;0.024572585;0.029564569;0.036054116;0.03549912;0.022940189;0.043660212;0.04075412;0.030368727;0.032077946;0.03901189;0.041737717;0.039360423;0.03841038;0.038017355;0.045897137;0.04804308;1.27917E-4;9.253404E-6;0.004120878;0.005434784;0.0132450275;0.038107768;0.022661654;0.0142316;0.31615314;0.0073198476;0.20796695;0.025849285;0.95617604;0.019570135;1.1334681E-4;0.7067323;0.63650537;0.5386312;0.7491032;0.6127319;0.49835196;0.70091534;0.59194595;0.6127454;0.56111413;0.50744385;0.4826292;0.5829813;0.5846414
0.0;0.7530059;0.0;0.0;0.0;0.0;0.07121057;0.0313367;0.011988096;0.19496068;0.05212293;0.02492398;0.015565668;0.011261923;0.01191295;0.020219553;0.021849692;0.020143002;0.02674522;0.022254933;0.027235884;0.023686362;0.018816132;0.016321225;0.013129084;0.028225036;0.025925182;0.015732817;0.01757336;0.021170592;0.023257341;0.01503021;0.013691784;0.016614344;0.016145505;0.0149407275;1.7115146E-5;1.5150754E-4;0.06730768;0.10054348;0.2119204;0.24835747;0.011702501;0.14187936;0.7432584;0.052733943;0.07286274;5.020454E-4;0.9568454;0.1421223;1.00850084E-4;0.48421958;0.34826317;0.4545328;0.5201671;0.5574464;0.6418581;0.58653224;0.5619195;0.5758735;0.5138717;0.34958687;0.39125502;0.5471104;0.57150173
0.0;0.75176907;0.0;0.0;0.0;0.27073768;0.08499899;0.083854355;0.050125755;0.058897655;0.14057209;0.09235578;0.052098807;0.06567654;0.07616297;0.06629122;0.0712585;0.05533086;0.105659485;0.079817615;0.04440068;0.034112524;0.03624001;0.040010754;0.021738522;0.024551002;0.029031835;0.03212935;0.045008916;0.0441037;0.043052163;0.03655464;0.037219353;0.03841367;0.043819662;0.04950134;0.0021615985;1.3254466E-4;0.01510989;0.032608703;0.037086073;0.039421823;0.056250162;0.030969858;0.43897113;0.006111122;0.17918766;0.015429791;0.9540864;0.044954486;0.0014584343;0.71954876;0.7306358;0.47501487;0.44568688;0.67811084;0.5961394;0.481374;0.4676685;0.43379048;0.54433054;0.63561326;0.55754954;0.53395194;0.4052015
0.3770981;0.91351753;0.2012909;0.1311481;0.5945041;0.76319546;0.17906865;0.15457466;0.17150296;0.105196856;0.08100105;0.10150303;0.08230018;0.057918265;0.07841708;0.06848949;0.058884017;0.046233043;0.042767305;0.042630218;0.05211223;0.07283623;0.11895142;0.16745439;0.09358462;0.13012649;0.16592751;0.106145576;0.0928299;0.09655807;0.094119065;0.10670214;0.15819356;0.12815903;0.08809066;0.13742833;0.023912514;9.678526E-4;0.01648351;0.023097832;0.033112563;0.038107768;0.16213301;0.03202035;0.34868476;0.015895225;0.15740673;0.012575054;0.9271222;0.044440545;0.020571865;0.67855334;0.6236859;0.5648533;0.6306888;0.3635529;0.28471357;0.5945946;0.40593794;0.3378208;0.43148488;0.40104836;0.35871702;0.4253614;0.30477798
0.32915705;0.7993515;0.09828443;0.04575124;0.5609358;0.77617383;0.09553252;0.047538154;0.036062982;0.09669291;0.06077732;0.04049091;0.01953652;0.02389045;0.018721359;0.01775122;0.019449638;0.012162893;0.016556133;0.018030044;0.024967683;0.02330853;0.021818593;0.0336182;0.035429023;0.054463305;0.0490533;0.023155274;0.03525518;0.029964244;0.030725986;0.036908932;0.043938227;0.048922215;0.050637297;0.040998533;5.2756775E-4;3.2112672E-4;0.03296703;0.04483696;0.09006616;0.14717479;0.06095135;0.06782634;0.5119074;0.02491487;0.0995492;0.0025634735;0.95603985;0.079593845;7.3572155E-4;0.6360598;0.44949576;0.5430146;0.61979795;0.4435737;0.44760886;0.6280857;0.6217612;0.44559264;0.48153841;0.50471497;0.4101244;0.38425058;0.49190575
0.0;0.6478618;0.0;0.0;0.0;0.0;0.15015565;0.22900072;0.040654287;0.3993701;0.042977273;0.023663456;0.012920803;0.0115607735;0.010849199;0.014356614;0.02092316;0.019119803;0.03179674;0.031701833;0.042735483;0.05791423;0.08323219;0.13753606;0.093701586;0.19059162;0.27702764;0.2062461;0.3336516;0.25044376;0.23408057;0.35616198;0.3640172;0.32199067;0.32238066;0.28934258;1.7146755E-5;0.001592833;0.28571424;0.38315225;0.5894037;0.6951382;0.04197463;0.44568256;0.9042602;0.2114846;0.05628905;9.8453995E-5;0.9566744;0.39493576;0.0011169645;0.20888768;0.6037908;0.6689786;0.6546573;0.63008887;0.62402314;0.5605832;0.59907365;0.552088;0.48436138;0.5361123;0.43517873;0.42478868;0.5042356
0.0;0.6759345;0.0;0.0;0.0;0.0;0.02686976;0.042066764;0.016725333;0.02236221;0.092411004;0.05194441;0.02624885;0.019005373;0.019941153;0.019867292;0.02558218;0.024099218;0.02124674;0.025031988;0.031602032;0.019938627;0.020334149;0.025660457;0.016937016;0.022750497;0.03586352;0.030297602;0.032073192;0.02138486;0.02283584;0.029461917;0.04024887;0.03815043;0.032798104;0.030513788;6.4792664E-5;4.5237575E-6;0.0;0.010869571;0.033112563;0.038107768;0.007998357;0.017788231;0.31952956;0.006835417;0.18456046;0.018739395;0.9567953;0.025173677;5.4651915E-5;0.70898664;0.6079632;0.5028777;0.56745446;0.6611632;0.5123142;0.5016774;0.5641576;0.61609346;0.6134717;0.61871105;0.45971915;0.5392342;0.668615
0.21237795;0.7285498;0.02641937;0.008719745;0.02486842;0.85583985;0.2997526;0.14508149;0.22914445;0.10866142;0.05511013;0.03674928;0.01723379;0.014358387;0.03816097;0.07058201;0.07901687;0.04185721;0.0364356;0.0474303;0.1182969;0.17481345;0.18332751;0.14281215;0.06425167;0.13004859;0.19430402;0.11477235;0.13413961;0.07085581;0.049837172;0.04205432;0.06954741;0.075660445;0.094946295;0.0911893;0.060229;0.0075706574;0.03708791;0.040760875;0.046357594;0.055190563;0.20339724;0.047557663;0.4106631;0.0063213385;0.11682732;0.0054744817;0.8981222;0.06556611;0.04812071;0.7410658;0.44584864;0.456552;0.59045494;0.4744263;0.40684596;0.39918235;0.5580783;0.6123887;0.5412777;0.32769382;0.44720295;0.54355556;0.46345708
0.36257297;0.854035;0.00713685;0.008814131;0.05959399;0.883825;0.14092068;0.117763266;0.09781105;0.26929137;0.06668324;0.09803425;0.04592305;0.04828452;0.07326517;0.06980358;0.08760209;0.041828185;0.033504922;0.039234284;0.053796694;0.0599272;0.057880454;0.059569273;0.06476322;0.12799811;0.12425877;0.108098015;0.07534838;0.06672621;0.0683748;0.080755174;0.069756806;0.073434;0.088165015;0.09381904;0.0080441795;3.5059758E-4;0.0315934;0.03804348;0.039735083;0.055190563;0.046438366;0.03988256;0.3191604;0.005382155;0.16225535;0.011959655;0.9479308;0.057073537;0.009003994;0.72770566;0.48376337;0.47946477;0.56453466;0.20322391;0.39192137;0.5004706;0.36393338;0.52728313;0.43132228;0.31014624;0.29923818;0.32809535;0.406927
0.53142583;0.8287762;0.05591755;0.0247718;0.1540802;0.78132683;0.25739577;0.06332968;0.1714624;0.091968514;0.05153861;0.04908016;0.020101435;0.0174213;0.015295391;0.01574819;0.016951196;0.014888502;0.022444818;0.027308863;0.053061455;0.050849896;0.04255957;0.043161605;0.030736297;0.053931978;0.044107947;0.035442766;0.059830353;0.048557147;0.040141966;0.054119162;0.06250335;0.06979591;0.076808274;0.08500134;0.026719473;0.009816343;0.024725268;0.028532617;0.056953624;0.102496706;0.118168294;0.0497967;0.35503793;0.018205281;0.1317728;0.00697709;0.92819923;0.06323475;0.01875695;0.63831294;0.42057133;0.43235183;0.7385428;0.6332768;0.3499617;0.25167915;0.37744808;0.34320882;0.39939737;0.41793716;0.402259;0.51147527;0.64809775
0.2812279;0.8317162;0.005392555;0.0178725;0.04292594;0.8611198;0.059938904;0.06451554;0.029465506;0.057007886;0.07479067;0.05004207;0.033664357;0.04074566;0.03165112;0.038967416;0.03888588;0.027299842;0.030682646;0.015568386;0.02580554;0.04381914;0.0382388;0.042717252;0.029816005;0.031487886;0.042149924;0.041248996;0.061089177;0.047104962;0.058040246;0.04836355;0.04666773;0.04282656;0.051966168;0.058101855;7.9480984E-4;1.0133494E-5;0.027472526;0.03396739;0.051655605;0.060446795;0.022132367;0.04030411;0.3992352;0.005120077;0.1608808;0.010793725;0.9560865;0.057761546;8.8808604E-4;0.7059165;0.6011872;0.453983;0.33581388;0.5592624;0.49726048;0.46860233;0.5909383;0.40318656;0.5158556;0.31738895;0.46681625;0.48665375;0.54823565
0.0;0.7503266;0.0;0.0;0.0;0.0;0.1956879;0.061695702;0.08394885;0.101417325;0.038658053;0.03836539;0.03514325;0.018677203;0.0146419415;0.041737862;0.030300578;0.015554232;0.033809632;0.04364396;0.0487956;0.035102133;0.038401555;0.0367583;0.027705533;0.05575346;0.043330416;0.04365724;0.08588142;0.06615384;0.038329143;0.02765832;0.026302515;0.023946326;0.028195562;0.0306291;0.0023788025;0.0059321527;0.05219779;0.0652174;0.09933775;0.10512484;0.10492555;0.08392554;0.5458629;0.021661324;0.102052465;0.0025876402;0.95079845;0.10126119;0.005484337;0.59169513;0.36479726;0.339802;0.37933487;0.55499065;0.64645576;0.2418335;0.4974848;0.34099185;0.38971907;0.42415664;0.21119572;0.26287666;0.3582443
0.0;0.699162;0.0;0.0;0.0;0.0;0.059944905;0.043177985;0.014843527;0.13826776;0.040292434;0.036845274;0.021019626;0.019571003;0.021656014;0.023615623;0.018861448;0.01518359;0.021206278;0.027654864;0.035980087;0.036877837;0.04059494;0.031544775;0.026596276;0.036782064;0.03342898;0.02595492;0.027223118;0.028242867;0.02542824;0.02410987;0.023474218;0.020774601;0.017771112;0.01838392;2.0780643E-4;4.1195308E-5;0.03434065;0.040760875;0.04370859;0.120893605;0.016168157;0.07078399;0.5037246;0.08048118;0.10694125;0.0020021698;0.9567382;0.084234856;1.8426114E-4;0.55313176;0.5552049;0.48943806;0.5937351;0.53592294;0.47998798;0.3949307;0.5259356;0.49830484;0.5083422;0.56687737;0.51137286;0.45581323;0.46503535
0.16913451;0.8353282;0.01013025;0.0066606;0.02980964;0.85041434;0.051558826;0.075869076;0.026147287;0.13952757;0.07082408;0.051549092;0.03322511;0.02286419;0.041477755;0.058221206;0.042062514;0.030236296;0.049487952;0.0642987;0.087701164;0.07294885;0.04934001;0.0362175;0.027952304;0.046089746;0.044787087;0.049168907;0.060728293;0.03886308;0.048041865;0.041115247;0.03351672;0.027555354;0.03201117;0.039308142;3.7916898E-4;1.9262174E-5;0.010989013;0.031250004;0.04370859;0.048620254;0.011438424;0.030566538;0.4526738;0.0036917012;0.13936847;0.012513813;0.9563085;0.04445916;3.3892193E-4;0.7960503;0.63058645;0.45641366;0.51011604;0.6900706;0.5446837;0.5563309;0.5539795;0.6120463;0.59719557;0.5051622;0.40781158;0.3452202;0.59843105
0.15790398;0.7663583;0.0;0.0;0.0;0.5161027;0.023678238;0.043212436;0.0087488005;0.056692917;0.045757346;0.024199326;0.014826523;0.008621925;0.008850835;0.01487909;0.018610701;0.0167256;0.019439578;0.022135355;0.025455866;0.024378812;0.02431135;0.026787506;0.016769176;0.02802498;0.047308445;0.03472849;0.03739394;0.032589447;0.030406782;0.030120417;0.043421745;0.04479819;0.057590168;0.070653126;3.6034715E-5;4.8307666E-6;0.021978017;0.03396739;0.04370859;0.06438898;0.0071101426;0.041157264;0.4905474;0.011164665;0.14385058;0.008262071;0.95692116;0.056324854;2.9566061E-5;0.6924678;0.5401899;0.47543687;0.53601724;0.5608688;0.5698751;0.4887052;0.5203474;0.54598707;0.5188127;0.5416291;0.52229947;0.46413526;0.5303465
0.42012936;0.84016204;0.06036971;0.04049321;0.2113105;0.7849606;0.14812586;0.06309149;0.092549115;0.06551182;0.06490969;0.119944595;0.059172366;0.030195333;0.07305124;0.070234664;0.04280832;0.019853001;0.021978507;0.03369555;0.054718148;0.040254395;0.028419657;0.02741172;0.015796844;0.028413374;0.029368151;0.029085908;0.050591316;0.047077674;0.05281665;0.031242354;0.029021714;0.030669129;0.029811496;0.026715515;0.007357776;9.3382405E-4;0.020604389;0.042119566;0.046357594;0.053876497;0.15136269;0.041317146;0.40471363;0.0061681573;0.11787427;0.0053155054;0.94861096;0.057507176;0.0074341143;0.74860764;0.5053815;0.47438893;0.36593083;0.64141005;0.51669;0.18959472;0.42929283;0.55648077;0.48317742;0.50784725;0.23805028;0.2056017;0.38622808
0.0;0.7016759;0.0;0.0;0.0;0.0;0.19211653;0.08400065;0.061514013;0.35023627;0.07005018;0.038231652;0.0128454305;0.010054693;0.009872614;0.019065501;0.0180487;0.013092968;0.015522328;0.026509719;0.02304946;0.020900957;0.023969593;0.023108616;0.01767536;0.038421243;0.03742218;0.03110428;0.057368927;0.065423675;0.08032536;0.09487356;0.15896907;0.26971024;0.2902348;0.2770679;8.247738E-4;7.8072335E-4;0.05494505;0.44972834;0.51258254;0.6110383;0.053142045;0.35996062;0.8339923;0.32288262;0.054168094;5.5915352E-5;0.9556745;0.3316062;0.0025263866;0.3826596;0.6369471;0.45701683;0.5352825;0.6427614;0.48227447;0.71634626;0.60336775;0.5948802;0.4061369;0.57841057;0.44631967;0.40946123;0.46834195
0.15578842;0.8685322;0.02789974;0.01240367;0.287863;0.8351447;0.18348536;0.098852836;0.15837935;0.039685044;0.09657167;0.072809696;0.039673947;0.04777447;0.086050645;0.11462163;0.100600585;0.061479077;0.095201336;0.12071994;0.094979584;0.055127252;0.03683646;0.028453566;0.033651914;0.057340927;0.0531815;0.052290626;0.038949758;0.031265162;0.040975366;0.036613498;0.02675796;0.027317978;0.028059123;0.023888206;0.018205682;8.425397E-4;0.01510989;0.03532609;0.04370859;0.0473062;0.066980526;0.031770095;0.47818837;0.0032623038;0.16766149;0.019377526;0.93149096;0.04665808;0.010650255;0.8116109;0.65884817;0.50421816;0.44249824;0.56296986;0.6116978;0.6484606;0.41482762;0.4828066;0.7129926;0.54431796;0.46067917;0.39784408;0.4659328
0.15176873;0.79217756;0.09370894;0.0;0.4020383;0.7994269;0.036075227;0.10656404;0.023399256;0.047874022;0.08022865;0.104539886;0.07472477;0.05543888;0.056074154;0.057386126;0.052883733;0.046774916;0.050845146;0.051075973;0.06604863;0.08785748;0.07978607;0.069986455;0.0373328;0.060039613;0.0832032;0.07124707;0.085869126;0.066680886;0.06246799;0.0649572;0.0704852;0.065459564;0.06640382;0.06910663;2.766597E-4;4.025719E-6;0.010989013;0.014945656;0.01854304;0.023653096;0.019103581;0.01690681;0.330776;0.005977224;0.25697473;0.028782263;0.95622176;0.025103962;2.3026229E-4;0.65805113;0.7755541;0.6549743;0.73466706;0.6229586;0.43578678;0.3939294;0.53168523;0.5903923;0.44156012;0.38543686;0.4246057;0.47595733;0.5083679
0.17194411;0.81232953;0.1148238;0.0;0.150965;0.830072;0.19064517;0.12764756;0.1368444;0.042834654;0.15667026;0.105727546;0.07611854;0.05403107;0.05857692;0.0648991;0.04568677;0.035338923;0.052820843;0.054775693;0.08187808;0.14449212;0.1304844;0.10621036;0.06859528;0.11261084;0.099757686;0.064797476;0.0653036;0.07700066;0.08778396;0.07351928;0.07466606;0.058045644;0.07077569;0.060514834;0.012175078;9.5967116E-4;0.012362632;0.029891305;0.042384088;0.04467807;0.07896502;0.031625226;0.45252016;0.009066549;0.17455944;0.014254332;0.93882227;0.04458456;0.009079274;0.72740895;0.5624593;0.56971836;0.622564;0.63503206;0.43065462;0.4596363;0.6601531;0.5566623;0.6228283;0.50452876;0.43839562;0.5330794;0.4860674
0.0;0.7131695;0.0;0.0;0.0;0.0;0.111306876;0.06393534;0.06273239;0.04976378;0.10801701;0.06571991;0.03387696;0.025485123;0.021029657;0.025580747;0.032554235;0.025079781;0.03122166;0.032940134;0.038474243;0.037967924;0.035108525;0.048091874;0.036043603;0.05868306;0.05290641;0.034730673;0.04178704;0.036905594;0.03574023;0.041047197;0.058057807;0.056638993;0.061921906;0.06365653;0.0027261297;4.0629497E-4;0.01510989;0.024456521;0.035761576;0.043364003;0.060722526;0.033504788;0.4551343;0.017688934;0.15121423;0.0074750977;0.9531564;0.045329094;0.0015559071;0.68412894;0.5880355;0.5618839;0.6922361;0.539583;0.43405274;0.35511148;0.61842686;0.48206523;0.4720119;0.48042753;0.36515158;0.4249425;0.59035295
0.34729853;0.85560644;0.0;0.0;0.501065;0.75143594;0.42542934;0.079324916;0.24535695;0.20629929;0.07351887;0.053288452;0.030388901;0.025228782;0.026896782;0.03296851;0.03875626;0.028594758;0.03733832;0.040890813;0.051211346;0.052325595;0.052749764;0.054999202;0.03878318;0.05707987;0.06388318;0.05423233;0.064652555;0.05837366;0.058075573;0.059385188;0.0656995;0.062563606;0.0628341;0.061845172;0.008916042;0.023934478;0.18131863;0.50951093;0.60132426;0.7503288;0.120747834;0.4551704;0.8421042;0.4510886;0.060762648;2.2047861E-4;0.94390583;0.44901994;0.029181788;0.41454417;0.49399033;0.5111565;0.65742683;0.6134816;0.64895755;0.4358726;0.52496;0.62253785;0.5409469;0.3449045;0.36579946;0.43340147;0.4768871
0.22406702;0.89623314;0.02332672;0.02747571;0.1331974;0.862061;0.33048373;0.08622707;0.29550278;0.047559064;0.06470333;0.049300753;0.029595384;0.025922554;0.027745489;0.035742655;0.042147443;0.028310772;0.035038933;0.042147957;0.07134158;0.07011727;0.06477741;0.06140945;0.04829158;0.070314795;0.060762025;0.051627554;0.06496241;0.06501605;0.06031834;0.060894586;0.0688331;0.06356321;0.06457922;0.057850588;0.072586015;0.011586868;0.03434065;0.043478265;0.0476821;0.06438898;0.11869792;0.04596336;0.46545026;0.0032514418;0.102030486;0.00467159;0.8775938;0.06513168;0.06128277;0.8486049;0.4719591;0.42305744;0.41515824;0.69077975;0.49469638;0.3760309;0.5543116;0.49168506;0.59549946;0.6315748;0.31803706;0.43018553;0.5611682
0.550359;0.96524274;0.006799951;0.005753856;0.05754687;0.86967486;0.24644238;0.1560875;0.11862593;0.14834651;0.07170659;0.042849895;0.052443236;0.032008108;0.0143981185;0.02695754;0.03665942;0.028053349;0.08247479;0.08478824;0.19502942;0.1731936;0.20889021;0.11681492;0.08380462;0.10118392;0.08938762;0.06556041;0.14890108;0.11982785;0.09598679;0.081414014;0.087895185;0.11821379;0.15726829;0.14220096;1.88991E-4;0.024088334;0.112637356;0.122282654;0.1456953;0.14586078;0.073916815;0.13203244;0.42155683;0.013135791;0.12559456;0.0048693465;0.94634837;0.1461254;0.01509084;0.4495384;0.19653799;0.18107812;0.6664111;0.6639723;0.5255523;0.1882064;0.57620555;0.3902817;0.38557285;0.4717498;0.39037207;0.45732588;0.5910373
0.2115532;0.82732964;0.05414168;0.03631053;0.4431457;0.793603;0.088568546;0.08127306;0.035886064;0.07118112;0.06538992;0.04920499;0.029055554;0.02399084;0.029182784;0.03017092;0.0394579;0.032718994;0.03704254;0.036989387;0.05477733;0.07076127;0.06374443;0.06853238;0.044128727;0.047851257;0.057615712;0.04887297;0.060644478;0.055370677;0.05512446;0.05059623;0.060333245;0.056503598;0.08246635;0.09205508;9.514345E-4;3.5491615E-4;0.01510989;0.039402176;0.045033086;0.12352174;0.026586626;0.04985043;0.48021287;0.025389293;0.122847795;0.004096804;0.95557857;0.06414064;9.232596E-4;0.67120636;0.59409016;0.4218229;0.7245313;0.6256753;0.4604338;0.33872885;0.63242185;0.6405452;0.7838283;0.40396377;0.37891293;0.52298033;0.5352405
0.15136272;0.8510052;0.02077992;0.02199635;0.2458866;0.8228679;0.118940815;0.09694308;0.08546898;0.05732284;0.09021599;0.06036657;0.03287433;0.0357029;0.051971257;0.059342686;0.05918137;0.041885097;0.041234486;0.054116663;0.06541203;0.07555451;0.07386398;0.056750976;0.048792344;0.086537994;0.05242496;0.046944667;0.05703428;0.066874124;0.049034227;0.045389336;0.08804054;0.08227815;0.09597405;0.066596866;0.0038354602;2.4152292E-4;0.01648351;0.027173918;0.035761576;0.04073589;0.058092177;0.030271452;0.4684101;0.012031854;0.16755001;0.010008981;0.95173347;0.042353496;0.0021852304;0.6748436;0.6627063;0.5221771;0.72147703;0.5372124;0.4335054;0.4334256;0.5465947;0.66826624;0.47396562;0.5297494;0.24651375;0.50754595;0.6563448
0.20328823;0.8093291;0.02526587;0.01461459;0.1416847;0.8150911;0.16217345;0.35161054;0.06672801;0.08944883;0.16716006;0.123773105;0.08693862;0.07808128;0.096426;0.14209263;0.18371679;0.1350717;0.17818747;0.14642064;0.18222138;0.19493362;0.2637272;0.4026126;0.23210846;0.31866777;0.26324564;0.28079832;0.36246747;0.23451982;0.19168475;0.2565276;0.25230193;0.16238314;0.12162503;0.10037557;0.0029803521;0.0014113848;0.03846153;0.048913047;0.051655605;0.18002634;0.059635095;0.07014113;0.52567804;0.023205914;0.08505137;0.0010481435;0.95292056;0.083545305;0.003675675;0.63815486;0.4509562;0.6040679;0.54298776;0.45010394;0.33355993;0.75607187;0.5245526;0.5704155;0.45193726;0.52133894;0.4989061;0.30077174;0.5406264
0.231686;0.8690801;0.0155857;0.01240811;0.06797164;0.8235147;0.30161336;0.10221731;0.24295127;0.07937008;0.08192321;0.050132915;0.030826809;0.02146826;0.018289948;0.052542422;0.08410871;0.075807996;0.08710963;0.0915974;0.1446538;0.120073475;0.028127104;0.030738482;0.02394555;0.0572978;0.11153262;0.08398528;0.053974226;0.035391387;0.03694255;0.03538544;0.04534776;0.07278542;0.06773129;0.046671193;0.0076705753;0.012480683;0.061813176;0.06657609;0.06622513;0.09461242;0.18900211;0.06965823;0.37989825;0.0037724401;0.13459556;0.0112029975;0.9058614;0.0927091;0.05642578;0.7426451;0.4171579;0.31785527;0.38680288;0.6464462;0.85783976;0.53538495;0.53398913;0.807952;0.47309524;0.38043728;0.2525925;0.49319038;0.49236444
0.21439655;0.8722007;0.03821223;0.03319917;0.3030479;0.84858024;0.11165591;0.045430582;0.12507124;0.055118117;0.091196075;0.07622113;0.050551023;0.037482064;0.019694332;0.01807489;0.018526966;0.014805282;0.016995048;0.017127827;0.02849864;0.033284497;0.03348355;0.032283135;0.021303367;0.02945075;0.031802014;0.0339098;0.043500505;0.030290369;0.030134372;0.025376286;0.024486946;0.024584727;0.026210727;0.02715212;0.00855355;1.3984312E-4;0.009615384;0.019021744;0.022516549;0.022339033;0.04832871;0.017361296;0.30562398;0.0026744262;0.3075557;0.055308547;0.9425272;0.026426906;0.010945861;0.7876977;0.69210285;0.48959297;0.66752964;0.7501786;0.60500634;0.4850285;0.5213624;0.5348772;0.40191576;0.33969122;0.2991198;0.42836848;0.59834975
0.36792856;0.90946263;0.07617106;0.05861645;0.2180463;0.7698999;0.28603563;0.13966729;0.38265222;0.0440945;0.14853492;0.21048383;0.102297686;0.07465096;0.0891066;0.10555867;0.13730736;0.07541508;0.08415668;0.10434332;0.1431162;0.11707892;0.09146223;0.07966082;0.04831325;0.06744355;0.058968592;0.042198595;0.06191695;0.04788023;0.05318067;0.06641546;0.08282379;0.0721523;0.090669006;0.09398172;0.09741039;0.0013242988;0.019230768;0.027173918;0.03443707;0.043364003;0.3056792;0.027912812;0.3623034;0.0023693235;0.17849721;0.020386005;0.8302132;0.04159078;0.110313885;0.7767372;0.64738226;0.4731026;0.53766704;0.50116706;0.5381635;0.4715712;0.44502476;0.5774137;0.44995737;0.46469727;0.3763307;0.37487742;0.4734393
0.0;0.63232833;0.0;0.0;0.0;0.0;0.054805588;0.040124454;0.02276687;0.25511813;0.07221944;0.031470157;0.014452111;0.013770723;0.014654108;0.014508217;0.017931389;0.014337175;0.018914854;0.018366331;0.023795657;0.032156885;0.024994943;0.025219576;0.018789213;0.024421683;0.03249219;0.027671883;0.040253263;0.039318934;0.032775477;0.029262276;0.028907787;0.031340417;0.03641519;0.03763686;2.3744298E-5;5.498098E-5;0.0;0.0013586958;0.0476821;0.095926434;0.01754169;0.053616203;0.3654893;0.11391528;0.09920532;0.0014720588;0.9566013;0.05328632;4.3933487E-5;0.50132674;0.5583673;0.54496783;0.7353852;0.6587335;0.6294025;0.57655096;0.6380239;0.6590498;0.55418223;0.47740626;0.49074697;0.5543077;0.5630159
0.23712027;0.8169349;0.3542356;0.0;0.8741528;0.7842702;0.18227868;0.10577376;0.087261505;0.08346458;0.07664268;0.029666765;0.018452113;0.020345606;0.014852672;0.02083919;0.052188583;0.03710245;0.044504303;0.07197728;0.10102581;0.13169822;0.10953285;0.08226585;0.036462724;0.065025695;0.078685604;0.067436464;0.0898762;0.058082737;0.068052575;0.0895606;0.09926965;0.06947682;0.06822931;0.068802774;0.005725268;0.0013980308;0.03983516;0.046195652;0.06092713;0.06438898;0.08017451;0.060426578;0.48525652;0.015369969;0.10843189;0.0027988788;0.9484913;0.077858545;0.00342153;0.62359434;0.41328573;0.5474908;0.39820284;0.44418633;0.40587068;0.45526367;0.66514236;0.5590187;0.5132605;0.21728516;0.38656974;0.5230958;0.5178201
0.10103089;0.77706623;0.08576868;0.04330444;0.6093838;0.78361815;0.046666157;0.08912931;0.036739916;0.037480317;0.06525604;0.05808505;0.027458977;0.025829228;0.02567178;0.018050404;0.02141239;0.0225701;0.03798676;0.063313015;0.068468854;0.03893079;0.03699983;0.049476236;0.037530914;0.06067431;0.09867075;0.08306545;0.09770198;0.078724146;0.083879694;0.07623864;0.07664455;0.065529585;0.06354919;0.060061604;0.0010770278;1.3047555E-5;0.013736261;0.019021744;0.029139057;0.032851525;0.03280673;0.021493454;0.38363293;0.0038234103;0.25107723;0.050295245;0.9554432;0.032184143;6.4490206E-4;0.7853383;0.68837035;0.5585497;0.6175055;0.6700264;0.55867213;0.44304267;0.3689705;0.4809451;0.45809805;0.6009421;0.4661237;0.45110932;0.51116735
