standardizeInput
0.0;140.15993;0.7576755;0.038308248;0.03249978;0.1389935;-15.609612;0.94406396;1.2160492;0.07458575;0.09337898;0.14886378;0.33348593;0.53076047;0.7136781;0.8955217;1.0468082;1.1728845;1.2467716;1.2877058;1.340243;1.3959206;1.4613968;1.531053;1.5793667;1.6200439;1.6716424;1.6951056;1.70814;1.7120148;1.6736114;1.5767305;1.4348768;1.246884;1.0445155;0.85559285;0.69289684;0.9445408;0.29542825;487.934;725.75916;1081.328;1604.7234;0.44516093;888.7535;3.6106033;1121253.4;7.894059;203.41382;-0.23135288;0.74144596;0.8501388;24.204084;4.3158474;3.3911908;-6.5025997;-13.510486;-9.99942;-3.6738255;-1.6638507;-1.1592548;-0.7395674;-4.8462906;-4.617513;-1.5306362;-2.4632115
1.0;110.60328;0.13079621;0.07046388;0.067941934;0.16425651;44.432667;0.72016174;0.64271766;0.071038164;0.09239205;0.07800476;0.22302471;0.41041717;0.58664644;0.80163383;0.9486659;1.0913825;1.1499722;1.0872977;1.0595428;1.053908;1.0933526;1.1500001;1.1613866;1.129928;1.1239662;1.0921767;1.0733786;1.0736014;1.0359017;0.9627598;0.91059315;0.8223341;0.69980615;0.5741177;0.46801835;2.0880249;1.0065717;775.21497;1103.1345;1503.2548;1947.3512;0.47268578;1072.5973;0.995304;2211345.2;6.726716;384.38477;0.4193408;0.7292536;1.7002761;13.611746;17.955935;16.794838;15.949906;15.798863;15.740965;14.43774;14.856824;14.8847685;13.072357;13.527387;11.975034;10.629833;10.050073
codebookNumeric
128;65;10;0.0;0.0
-0.0059775156;0.4517894;2.4759686;-0.4783464;2.630348;0.49405357;-0.5211799;-0.37681538;-0.70150644;-0.32075226;0.18539542;0.032682844;-0.020952538;-0.09759371;-0.0015652995;-0.26515996;-0.28550923;-0.1668393;-0.19937761;-0.27702895;-0.33407724;-0.4277443;-0.30425122;-0.1267706;-0.25654724;-0.28847256;-0.26809728;-0.23664527;-0.036875665;-0.46848115;-0.40707612;-0.58196557;-0.44786695;-0.4354127;-0.39697647;-0.34171978;-0.4065734;-0.28665888;-0.25905663;-0.26750597;-0.404188;-0.4923238;-0.6110715;-0.2907871;0.014902718;-0.24390388;-0.53977275;-0.46411565;0.5168703;-0.30108464;-0.46696097;-0.44608998;0.19921862;1.414238;-0.45479017;-0.93429595;-0.48060653;-0.70411813;0.6817965;0.16220197;-1.1682898;1.435233;-0.15571944;0.90258205;-0.5364727
1.1507025;0.82161367;-0.40484655;-0.17006932;-0.38155642;0.79081345;-0.13145053;0.82748747;-0.00739613;-0.49255303;1.0690286;0.004994877;1.7717984;1.0243273;1.4167022;2.3905609;0.53846335;0.2719722;0.18943682;0.9224922;0.43930432;1.1317073;1.0021731;0.2583828;0.30320886;0.57604814;0.81606627;0.6850947;0.3247018;0.33167195;0.07807916;-0.1866781;-0.078494824;0.14954212;0.3346669;0.70392567;0.006417871;-0.27202424;0.037232105;-0.18942593;-0.34689045;-0.5365545;-0.61487365;-0.31415227;-1.6664641;-0.4787962;1.1247422;0.661682;0.25525153;-0.22331995;-0.21580482;0.556181;-0.85098535;-0.20602281;-0.78236693;-1.6876551;-0.91836625;-1.810368;1.3514147;0.34738415;0.8363249;-1.1149071;1.159003;-0.23934321;-2.0646307
0.84115016;0.6238518;-0.34536996;-0.37872997;-0.43103194;0.56172127;0.46740347;1.0625986;0.24717793;-0.49528;-0.092072286;0.0090190815;-0.1745789;-0.17795871;0.1312711;-0.19332069;-0.075220585;-0.15504341;0.0997411;0.108441085;0.014250147;1.0704427;1.9813234;2.1508594;1.1200722;1.3407756;1.4893299;1.4394577;1.8986707;1.8402679;1.2651385;0.62668073;0.52304655;-0.18742318;-0.19974934;0.4914977;-0.07737047;-0.14623037;-0.35164696;-0.345586;-0.45193595;-0.18270837;0.21429858;-0.3837314;-0.38071722;-0.40591523;-0.5955486;-0.4319747;0.08746962;-0.38694602;-0.13162586;0.8750512;-1.3109347;0.65869284;-0.21753319;0.47712475;-0.6990346;-0.9572527;-0.29920986;-0.79428816;-0.54539615;-1.8271303;-0.12068725;-0.5105681;-0.23785096
0.9270491;0.31258893;-0.32774067;-0.23451729;-0.4367829;0.6040335;3.5889037;1.0931141;2.401448;0.29554835;-0.88724434;-0.6629733;-0.59175074;-0.6013411;0.20658599;0.14951496;0.73816514;1.5289782;0.845752;1.2666974;2.7586398;1.9796234;1.0814426;0.69347227;0.9177665;0.23593374;0.3000196;0.96209025;1.2593523;1.3053639;0.2515119;0.30871773;0.7541995;0.11042707;0.1615725;0.3118026;0.2879651;3.6703842;0.3335209;0.057827603;0.19743626;0.20062464;2.7527294;0.2761601;0.62205464;-0.025571935;-0.5273617;-0.45653018;-2.1824877;0.35648093;2.6065216;-1.3072112;-1.6324179;-1.7021087;-0.68584293;-0.9913305;-0.4837549;-0.80041784;-0.94098574;-0.39797118;-1.215475;-1.7598867;-2.4010775;-2.0245929;0.42251968
-1.2672312;-5.792794;-0.54365796;-0.4783464;-0.8461978;-1.8992871;0.31222847;2.7268052;-0.42377996;3.0852635;-1.2449707;-0.9653116;-0.850007;-0.83807826;-0.5330037;-0.3426427;-0.46625173;-0.533591;-0.6064392;-0.31394577;-0.19790493;0.6072261;1.9548721;2.042648;1.17239;3.793409;4.4660883;6.16574;4.764781;3.2911265;3.8207397;4.2650137;5.0179386;4.6638474;4.267648;3.2047696;-0.45151672;-0.12890254;3.0927098;2.9467902;3.3774502;2.7144058;-0.14840667;3.3728478;2.8124359;1.2013382;-1.1130918;-0.52263296;0.5308126;3.0324113;-0.43227848;-3.8685274;0.34559396;2.0642219;1.6646856;-0.81943524;-0.6412789;-0.37330356;0.6265567;2.1463091;-0.85354173;-0.7042742;0.423674;0.17309304;-1.1386702
0.22523622;-0.16754039;10.459945;6.212277;2.3640072;0.47652403;1.187193;-0.013197425;1.0806495;-0.27166638;0.5279629;0.012868366;-0.34440118;-0.06457194;0.16782765;0.52477556;0.45541006;-0.08135028;-0.13813956;-0.1235297;0.48082605;1.1340214;0.8291338;0.10477246;-0.36042726;-0.64010596;-0.64578193;0.18286087;0.06605825;-0.19644184;-0.57012194;-0.5209583;-0.18076223;-0.13067228;-0.39217702;-0.86395013;1.6353087;-0.029815005;0.037232105;-0.16339923;-0.34689045;-0.49969557;1.9320066;-0.22366028;-0.86685514;-0.3770946;-0.20108718;-0.38075712;-0.86833006;-0.140067;0.66218317;-0.66892624;-0.57974815;-0.4796343;-1.4006578;-0.11254317;-2.656764;-0.8202;0.8125923;3.3255255;-1.2800449;0.5989186;0.12862946;-0.33137122;-1.5272406
1.5012392;0.13347681;0.36877126;0.10780724;0.5612131;0.3752421;2.8367145;-0.20678154;1.5095371;0.56824815;-0.13314539;-0.04832439;-0.03283695;-0.014326335;-0.16998585;0.18424371;-0.012824543;-0.26476333;0.124318466;-0.22170222;-0.03357188;-0.06035911;-0.070752986;0.0814882;-0.06951315;0.0073841983;-0.26916486;-0.16133912;-0.56219167;-0.28554773;-0.13615698;-0.3298035;-0.3365341;-0.5381822;-0.41402146;-0.39447507;1.0076303;1.7466315;0.037232105;-0.1503859;0.58896935;0.51024014;3.2379436;0.32287288;0.8165711;0.078966245;-0.90159506;-0.50759166;-1.0658275;0.2969119;0.70349944;-1.4227817;-1.5396763;-0.4553344;-0.8443699;-0.9942725;-1.9605514;-0.5089893;-0.51299214;-0.5616549;-0.32983407;-1.4611114;-0.7112863;0.1041915;-1.4257339
0.57485795;0.36615583;5.4169264;-0.4783464;0.3089685;0.42219815;-0.6484494;-0.6248961;-0.67572385;-0.24439652;-0.10439078;-0.6541088;-0.5382469;-0.49692476;-0.5555705;-0.57938665;-0.45276123;-0.3360783;-0.23853794;-0.16238327;-0.12586263;-0.37809747;-0.26595643;-0.518437;-0.6483095;-0.6365496;-0.5199988;-0.55449873;-0.6175875;-0.68967116;-0.66910255;-0.51216906;-0.34364098;-0.43101794;-0.29784593;-0.34144583;-0.43984154;-0.2762661;-0.27757472;0.005774229;-0.1177003;-0.30802888;-0.43248165;-0.22612546;0.36432958;-0.4506203;-0.8687877;-0.40932032;0.5157902;-0.14623398;-0.46917266;1.5967795;-0.8666526;-1.1996133;-0.011851431;0.97248584;1.3446761;0.21214783;-0.25890428;-1.011748;-1.3284155;-1.1120809;0.7126652;0.24624002;-0.77149576
-0.28408676;0.48515075;-0.4425116;-0.40854245;0.20235972;0.76236886;-0.6713236;-0.8434486;-0.062395297;-0.78979546;0.100247934;0.0562838;-0.0035857141;-0.17124575;-0.6030189;-0.71093714;-0.7893594;-0.6848022;-0.6321783;-0.49039474;-0.6106857;-0.65604365;-0.69125575;-0.5967922;-0.67049885;-0.85704076;-0.6512581;-0.44860226;-0.7297327;-0.6923824;-0.6634198;-0.5469416;-0.50627524;-0.646347;-0.67430586;-0.7320099;-0.36831954;-0.29212934;-0.46275526;-0.5017462;-0.5760806;-0.68399036;-0.677142;-0.66053706;-0.9383919;-0.4976041;2.921341;2.992913;0.28521833;-0.75168175;-0.431173;0.59134334;1.1157092;1.6371803;1.7887164;1.6269927;0.054278556;-1.3329035;-0.28432918;0.03928811;0.040639494;0.40157065;0.21483164;0.10893197;0.16434956
1.9919506;-0.061975133;-0.047429383;-0.09185636;-0.27824745;-0.20558879;0.39636654;6.735489;0.15841976;0.3446349;1.6856091;0.609995;-0.10029935;0.71181697;1.2301193;0.9493223;8.158675;15.54128;4.8484497;5.636879;6.151001;4.3767586;3.944523;4.1982126;5.6547766;6.3524933;4.69308;6.2882533;6.0896945;5.87864;3.8480506;3.4937315;2.7216396;1.5786164;2.7514849;3.169053;-0.44747427;-0.15876839;0.3335209;0.04481426;-0.10815067;-0.27117008;0.16525598;-0.003090062;-0.8552004;-0.43290588;0.0012200372;-0.20783295;0.18487132;0.13022004;-0.105191916;-0.5199814;-1.8842264;-1.2392582;-0.544775;0.49401754;1.6533751;0.8055334;1.6535069;0.09867254;-0.8433829;-1.2299848;-0.62285805;0.61831725;2.4771714
-0.4543725;-0.31338096;-0.54365796;-0.4783464;-0.8461978;0.3928044;0.3273279;3.0719693;-0.26692834;0.5137078;-0.6495777;-0.34752086;-0.42957038;-0.5598264;-0.36413482;-0.2707531;-0.15407747;-0.27753398;-0.13914658;0.38665926;0.33431986;0.49711612;1.6059616;3.425902;2.9002771;3.8864431;4.549246;2.427045;2.728444;3.5304155;4.6904798;4.306705;5.223728;6.939254;7.171495;5.3682537;-0.31410158;-0.20095637;0.5742556;1.085882;2.269698;1.6381245;0.5835174;1.6651753;1.9753009;1.4786558;-0.841824;-0.4779811;0.4123641;1.5665101;-0.40658647;-1.6004777;0.15613739;0.16864547;1.2500042;-0.81370187;-0.2834413;0.32830375;-0.25945157;-0.049196616;-0.26309425;0.47912332;0.76486933;0.8086333;-1.057435
-1.2672312;-0.54319084;-0.54365796;-0.4783464;-0.8461978;-1.8992871;-0.25495285;-1.1046658;-0.56964976;-0.18167563;-0.27991974;-0.59996504;-0.4929625;-0.3496435;-0.53333825;-0.5868344;-0.54298586;-0.7423737;-0.8201255;-0.6147628;-0.6697628;-0.90077037;-0.93799585;-0.82097036;-0.8049664;-0.87346125;-1.0397904;-1.08369;-0.95660734;-0.8240728;-0.86891747;-0.93735576;-0.9493792;-1.0025846;-0.8847658;-0.95745057;-0.406925;-0.24373825;-0.036840092;-0.08531918;-0.13679944;-0.16059324;-0.3603904;-0.14971292;0.5312696;-0.41378218;-0.5852187;-0.3905821;0.4918106;-0.06409546;-0.45347953;0.48757195;-1.1652904;-1.1423494;0.0678592;0.43963978;-0.22546521;-0.41177607;-0.33480468;0.012595985;0.37119266;-0.3480532;-0.32888377;-0.490779;0.6520923
-0.38524002;0.37784198;0.6319455;0.49446854;0.9803258;0.60046977;-0.45590326;0.65093255;-0.31983444;-0.64526474;0.40054378;0.2831766;0.24161324;0.73176944;1.1265996;0.29385346;-0.13209155;-0.086774744;-0.2750327;-0.092755035;0.11704852;0.054518756;0.73162353;2.010267;1.9669659;1.9458677;1.3335447;0.3524293;0.029159049;-0.22400816;-0.1983813;-0.2154484;0.41485807;0.33036083;0.14401132;0.094652414;-0.28600124;-0.28801772;-0.35164696;-0.35859936;-0.43283677;-0.5660417;-0.28861463;-0.5095632;-0.06686928;-0.47521842;-0.015348113;-0.11340933;0.3992325;-0.5190508;-0.43604317;1.1077083;0.43568507;0.35118893;1.7043511;-1.4265105;-1.4077772;1.606749;-0.39171624;0.20815612;0.6480517;0.92404306;0.4552738;0.45314428;0.35644028
0.8086503;0.7397584;-0.26911557;-0.29201403;-0.36998475;0.69982165;-0.7503122;-0.3890831;-0.633838;-0.5716359;-0.68716013;1.159922;0.9630268;0.50697815;0.14759015;-0.24040352;-0.4654522;-0.36377987;-0.13227545;0.24988893;0.06729081;-0.17998931;-0.39822596;-0.26610923;0.17412186;-0.15198803;-0.6128437;-0.54249454;-0.5704164;-0.7233021;-0.84926814;-0.68860376;-0.6796316;-0.6431973;-0.59124714;-0.4493199;-0.40810037;-0.29179737;-0.35164696;-0.42366615;-0.49013427;-0.5807853;-0.73889154;-0.5330428;-1.1243012;-0.48996583;0.11275339;0.114008114;0.5025414;-0.55129784;-0.46734232;1.2659254;-0.17813751;-1.045566;0.32595727;-1.0573307;-0.49243742;-0.9835123;-1.8587512;-2.046094;-0.48231003;-0.52618957;-2.6465602;-2.0068352;-1.2145802
-0.40517113;0.5048532;-0.54365796;-0.124151744;0.060409136;0.7196553;-0.49542376;0.8087591;-0.38889182;-0.56345487;-0.16641766;-0.41941553;-0.20754437;0.046311866;0.8080402;1.1491208;0.83157885;0.14412731;0.3758311;0.90387;1.7936274;1.5872183;0.5574339;0.13532647;0.2696668;0.5163221;0.30008093;0.44074768;0.97710776;0.91056764;1.0041927;0.19710356;-0.023834635;0.20504329;0.123356625;0.12737714;-0.26196608;-0.28965145;-0.09239424;-0.22846593;-0.38508883;-0.5439263;-0.6158476;-0.4155645;-0.42401952;-0.49158713;0.4833429;0.61638236;0.40836152;-0.36379302;-0.3995935;1.4501892;0.54339874;-0.5490778;-0.69777274;0.6151314;-0.21475047;-1.6827561;0.85097265;1.0207781;1.3563;1.0969107;-0.8827973;0.6682844;0.5242987
-0.2514223;-0.4180904;4.608011;2.6084278;1.0739118;0.4235428;1.9754231;5.279932;2.3278565;-0.17622155;2.5184054;6.371352;7.036887;2.822088;2.698553;6.815656;6.424728;5.510714;5.30602;4.2281494;3.01609;2.705532;1.3118486;1.1821173;2.9897916;4.275145;1.627369;2.8654497;4.843388;2.7348344;4.5920444;5.1928506;4.338503;2.9937854;2.9497924;6.944502;0.56438327;0.5217115;0.018714055;-0.16339923;-0.22274576;-0.36700326;3.3876526;-0.22001614;0.01588317;-0.39569128;0.064053975;-0.2660894;-2.2822611;-0.14352123;1.7242159;-0.12672909;-0.20890439;-1.0377129;-1.1703109;-0.5035517;1.206109;1.3221519;-0.86311775;-0.31229025;-0.22252363;-0.6585285;0.2904149;-0.45437172;0.016252082
1.5591905;1.0551864;-0.5211662;-0.45087615;-0.603199;0.647121;0.9407749;1.0417107;0.17481618;0.6200611;-0.8142801;-0.5234713;0.5534336;0.3243251;-0.5299765;-0.6777055;-0.40267614;-0.6840147;-0.38948432;-0.62448144;-0.12704204;0.10118619;0.68324697;0.9909615;3.0268028;1.9550182;2.1262891;2.9480119;2.1665533;1.435218;0.66563684;1.471472;0.64952075;0.47324172;1.0053917;0.63424635;-0.3096604;0.73328084;1.2409048;1.3071089;0.7513124;0.6134448;-0.28783906;0.9021974;0.07188628;-0.09754108;-1.1544883;-0.5107046;0.25021338;0.7268871;-0.120365426;-1.4625835;-1.1665713;1.9496282;0.7840494;-2.032987;-1.439103;-0.6811346;-0.37006032;-1.9301412;-0.18297009;-1.3705397;-0.18812983;-1.6964138;-0.543621
0.16161159;-0.16030149;3.9408708;3.9947906;-0.63093525;0.43817115;1.5600568;-0.34113008;1.140002;-0.06986883;0.45890176;-0.5862737;-0.21811874;-0.11890267;-0.4807987;-0.39048922;0.014517901;0.30480862;0.5854305;0.62764347;0.16376229;-0.068118736;-0.33889818;-0.41529295;-0.30143946;-0.12382081;-0.23876224;-0.4969663;-0.23383711;-0.59517276;-0.742439;-0.8296552;-0.8037507;-0.72805864;-0.8259084;-0.69905233;-0.20648059;0.70742875;0.24093057;0.018787572;-0.1272498;-0.19008048;1.2474674;-0.031202951;0.2503905;-0.41647512;-0.28113648;-0.3184144;-0.5959564;0.09081717;0.529003;-0.05709079;-2.0068822;-1.7180512;-1.1281691;-1.0597175;1.2010252;-0.70800173;-0.80345565;-0.2683506;-0.33905244;-0.53544706;-0.8165411;-0.1384728;1.6639633
0.9260039;0.42585838;1.1812584;1.4327532;-0.14058441;0.5181582;2.016754;0.28759253;2.9697185;-0.09168478;-0.9799686;-0.3463384;0.28118345;-0.27919456;0.04370161;0.42539605;0.67961;1.2726225;2.4461474;1.6346682;0.0105667785;-0.50388545;-0.30897987;-0.19038767;-0.40612128;0.39278108;0.428053;-0.24837841;-0.13031915;0.062567346;-0.033101153;-0.07288303;-0.22196202;-0.38367185;-0.478512;-0.41656154;-0.07281366;6.386454;0.4631473;0.22700107;-0.06040275;-0.29328525;4.431272;0.033629112;-0.6961294;-0.48182148;-0.1434219;-0.1438991;-3.3080306;0.18560603;3.2844384;0.06455344;-1.3732935;-1.5506808;-1.6890959;0.02323179;1.7096277;2.4297225;-1.1113613;-1.5613939;-1.0168236;-0.10291799;0.7809407;0.050114717;-2.3612506
-1.2672312;-0.583329;-0.54365796;-0.4783464;-0.8461978;-1.8992871;-0.10124778;0.58251214;-0.52097267;1.6481377;-0.8829971;-0.6878235;-0.3874927;-0.25299144;-0.3883863;-0.45499656;-0.52361387;-0.33342898;-0.17529581;-0.46756163;-0.20731287;-0.11782279;-0.07407644;0.25412586;0.13450956;0.20164178;0.21477886;0.1498241;0.38515157;1.2561102;1.5595391;1.8935692;2.5883784;2.823164;2.9558034;2.7141716;-0.40791753;-0.28175917;0.0742682;3.1159632;3.61619;3.7169695;-0.17696731;2.9292424;2.435348;5.327447;-1.0909234;-0.52237695;0.53498477;3.07128;-0.45114106;-1.513716;0.7544282;-1.481925;0.23265627;-0.14972183;-0.6147571;-0.12586196;-1.5363075;-1.291999;-0.66050076;0.24127932;0.52163905;0.6677363;0.41097936
-0.6343006;-0.46170375;-0.54365796;-0.4783464;-0.8461978;-0.3045554;-0.9910184;-0.5692425;-0.94132787;-0.24712348;-0.19248547;-0.3123803;-0.16299896;-0.23386063;-0.2096722;-0.59092486;-0.6272159;-0.7086267;-0.8550648;-0.8502147;-0.887001;-0.81178707;-0.71949166;-0.8044646;-0.7894577;-0.7635987;-0.5320097;-0.73543805;-0.29902795;0.3295018;0.51467925;0.41027457;0.32176822;0.14951079;0.06926477;0.5175372;-0.44953585;-0.2932183;-0.38868302;-0.3976394;-0.42328718;0.11953499;-0.8222613;-0.15562616;0.44125682;0.7308034;-0.32820448;-0.40980825;0.5486939;-0.17953354;-0.49871275;-0.43390498;1.1215725;-0.4135454;0.5469126;1.6653455;-1.275662;-0.5831172;0.6142118;-0.24955353;0.930031;-0.2179805;-1.1989658;0.5793704;1.1128716
1.4336373;0.39521074;1.7148736;2.4787095;2.0575225;0.42503276;0.54433197;-0.33542293;0.8153088;-0.30166337;-0.25014982;-0.40863958;-0.38272974;-0.5432102;-0.18538797;-0.14196543;-0.23637624;-0.28900072;-0.41175118;-0.42770448;-0.37376663;-0.29089594;-0.38121727;0.0010696524;0.066006064;-0.091914184;-0.13729051;-0.24884231;-0.3052137;-0.30172974;-0.2790805;-0.19989909;-0.35546502;-0.16694911;-0.013189236;-0.30110106;0.9655825;-0.157045;1.9596695E-4;-0.17641264;-0.35644004;-0.51443917;1.4958987;-0.26957384;-0.9320421;-0.42284378;-0.206609;-0.3356838;-0.3832828;-0.19493422;0.43461248;0.04473679;-0.56183213;-0.4245572;0.50465786;-3.542276;-0.74442196;0.8304642;-1.2585691;0.55694175;0.7952476;0.869693;-0.41562352;-1.0325696;-1.3732796
0.70318776;0.2846072;3.9527106;-0.4783464;1.5886956;0.41369283;3.2777765;-0.077524155;2.928425;0.01466802;-0.04579688;-0.020589788;-0.07683957;-0.06470565;-0.049999613;-0.121272005;-0.13554873;-0.18019614;-0.21100363;-0.18684185;-0.13814361;-0.11376182;-0.11855912;-0.113911875;0.0055677453;0.124076314;0.10890125;-0.0051575094;0.014005409;-0.02295434;-0.03193167;-0.021022283;-0.00940124;0.059314363;0.07036183;-0.03308017;3.3947597;3.2506256;-0.05535818;-0.16339923;0.178337;0.45126566;2.785015;0.14115505;0.5054621;-0.08952834;-0.8652491;-0.5029559;-2.9888318;0.123797566;2.1489093;-0.62514794;-0.80613947;-0.22733256;0.042280607;-2.4966843;-0.20477459;0.875324;-1.5046203;0.5833897;0.85663265;0.57548296;-0.8002555;1.299482;-0.7813295
0.8996575;0.50181;-0.4943564;-0.4206551;0.026603483;0.64253163;1.9182595;1.195797;0.14013757;-0.56345487;-0.27077672;-0.3922697;-0.28156027;-0.4137893;0.048959624;-0.19479582;1.8296385;3.4173534;0.7593433;0.4994211;0.75601226;0.71165526;1.0666225;1.6844274;2.6843069;0.5618627;0.6483251;1.2920147;0.83001304;0.17415898;0.34166107;1.2606676;0.8336965;0.13058123;-0.5267568;-0.48263377;-0.2702587;0.11351866;0.2594487;0.005774229;-0.21319622;0.22274034;0.5115907;0.040282167;-0.1904476;-0.2970428;-0.7631036;-0.49107787;-0.27041256;0.1105495;0.38820237;0.10603386;-1.812883;0.9619085;-1.8558574;0.6436999;-0.7295239;2.5228806;1.1720546;0.31939182;-0.83575994;-0.7433024;1.3217744;-3.0959406;1.6940088
-0.10510111;-0.0013543589;4.08588;-0.4783464;2.7395284;0.52735794;-0.40132204;-0.23342937;-0.15051349;-0.4680101;-0.0070569883;-0.06493193;0.019547008;0.016687166;0.15306155;0.3682537;0.14702508;-0.15829302;-0.13283186;-0.17398734;0.037379336;-0.012886806;-0.39303735;-0.3715461;-0.35323298;-0.36392498;-0.3520315;-0.30947888;-0.27889287;-0.28349936;-0.3730011;-0.26526976;-0.18307398;-0.19587576;-0.14430067;-0.16500147;-0.17648454;-0.29012385;0.018714055;-0.16339923;-0.34689045;-0.5070673;-0.017796626;-0.33935645;-1.0420599;-0.48479924;1.8976111;1.5499172;0.3617318;-0.25372884;-0.30976343;0.90624195;0.3846323;-0.76057696;-0.40693218;-0.8540977;0.018136453;0.023431396;0.43398368;1.5593628;1.6680256;-0.17477143;-0.7464435;0.036048938;-0.29852954
-1.2672312;-0.70381635;-0.54365796;-0.4783464;-0.8461978;-1.1333286;-0.44703054;-0.9723968;-0.8402319;1.3181709;-0.63577396;-0.7123194;-0.7814626;-0.61629796;-0.6597839;-0.6658943;-0.64373296;-0.57257897;-0.6646454;-0.72309065;-0.7360357;-0.6615752;-0.7051563;-0.66978437;-0.59455216;-0.5720754;-0.7267946;-0.6450241;-0.8150232;-0.88560987;-0.8622666;-0.8533629;-0.70770156;-0.7905164;-0.84490204;-0.93751633;-0.4492985;-0.2764617;0.42611113;1.0598552;1.27654;1.1147269;-0.69097704;1.045103;1.9426976;0.6387906;-0.8680141;-0.49520713;0.5444825;0.855191;-0.49322626;-1.5586793;-0.29865912;-0.3596611;-0.45938206;0.55035716;-0.21787165;-0.20774736;-0.23576583;-0.06986963;-1.0899214;-0.6489169;0.49317732;0.5956853;0.12276792
-1.2672312;-0.563164;-0.54365796;-0.4783464;-0.8461978;-1.8992871;0.47952715;-0.4709385;0.6462942;-0.16258663;-0.45730382;0.037913576;0.25521412;0.1644136;-0.33670458;-0.41820705;-0.5273505;-0.6630573;-0.6212258;-0.61826634;-0.5924378;-0.5315496;-0.5943494;-0.81923944;-0.6628914;-0.36611196;-0.19965504;-0.09311349;-0.36694518;-0.19020669;0.15478477;0.029104384;0.24413683;0.045283288;-0.15619361;-0.24778971;0.6363335;-0.1460593;-0.31461078;-0.3976394;-0.49013427;-0.51443917;2.4153168;-0.4252811;-0.59346324;-0.2951507;-0.008317888;-0.29040775;-0.31714976;-0.45942956;-0.14937292;-0.6492462;0.75909567;1.4178433;-0.4325781;-0.391205;-0.80321246;-0.5034468;-2.3200896;-0.76708513;0.16376905;-0.7936329;-0.4049916;-0.6811416;-0.77251565
-0.3859641;0.39857388;-0.07668394;0.2173316;-0.09780376;0.7173326;-0.6091277;0.17924322;-0.6215732;-0.6261758;1.443098;0.7627965;0.59413487;0.8610499;0.89548653;0.9763877;0.4526301;0.6338679;0.4720062;0.58671534;1.4185094;0.7885583;-0.19811296;-0.18456703;0.08090353;-0.03831474;-0.5587626;0.049293924;-0.10485807;-0.66035295;-0.7980467;-0.8445626;-0.5596986;-0.49202922;-0.50895095;-0.027118286;-0.40728045;-0.28654194;-0.25905663;-0.25449267;-0.3755392;-0.46283656;-0.7370443;-0.41501585;0.33106825;-0.4668011;-0.6450285;-0.38447475;0.50808823;-0.3863248;-0.48270476;1.6670489;-0.5146638;-0.52629524;0.54355615;-0.32177663;1.3385386;-0.7995278;-0.16517556;1.3354756;0.49350932;1.8676904;-0.33592308;-0.0122337565;1.717372
0.061687827;0.62559074;6.5355527E-4;0.5330646;-0.069428585;0.6865105;0.65742046;-0.41361648;2.0293112;-0.5661819;1.891299;1.4015287;0.9621242;1.4837419;2.0928824;0.9551621;-0.27954552;-0.5127139;-0.65263367;-0.61157525;-0.6966336;-0.5677695;-0.7267071;-0.85952353;-0.7531889;-0.596569;-0.67300004;-0.56536996;-0.29855105;-0.2977294;-0.47893095;-0.63672245;-0.7549912;-0.5162595;-0.25262237;-0.2534681;3.039487;-0.27334607;-0.07387615;-0.2414793;-0.404188;-0.5660417;1.2378141;-0.4205016;-1.3128805;-0.4891394;1.545842;0.9469332;-1.9074203;-0.36823466;2.0916057;0.51555;1.02542;0.40370023;-0.590122;-1.1444662;-0.30367073;-0.99804497;0.41942772;0.111120805;2.114675;1.0927376;-0.88737845;0.89939654;0.3838286
0.45968056;0.6379144;-0.4362402;-0.3751677;-0.5117463;0.6841751;-0.37020564;0.65480363;-0.6668845;0.4946196;-0.13202636;0.24795845;0.26606813;0.7243578;0.7245868;-0.5645902;-0.58361864;-0.4584687;-0.35155413;-0.48419216;-0.6671603;-0.682156;-0.56595373;-0.32910633;0.36904937;1.2732407;1.6640984;2.409684;2.2344239;1.8761015;1.2705802;1.3785192;1.276328;0.4685119;0.29656658;0.5115585;-0.40936187;-0.27340093;-0.14794838;-0.306546;0.063741654;0.34806082;-0.6464011;0.06292333;0.043570325;0.12289018;-0.8619622;-0.5092394;0.5140412;-0.03812112;-0.45882457;-1.0285914;0.13608606;2.2292445;-1.6833998;-0.33426353;-0.2139551;-0.3922507;-1.7050616;-1.3658503;0.50192887;-0.93534833;1.3779588;0.12631766;0.7082026
1.5484548;0.390316;0.17626975;0.09072924;0.9961706;0.60976493;1.9944439;1.7805747;3.5566568;-0.3725652;0.2788859;1.021459;1.837461;0.68979186;1.153325;3.030137;2.5296407;3.8848615;3.137165;1.9536973;0.5325079;0.5419087;0.72559214;0.6664381;0.5258124;1.9359734;2.5793707;1.5536866;1.405043;-0.016446;-0.1615393;-0.26161936;-0.020495377;0.16394046;0.7686405;0.39446068;6.810886;-0.04881763;0.037232105;-0.1503859;-0.2895929;-0.40386227;5.3778625;-0.26604027;-0.96973526;-0.4851762;0.50631994;0.24462333;-5.2936473;-0.15909682;5.522839;0.6043139;-0.88656574;-1.0982792;-2.0471334;-2.0104117;0.9367311;-0.26220614;-0.13215284;0.32536185;-1.5318379;-0.31343722;-0.25038978;-0.37153986;-1.2173651
-1.2672312;-1.2840102;-0.54365796;-0.4783464;-0.8461978;-1.8992871;-0.5625019;1.815803;-0.85924846;2.0980918;-0.91717774;-0.9281336;-0.812858;-0.61470234;-0.56240565;-0.66230035;-0.68910015;-0.67318016;-0.62710875;-0.673867;-0.62343603;-0.5997115;-0.20874602;0.10098736;0.80288935;1.8212155;2.5323699;4.0169353;4.9852304;3.1962867;2.8331256;3.1565099;3.7566292;4.7060094;6.416361;5.107663;-0.45189077;-0.28250012;3.7223234;4.026898;3.5588923;2.7512648;-0.67576;3.697776;2.8164525;1.1620951;-1.2419428;-0.5223692;0.55037695;3.3867505;-0.49346584;-3.2064862;0.8626603;1.3069574;0.34987354;-0.49353644;0.32460997;-0.57659614;-0.75176424;0.3678396;-0.46869516;0.36666802;0.20254517;0.62772644;-0.49689218
1.6386997;0.9671125;-0.3709777;-0.39698955;-0.0042068143;0.598277;1.5990603;0.046363663;0.63634175;0.3800848;-0.97732764;-1.0330274;-0.011379305;0.35137257;-0.6907911;-0.18930914;0.4570996;-0.4638659;-0.684473;-0.37438363;-0.029588541;-0.063015215;-0.46647114;-0.48251343;0.16956756;0.038956307;0.080743805;0.102252826;1.2133427;0.9776127;0.7358331;0.31361562;-0.113856316;0.5016682;0.06114432;-0.10429156;0.18940923;0.27724293;0.018714055;-0.08531918;-0.13679944;0.45126566;0.40705156;0.119736016;0.21159427;-0.04259641;-0.80846125;-0.50037384;-0.15075235;0.12162279;0.23812556;-1.5138277;-1.1809058;-0.083288975;-1.1388369;-1.8198178;-2.3363633;-1.2636474;-0.6052841;-0.35708478;-0.01611916;-0.23890406;-2.9458888;-1.6441456;-0.27984667
-1.2672312;-1.0815194;-0.54365796;-0.4783464;-0.8461978;-1.8992871;-0.84687954;0.9374159;-0.9546767;1.0209289;-1.2661364;-1.1851199;-0.7490658;-0.5800419;-0.645276;-0.6548252;-0.54134226;-0.20790987;-0.14068623;-0.31490752;-0.17957507;0.057814106;1.6811166;1.292427;0.05215032;-0.062432863;1.087992;1.2898599;1.6898128;1.7811996;2.0150888;2.157607;2.1979861;2.3380425;2.120708;2.214313;-0.45098785;-0.29238245;-0.22202058;0.47425482;2.1742015;2.3458166;-0.82987493;1.4001225;2.2145612;2.5558612;-1.0351546;-0.5220923;0.5502083;1.2905306;-0.4984013;-1.5838083;0.67047596;0.010284067;0.34785917;0.9802356;-0.8380363;0.50201666;0.48098636;-0.10466023;-1.1846519;0.31743416;2.0147696;1.1575437;-1.0651205
1.1389128;0.9362844;-0.43192625;-0.4064192;-0.3545671;0.61943126;2.5927024;3.9843762;2.577242;-0.2989364;-0.3071809;-0.33019492;0.254332;0.111648664;0.12441781;0.48218843;2.500475;4.9864764;3.2482746;3.3608713;2.626577;3.6810474;3.9438543;3.847403;5.300743;3.571217;4.380969;5.811766;2.3269832;2.3180614;2.6475217;1.3872422;1.8121259;2.2058172;2.121936;1.3034195;0.00979006;1.0905142;0.37055698;0.04481426;-0.1749978;-0.19008048;0.8213406;0.01123423;-0.7817504;-0.4128216;-0.47475725;-0.40691608;-2.7430675;0.13128282;3.1178532;-0.18698812;-1.820116;-1.3268726;-0.311247;-1.5664301;0.84238607;0.69964045;0.1220555;0.10284668;-2.38546;-1.3811862;-0.48473823;0.9339222;-1.2604764
0.54340136;0.5808413;-0.34749573;-0.30056432;0.13899724;0.6087659;-0.14282262;2.1782253;0.07094617;-0.51436895;-0.0060672676;1.4815441;2.2262971;3.3316555;2.683106;3.843434;3.7644157;1.3626194;2.0753524;1.9535381;1.7469573;2.7287147;2.8465388;1.7557085;0.74259174;0.7285607;0.7114722;1.2182459;1.0308586;0.7847218;1.0249696;0.69995165;0.1643882;-0.021482354;-0.179716;-0.07939639;-0.14476317;-0.2739883;-0.35164696;-0.37161273;-0.39463842;-0.5070673;0.1326056;-0.47002047;-0.48666275;-0.48198834;-0.63671386;-0.36007398;0.19472751;-0.46102762;-0.20568876;1.7429466;-0.27637526;-0.3138235;-0.23974502;0.5327643;-0.830038;-0.5386698;0.7993869;0.19700748;-1.2895901;-0.8112343;-0.0016935137;-1.2835088;-0.9053285
-0.6947181;-0.05744222;-0.54365796;-0.27734917;0.052579917;0.70943195;-1.1768069;-0.60640484;-0.9875955;-0.4352862;-0.06608415;0.009548515;-0.25208712;-0.6332283;-0.73910016;-0.58725536;-0.5978281;-0.64490557;-0.5328942;-0.4047141;-0.38087067;-0.37560242;-0.27893126;-0.37058523;-0.38412526;-0.5822448;-0.5008206;-0.6010666;-0.6332237;-0.2353837;-0.4170693;-0.20532194;-0.25910628;-0.27115524;-0.30900156;-0.3558492;-0.45225778;-0.29347807;-0.53682745;-0.5537995;-0.614279;-0.71347755;-0.8676176;-0.6711245;-1.0547775;-0.39990035;1.0593076;0.1807522;0.55044043;-0.79269135;-0.49979317;-0.3038144;0.9013283;1.1303461;1.3536041;1.49403;1.538489;0.4662627;0.8619682;-0.1075902;-0.20160483;0.22110572;-0.3829851;-0.2760904;-0.12944059
-0.008949304;0.51389307;-0.082707465;-0.22542807;-0.19193763;0.51969635;-0.1649146;1.4277775;-0.3078969;-0.14077067;0.41961953;-0.29932836;-0.3467666;-0.50678223;-0.4330806;-0.51630914;-0.38737148;-0.42527896;-0.35567746;-0.46645364;-0.5152561;-0.24582264;-0.2828634;-0.45595473;-0.6474869;-0.36418566;-0.22709101;0.40544686;1.5124731;3.3130188;7.5382276;8.170138;4.2697473;2.747623;3.3224585;5.318841;-0.36724988;-0.28409183;-0.46275526;-0.42366615;0.4361762;1.0631244;-0.3944919;0.27207926;0.5336689;1.3002396;-0.76422083;-0.4961541;0.43046075;0.16080841;-0.4071232;-1.5694225;2.3100235;1.6240376;0.8182001;0.6187104;-1.8285391;-0.7017424;0.7877404;1.1436849;0.23477574;-0.57486784;0.551951;1.7990776;0.40339354
1.7319835;0.41973048;-0.3473379;-0.25002748;0.10008675;0.4804693;-0.30492043;-0.84727466;-0.5247913;-0.19531055;-0.1709546;-0.26822057;-0.58279496;-0.645708;-0.65407383;-0.5763328;-0.63316953;-0.70013976;-0.649504;-0.64270556;-0.71994764;-0.44836774;-0.49679914;-0.28846434;-0.5556793;-0.6504473;-0.71171695;-0.57605493;-0.37018102;-0.6427265;-0.8899102;-0.9515964;-0.82776076;-0.5814766;-0.7201754;-0.672327;-0.37898344;-0.2779201;-0.22202058;-0.16339923;-0.2895929;-0.41123402;-0.5439447;-0.28213525;-0.43687892;-0.37870255;-0.3053997;-0.36946973;0.4777922;-0.23389262;-0.42821327;-0.32952458;-0.65934235;-0.38551915;-0.83779997;-0.57881975;-1.8371168;-1.0584817;0.40208057;0.30445048;-2.6385357;-0.49866465;-1.1804322;-0.51256746;0.6919966
-0.36020836;0.23956339;-0.48521498;-0.46996385;-0.2530964;0.7828387;-0.5636796;-0.5121705;-0.33932114;-0.7379826;-0.015944798;-0.12843658;0.07926462;0.2886757;0.025243167;-0.5038129;-0.72198075;-0.7195866;-0.580451;-0.60052156;-0.5504791;-0.7041973;-0.71138805;-0.4595142;0.33711;0.20562418;-0.08719611;0.003425642;-0.66019833;-0.678484;-0.50676763;-0.2897186;-0.54597527;-0.54327786;-0.2608814;-0.14033031;-0.30769825;-0.28758547;-0.4072011;-0.3976394;-0.49013427;-0.61027247;-0.65505105;-0.5611658;-0.2951796;-0.47659588;0.28109586;0.07788885;0.39713833;-0.6006106;-0.44560802;0.88190275;0.6520224;1.2406174;2.3059027;-1.3739794;-0.8085774;0.7847006;-1.5913509;-0.10585345;1.2448641;0.041070063;0.48488158;0.22374235;1.0489299
0.4185334;0.7002432;-0.42681602;-0.38573945;-0.6950595;0.6129763;2.6205573;1.0852088;2.0660577;0.30372977;0.39747852;0.42253914;0.012179955;1.4486525;0.79335004;-0.020377265;-0.23778719;-0.18664417;-0.20479834;-0.03046313;-0.21651949;-0.12771527;0.6626878;1.9950964;2.3327887;1.9571465;-0.24636541;1.4414523;1.2079271;-0.20765813;0.9376393;2.1775334;1.5069567;1.3834423;2.2222395;2.1197484;1.5074309;3.632429;-0.1294303;0.46124092;0.5698702;0.2964579;1.7985204;0.36982614;0.38437364;0.18355326;-0.7796429;-0.49066883;-1.6259435;0.33915132;2.1723778;-1.1656199;-0.41716117;-0.23584215;2.1824477;-0.8309044;-3.1703246;-0.6930887;-0.20199151;-1.1587043;-0.5830359;1.071558;1.9147916;-2.2218988;2.205052
0.037809633;0.5534698;1.4946247;1.5810093;2.5190783;0.42900997;-0.17384616;-0.6804863;0.3492555;-0.6207217;-0.67714363;-0.67168933;-0.3335086;-0.24217312;-0.3127849;-0.47209227;-0.43483782;-0.29916635;-0.28639898;-0.32575607;-0.24348293;-0.2952587;-0.41183645;-0.55402845;-0.6024711;-0.7422046;-0.96087676;-0.70213133;-0.76750976;-0.74397;-0.41268703;-0.48420858;-0.48275548;-0.55725074;-0.49091876;-0.4252443;0.17923169;-0.28394273;-0.37016493;-0.345586;-0.45193595;-0.58815706;0.4357744;-0.5371959;-0.5091854;-0.4914458;0.37710387;0.38985306;-0.026194248;-0.5520526;-0.005130741;1.3604864;0.61488986;0.27759668;0.2947512;0.44498387;0.3247864;-1.2193698;-0.42404592;0.47198808;0.05177333;0.83885306;0.28938392;0.19355959;0.94876266
-0.304408;0.47743884;0.09640558;-0.31851843;1.4032235;0.59891504;-0.966996;0.10336554;-0.6348703;-0.79252243;2.3231497;3.510898;3.2691553;1.0055867;0.22226515;0.54063046;0.076168135;-0.0697952;-0.25051448;-0.29707062;-0.092961274;-0.07889481;-0.25814426;-0.300642;0.027515152;0.25692102;0.14109477;-0.24807833;0.049149673;0.13400649;7.6186686E-4;-0.20247993;-0.31087008;-0.1809715;-0.22785963;-0.31374094;-0.4383374;-0.29335243;-0.46275526;-0.5017462;-0.5760806;-0.69136214;-0.63515687;-0.663455;-1.098076;-0.4966291;3.9849062;4.0401583;0.4976451;-0.756597;-0.48399946;0.44648835;1.4472103;1.6658212;1.5056195;0.98881507;1.0318863;-0.12524687;-0.67342514;-0.4604333;0.4361926;-0.27771312;-0.73166037;0.6399268;-0.060300108
3.2694361;0.4262079;-0.011618395;-0.22764362;-0.17005111;0.558633;1.3106959;8.755617;1.8038015;-0.48982605;0.5470452;1.0975424;1.286385;7.410617;12.120694;5.8251486;6.270194;15.3321;17.96868;9.876087;13.1702385;8.190105;6.651728;3.76306;3.4807432;3.0888267;1.9252137;2.7340112;2.8790953;4.3942065;4.9575205;4.4907665;3.0464542;2.3830206;2.9336061;3.7871785;2.142369;-0.03635583;-0.07387615;-0.22846593;-0.30869204;-0.36700326;1.8011775;-0.28982922;-1.1371263;-0.4254212;0.56049794;0.008454236;-1.5689718;-0.20559181;1.7368028;-0.06956081;-0.6161363;-1.7922354;-1.7751172;0.2413648;-0.7121349;-1.9389629;-0.55825067;-0.6712348;0.46346143;0.25112808;2.3421814;1.959511;0.3513354
2.1116214;1.2317005;-0.46638408;-0.4169061;-0.5379373;0.66525453;3.0430858;1.7243292;2.8451571;-0.25257745;-0.14756769;-0.26080623;-0.5210831;-0.51040405;-0.39760384;-0.5812421;0.745006;1.1037036;0.18688095;0.006437717;-0.20181327;0.6945346;1.1155269;4.1088214;3.8293564;2.7099283;3.0503888;4.3237753;1.4769635;0.6214554;0.6182253;0.8822396;1.6784408;0.29374492;0.8175312;0.73974484;-0.39940277;2.7150166;0.31500283;0.04481426;-0.10815067;0.22274034;1.7137284;0.16704357;-0.74461395;-0.29804042;-0.77017844;-0.49317285;-2.8270588;0.24546269;3.302672;-1.2828563;-2.4101207;-1.0616263;-0.11421259;-0.68508434;0.93088794;1.965123;-0.7319653;0.29124904;-1.68433;-2.147112;1.6809208;-0.5595837;3.6531172
0.9027298;-0.970019;-0.54365796;-0.4783464;2.403724;0.37447447;1.695125;-0.3542893;0.5688794;3.0498135;-0.2518767;-0.27547404;-0.2710232;-0.27142555;-0.2816658;-0.29611284;-0.2985719;-0.28604373;-0.2809316;-0.28044543;-0.27879256;-0.275599;-0.27297556;-0.2639342;-0.26004472;-0.26340774;-0.25366732;-0.24190818;-0.2367143;-0.2325582;-0.22641623;-0.22242296;-0.2161275;-0.2123272;-0.21135813;-0.21060233;-0.4024828;0.5217365;3.5186253;3.8447106;3.196008;4.1150465;0.20925605;3.89338;3.0179608;3.4947386;-1.1026055;-0.5212937;0.60167956;3.8521073;-0.061273087;-2.248547;-0.94166684;0.21137288;-0.61205876;-0.28555757;0.3561412;-0.44677037;-0.41206956;-0.24442182;-0.21895948;-0.21790849;0.3361125;0.48893222;-0.010786334
-1.2672312;-0.6391275;-0.54365796;-0.4783464;-0.8461978;-1.8992871;1.3509923;-0.3542893;1.5773612;0.017394973;-0.2518767;-0.27547404;-0.2710232;-0.27142555;-0.2816658;-0.29611284;-0.2985719;-0.28604373;-0.2809316;-0.28044543;-0.27879256;-0.275599;-0.27297556;-0.2639342;-0.26004472;-0.26340774;-0.25366732;-0.24190818;-0.2367143;-0.2325582;-0.22641623;-0.22242296;-0.2161275;-0.2123272;-0.21135813;-0.21060233;1.6138425;0.11917685;-0.24053867;-0.28051934;-0.39463842;-0.27117008;2.7199802;-0.1734525;0.11109427;0.19582905;-0.36632472;-0.42004237;-1.206044;-0.16142926;0.63367426;-0.4915134;0.53434217;0.44791678;0.7499454;-1.9491425;-1.2812309;0.600892;-1.1966474;-0.71997994;-0.37814504;0.6004183;0.19487254;-1.6597348;-0.68304265
2.767604;-0.16668457;2.9532514;-0.4783464;0.9715876;-0.41355363;-0.8318389;-0.76454246;-0.91631675;1.230908;-0.60377187;-0.19133496;-0.1549152;-0.8407838;-0.68838096;-0.46776927;-0.6422448;-0.76286846;-0.79967564;-0.9105996;-0.89844894;-0.8790515;-0.89994454;-0.8487612;-0.90904313;-0.72577167;-0.7255149;-0.5500539;-0.3802825;-0.43702832;-0.8289251;-0.660847;-0.17607799;0.57307804;1.1834946;1.6215649;-0.4481375;-0.2922716;-0.14794838;-0.18942593;1.73492;3.4589567;-0.77347505;1.4308488;1.4749047;4.0476;-0.9932098;-0.5219923;0.5488626;1.4958365;-0.49627328;-1.6432418;0.3237739;-0.26895317;-0.7523555;-1.657413;-0.48635525;-1.5662233;0.096013054;-0.0855044;-0.99342775;0.22780634;-0.097296245;0.4653184;1.032589
-1.2672312;-0.95809996;-0.54365796;-0.4783464;-0.8461978;-1.8992871;-0.88951576;-1.0170228;-0.9023387;2.8780127;-0.36180073;-0.31471547;-0.838219;-0.85298896;-0.5308783;-0.62073416;-0.68592733;-0.75843424;-0.7764771;-0.7977679;-0.7995424;-0.874978;-0.9220705;-0.9398536;-1.0501584;-1.0981708;-1.1384425;-1.0314795;-0.70162773;-0.73326164;-0.70088327;-0.5111432;-0.39291495;-0.27846998;0.092168614;0.2437113;-0.44884413;-0.29255965;0.09278625;0.39617455;5.4210625;4.358313;-0.73483586;3.358478;2.0504065;8.081383;-1.1365952;-0.52616656;0.5504474;3.6567266;-0.49615216;-0.7228642;0.3088559;-1.1416514;0.7521398;-0.28430358;0.89404637;0.054542296;0.5608608;0.7945743;1.3713837;0.64013565;0.012760644;-1.6127266;-1.008727
-0.06352283;0.031094657;-0.25846884;-0.20928648;-0.24687596;0.64840275;0.15402511;1.270581;-0.19169207;-0.2853014;-0.09035188;0.008404793;0.03696321;-0.18341619;0.12271399;0.71518517;1.2758904;0.94029087;0.8081625;0.69046307;0.44086516;0.37334722;0.9836765;1.3184234;0.93023807;1.1622337;2.6488585;2.9726224;1.2199278;0.6627556;1.2344321;0.8687976;0.6883018;0.33507633;-0.2699297;-0.27381504;-0.22373547;-0.23134531;0.018714055;-0.16339923;-0.3182417;-0.2785416;-0.04877791;-0.16561277;-0.27946267;-0.34656748;-0.57911336;-0.46263957;0.36606663;-0.10199393;-0.34046084;-0.21174166;-0.9176758;0.40211102;-0.833373;-0.9661635;-1.019982;0.8073645;0.38928354;1.6887132;-0.08502381;-0.21490274;1.6256868;-0.4241247;-1.6040071
-0.10852692;0.6578661;-0.4310025;-0.07254901;-0.7509296;0.7341603;0.63924956;0.5673997;1.1630924;-0.4161971;-0.24782422;-0.08806974;-0.16339877;-0.31040183;0.19190094;1.3438532;2.303324;2.8331785;2.1922913;1.1108283;-0.35123333;-0.13404442;-0.010387793;0.3432219;0.54967666;0.14332421;-0.048019275;0.23158738;-0.22147028;-0.3585721;-0.24183854;-0.29219392;-0.42496082;-0.15411992;-0.14214776;-0.41012782;0.5752701;-0.24137357;1.9596695E-4;-0.1373725;-0.28004327;-0.42597765;0.24725738;-0.32606757;-0.0145666385;-0.4836923;-0.827405;-0.35280624;-0.7894095;-0.2472369;0.48517075;1.5344473;0.1612142;-0.31396353;-1.1974978;-0.9360955;1.5674248;1.6624045;1.3089944;0.1327585;-0.62510186;0.67710817;0.7367353;0.07623264;-1.1566383
0.85936844;0.8059994;0.3285339;0.8833129;0.14605208;0.6363197;3.0364058;5.5213;3.8180723;-0.10531979;1.3443387;7.8074136;6.027529;4.4806643;4.049827;2.426954;5.0048547;4.179126;2.7785215;4.048816;4.671943;4.443404;6.932075;6.716213;2.6073363;1.6690961;1.9935406;2.6114206;4.551482;3.460468;4.417859;4.420567;3.6389527;3.9232273;3.9606478;4.424598;5.264865;2.5696073;-0.1849844;-0.25449267;-0.13679944;-0.20482406;3.235323;-0.24283518;-0.1150065;-0.37265867;-0.3691512;-0.33872885;-5.3724732;-0.20643008;5.712602;0.21895614;-0.61035687;-0.7447404;0.04630182;0.1085354;-2.130365;-1.4397055;0.9529211;-0.7340749;-1.7662793;-0.7915468;0.37266976;-1.9693708;-1.343625
-1.2672312;-0.627965;-0.54365796;-0.4783464;-0.8461978;-1.8992871;-1.0634613;-1.056527;-0.9824539;0.09920463;-1.4226353;-1.1567466;-0.9801895;-1.0023062;-0.89947003;-0.8624087;-0.80119056;-0.7499334;-0.9042;-0.8702442;-0.8796026;-0.74922585;-0.7049414;-0.7264668;-0.9278868;-0.87769634;-0.9079628;-0.8584268;-0.8887426;-0.7509798;-0.62431514;-0.5222306;-0.16519202;-0.3447279;-0.6190784;-0.47917512;-0.45199695;-0.2933521;-0.51830935;-0.48873284;-0.44238636;-0.11636236;-0.8879142;-0.28710747;0.45067424;0.28293756;-0.39033607;-0.42814913;0.55066526;-0.36917987;-0.49970904;-0.7513786;0.76234025;0.20465559;0.7038109;0.7480547;0.6403887;0.7984376;0.6934106;0.90235436;-0.113878906;0.059215087;0.16807796;-0.3594596;-0.49528015
1.5734677;-0.19290636;-0.54365796;-0.4783464;0.7313719;-0.37899435;0.58132225;0.578028;0.28867435;-0.2607584;0.019538814;-0.32602906;0.017224064;-0.051852953;-0.13365339;0.002778341;-0.051375616;-0.09824721;0.041538052;0.32767245;1.6721019;2.0975347;1.3241374;0.9504442;1.6495991;3.0608995;1.4486122;-0.43548098;-0.6302235;-0.63244945;-0.5299344;-0.60164654;-0.5713591;-0.3741226;-0.2822295;-0.3886594;-0.24404925;-0.04028919;0.12982234;-0.046279203;-0.13679944;-0.24168283;0.59621453;-0.11150644;0.647692;-0.42107576;-0.43493128;-0.36549658;0.16980934;-0.007145166;-0.22470866;0.81837225;-1.0593989;-1.5885763;0.25398135;-1.0652419;1.5882527;0.85764146;-1.6806061;0.5176456;0.53626406;-0.18105364;-1.9242991;1.6635836;0.24007037
0.15785854;0.7364117;0.16804342;0.35226098;0.29212603;0.64766026;0.25080347;-0.3031101;1.477988;-0.544366;0.00157446;-0.18458061;-0.06776579;-0.1996821;-0.042879034;-0.1042787;-0.013983559;0.293017;0.043354426;-0.5818682;-0.6358539;-0.3040537;-0.05065824;0.041334506;-0.12105008;-0.25239232;-0.58457446;-0.17310114;-0.19272962;-0.34679687;-0.3876102;-0.37715283;-0.26087937;-0.44779432;-0.49219552;-0.31335977;2.124528;-0.28900984;-0.14794838;-0.26750597;-0.4137376;-0.5734135;1.0445945;-0.43948284;-0.9893263;-0.50004506;1.4864713;2.2914753;-1.1829268;-0.39339453;1.0717107;1.507406;1.1850162;-0.51007015;-1.628088;-0.6329616;-0.33032218;-0.4543131;-0.23656484;-0.52396125;-0.55501014;0.37798402;1.503672;0.92090875;-0.44730636
-1.2672312;-1.2786145;-0.54365796;-0.4783464;-0.8461978;-1.8992871;1.4236053;0.8958192;0.39732516;2.3298867;-0.62844354;-0.60968643;-0.56382257;-0.51141334;-0.50661296;-0.4574539;-0.47701716;-0.60574585;-0.5521577;-0.4126229;-0.45152995;-0.37043664;-0.42654335;-0.49225095;-0.5672171;-0.1486419;-0.061035544;0.33153826;0.25539947;1.7432442;3.1370997;5.189745;5.570158;4.693187;3.7630086;2.9749265;-0.3826602;-0.11328309;3.6852872;3.6495104;2.7758262;2.0951755;1.2000067;3.227856;2.2149339;0.62244946;-1.2807926;-0.5151145;0.44089857;2.8439872;-0.16153134;-2.9405444;0.4766097;-0.20227556;-1.4845543;0.08490455;-1.3843237;0.1316432;-1.3095423;-0.81889516;-0.01023706;-0.2918478;0.4309587;0.27179733;0.6649346
-0.606411;-0.042789903;1.1079385;1.1531806;1.1128533;0.4925744;-0.70172995;2.3090491;-0.7256668;-0.44619414;1.1202383;1.311291;1.1811824;2.0551014;4.995088;5.08546;3.6202364;2.6089206;3.300318;4.678676;2.8730862;1.0107923;0.29901916;0.5517555;1.8599991;1.8382586;0.005406118;0.6752566;1.0183241;1.1125212;0.34123313;-0.10205746;-0.032008898;-0.042368155;-0.20976876;-0.2788737;-0.41265202;-0.28791955;1.9596695E-4;-0.16339923;-0.3182417;-0.48495194;-0.63666385;-0.32708976;-0.092296824;-0.48473835;-0.55114;-0.2778327;0.5163378;-0.2467406;-0.4811863;1.3512166;0.1315288;-0.85195225;-1.2983142;0.25994614;1.0446702;0.5323957;-0.085777774;-0.53064215;1.5467094;2.4655027;-1.723781;-1.5073749;0.3530375
1.0197264;0.09649397;0.41438797;0.1630108;0.7575719;0.50842327;3.0534391;-0.097422495;2.621759;0.09920463;0.103590176;-0.10104594;-0.44603077;-0.74083567;-0.20538026;-0.26693663;-0.5206932;0.19903478;0.19140778;0.71091425;0.2011441;0.5436547;0.74478424;0.23265664;-0.006966697;0.3128881;-0.22784556;-0.58644825;-0.34610313;-0.26961762;-0.4965626;-0.55141026;-0.3654704;-0.23986553;-0.42990056;-0.53740954;0.18028772;7.3645315;0.50018334;0.37014785;0.3120316;0.031073296;2.6286407;0.29567432;1.0457956;-0.4118331;-0.9508965;-0.47102705;-2.2857761;0.3952494;1.653147;0.025119124;-2.1422153;-1.6687497;0.2962481;0.77724254;-0.15231147;-0.044515803;0.1498413;0.14212778;-0.107137874;0.167402;-0.38826513;1.2296276;-0.33464608
0.40631583;0.54537964;-0.3625755;-0.17945321;-0.6480295;0.8755291;-0.0053331694;-0.44161227;0.46564332;-0.56072783;0.27525407;0.5603032;-0.0015082074;0.976184;0.30798382;-0.40992537;-0.53009534;-0.4272658;-0.26275393;-0.2705506;-0.56298745;-0.6393509;-0.39420342;-0.547233;-0.56936437;-0.28325;-0.067971155;0.029912978;-0.16613786;-0.7274759;-0.6447943;-0.35310474;-0.40394333;-0.3402111;-0.49316198;-0.42813313;0.24160019;-0.27785563;-0.35164696;-0.33257273;-0.46148553;-0.61027247;-0.56286913;-0.51511365;-1.2039208;-0.48618472;0.71044195;0.23102261;-0.0963985;-0.51927304;0.10057793;0.61898726;0.22352442;1.0187088;0.3108929;-0.39254373;0.02455894;-0.97868186;-2.107723;-0.2797639;-1.6059853;0.408352;1.9210788;0.079197675;-0.017075747
0.25457183;0.7089353;-0.38561273;-0.39252877;-0.45970583;0.6177597;2.3255916;0.51609564;1.3207077;0.40190172;-0.27828264;-0.33307943;-0.20370387;-0.119931184;0.13428362;0.08274015;-0.294465;-0.048746895;-0.24421905;-0.6862063;-0.7209729;-0.59082633;-0.041721694;1.1083219;1.2162069;1.8933393;1.4126729;1.5529432;1.356651;0.3724751;0.4328966;0.5625829;0.07201215;0.2830005;0.42747015;0.5114358;0.79841447;1.7283726;-0.018322004;-0.16339923;0.6176185;0.45126566;0.5698388;0.3935517;0.5152906;0.16061926;-0.79150975;-0.49008623;-0.70588684;0.34661764;0.94389147;-1.0645317;-0.78888303;1.0018846;-0.077606946;-2.2537863;-1.1170999;-0.40092614;1.2752067;-0.2546582;-0.4625601;1.0903713;0.896742;-0.88882434;0.39617398
0.334866;0.8342837;-0.31011373;-0.22313361;-0.18274648;0.5675166;0.4554852;1.5395511;-0.3648519;0.26282474;0.38295767;0.3265076;-0.0076955613;0.45816523;0.23185934;0.5491541;1.0990589;1.8081632;1.1603255;1.4880106;1.3952008;1.4471822;2.1781952;2.5063834;1.9448693;1.7582021;1.5316501;0.9276819;0.99824876;0.98159665;1.0257497;0.25610802;-0.20882635;-0.60573643;0.29124022;0.73448867;-0.4371933;-0.08388478;0.2964847;0.6304144;0.66536623;0.50286794;-0.51888996;0.57343006;0.9631454;-0.11261918;-1.0173434;-0.5171377;0.44906843;0.53717256;-0.3720412;-0.9310102;-2.0369692;0.30858472;-1.0830032;-0.78389406;-0.31532052;0.94258773;2.8242576;-2.1899455;1.1261754;-1.5340168;0.5171386;0.25844857;-0.26236853
0.71470106;0.06593431;-0.4444614;-0.35036734;0.107749134;0.61335486;1.9519256;0.6255185;1.3277026;-0.26348543;-0.5382694;1.1183996;0.82115966;0.08179272;0.67473364;0.37177873;0.8405215;0.42309228;0.7598224;0.005434464;-0.2806978;-0.060307864;1.276446;2.3623254;1.8567812;1.3305806;-0.16834137;-0.24732101;-0.25568038;-0.13818243;0.14812993;0.38404885;0.3390203;-0.23313515;-0.4736629;-0.38576257;0.35833398;1.6289091;-0.05535818;-0.033265803;0.4266263;0.112163454;0.99047554;0.062220965;0.70202047;-0.3028772;-1.0253092;-0.5123295;-0.99352044;0.09832646;0.7890349;0.50452137;-1.6331278;-0.32425967;0.086655214;-0.29906547;-2.4475343;0.7946749;1.1180345;-1.6202325;-1.6384194;-1.2412131;-0.07056047;-1.6297277;-0.7532919
-1.2672312;-0.44594955;-0.54365796;-0.4783464;-0.8461978;-1.0823064;3.180605;5.493357;3.3297756;0.64733076;1.4611406;1.4678328;3.4817073;1.5823821;0.9040989;2.3182447;2.9683669;2.4978452;2.3972049;3.0793464;2.816377;2.001824;4.049434;8.307262;8.930353;5.3854623;4.610978;5.145907;5.324219;6.622376;4.671216;3.9976604;3.1878493;3.2501707;2.590408;1.7792916;1.2657992;2.1200626;0.09278625;-0.0072391704;-0.16544822;-0.07950359;4.449808;-0.06667889;0.028389016;-0.37329167;-0.46533048;-0.35559404;-4.574676;0.018639222;3.222965;0.0141705815;-1.1915853;-0.5043248;-0.3287468;0.09258991;-0.6502949;1.4467413;1.2502121;-1.0924681;-3.066702;-1.4319669;-0.5465101;-0.1688569;-0.19669424
-1.2672312;-0.9857208;-0.54365796;-0.4783464;-0.8461978;-1.8992871;-1.1883137;-1.1924855;-1.0347543;1.5745089;-0.9864274;-1.0527359;-0.96436673;-0.9307101;-0.86389184;-0.8149925;-0.7815069;-0.7557218;-0.7245865;-0.8273575;-1.0142558;-0.9357036;-0.82351345;-0.76473206;-0.84838945;-0.8729447;-0.92987347;-0.9732059;-1.0970072;-1.1075767;-0.982217;-0.8605672;-0.73870367;-0.65143156;-0.71721935;-0.77814925;-0.45234454;-0.29342914;-0.27757472;0.29206756;0.52212244;0.5470988;-0.9228737;0.4458733;1.145324;0.5760985;-0.7667861;-0.49222195;0.55166495;0.30641901;-0.49997163;-1.1738793;0.026201522;0.5397116;0.27391738;-0.26777968;0.9286716;1.4332379;-0.2003639;-0.014548036;0.7509296;0.45261794;0.68726796;0.5173546;-0.77551365
0.37205288;0.38689002;-0.16852021;0.36969274;0.047172528;0.6043239;0.4768068;0.43859357;0.4987566;-0.28257445;0.21886635;0.58033323;0.38168177;1.4639362;0.8185361;0.6298863;0.027596727;0.10222195;0.062031064;0.11837843;0.27213413;0.38461906;0.26828173;0.11606668;-0.08787361;0.7132692;1.089043;0.78222257;-0.1358258;-0.18395221;0.39552802;0.91718495;0.16912839;-0.32602525;0.017017478;-0.23221046;0.23013528;-0.2211304;-0.25905663;-0.345586;-0.46148553;-0.5734135;0.1726148;-0.39663264;-0.7115438;-0.30788177;-0.3208863;-0.41315877;-0.06708107;-0.4155015;0.048057556;-0.42342654;0.40344447;1.3005;-0.22243768;-0.05371619;-0.99291366;-0.2690134;-2.2065954;0.36952928;0.83795357;-0.87368536;1.8530707;-0.070016414;-1.1341946
-0.16572319;0.6192578;-0.19164355;0.68794256;-0.10496447;0.70652145;0.16495614;6.424645;-0.009719043;-0.47346404;7.5276766;6.3298326;4.520375;4.5394034;4.5409713;7.2805877;9.409721;8.059333;5.927549;5.660472;5.40117;6.0673504;10.119066;7.990546;5.047999;5.2720284;2.231481;2.0069435;2.6180546;2.5418048;0.71327925;1.0025238;0.8112639;1.0333784;0.5397728;0.23273543;-0.34187022;-0.22625323;-0.46275526;-0.33257273;-0.28004327;-0.43334946;-0.42507294;-0.39784276;0.30208516;-0.41550064;-0.7718188;-0.46616417;0.25486615;-0.40386;-0.3313872;1.4625903;-1.1170974;0.3971464;0.7386556;0.2685774;0.12321001;1.8767852;1.7367367;0.3058816;-0.22003873;0.0191384;-0.3362485;0.92996466;-0.066131115
3.0621583;0.5463161;-0.3884221;-0.36434838;-0.45666784;0.6719244;1.7196889;2.1842184;2.5653908;-0.38892725;-0.75907785;-1.0673624;-0.89057744;-0.56101304;1.0440955;1.6358012;-0.17471884;-0.27396885;2.1320095;3.433922;1.087769;4.49745;2.1028206;1.4583492;1.4636579;2.0193405;1.581165;1.8728808;1.1729206;1.4753212;1.2755815;1.5826477;2.3807635;2.9862895;3.0252824;1.2289566;3.6439009;2.182664;1.9596695E-4;-0.059292436;-0.26094413;-0.34488788;1.6949253;-0.20073731;-1.190716;-0.4458908;0.26528803;-0.05450327;-2.9031234;-0.097015694;3.1508756;-0.39921138;-1.2583888;-2.4976938;-0.77482146;-1.1638889;-0.11715674;-1.280867;-1.4542307;1.919521;0.63127816;2.496814;3.243302;2.1510127;-1.4217707
1.931673;0.745405;1.5473794;1.4452624;0.34057707;0.3432833;1.446214;0.83419025;1.6718134;0.7155054;-0.5931019;-0.5231799;-0.572611;-0.47196457;-0.5021738;-0.41090626;-0.38634166;-0.26763672;-0.088365704;-0.25279775;-0.3300379;-0.43724647;-0.458286;-0.042777065;-0.2396886;0.12593843;0.87301767;1.2390418;1.985628;2.485448;3.5495558;2.5210416;2.2766914;2.0411346;1.5788124;2.3997653;1.6247045;-0.120307125;2.7038305;1.8406557;2.7949255;2.44165;3.3156996;2.4766235;0.80166245;2.114419;-0.82167196;-0.46963984;-0.6382479;2.5957747;1.1352487;-1.8724098;0.62441653;-0.64903545;-0.61475164;-0.7238347;-0.38191938;-1.8417593;-0.83467907;-1.551393;-1.1308047;-1.1631848;-0.29050657;-0.41886958;0.6934203
0.5275755;0.33731693;-0.41066763;-0.36463374;-0.47076142;0.88393146;0.606654;0.26804438;1.6912156;-0.6698077;-0.20435637;1.0720155;0.69516903;1.5389386;1.3538091;0.3341036;0.8398985;1.4684811;2.420078;1.848739;0.19904995;-0.39601663;-0.4024921;-0.4657912;-0.6566313;-0.75787216;-0.39830232;-0.4309412;-0.42616266;0.14854553;-0.070409596;-0.31213588;-0.6194746;-0.57659847;-0.44241434;0.025506858;2.2525206;-0.22902842;-0.1294303;-0.28051934;-0.42328718;-0.4702084;0.78881574;-0.41660115;-0.84994864;-0.4935489;-0.34473777;-0.038708407;-1.6517693;-0.3666451;1.6707801;1.9233811;0.38602626;-1.3573028;-1.8206596;-0.42918932;0.6428147;-1.5911441;-0.12141561;-2.635264;-0.19495898;-1.0288417;1.2593045;0.03089194;-0.93107563
-1.2672312;-0.6999602;-0.54365796;-0.4783464;-0.8461978;-1.120874;-0.22623855;0.2255824;-0.55935854;0.93639237;2.882723;4.02733;2.393388;2.4054844;1.2195722;0.40253347;0.45946732;0.13938463;0.038461607;0.07260965;0.20379046;-0.10382823;-0.1319939;-0.021034924;0.23009798;0.30293655;0.29256672;0.19862148;0.023982067;-0.21161024;-0.29373217;-0.47345492;-0.6894333;-0.80044407;-0.8473237;-0.9047443;-0.43876263;-0.28151312;-0.38868302;1.2420415;2.0691562;2.471137;0.032769103;1.5263152;1.4594374;2.90768;-1.0434653;-0.52141005;0.5209328;1.4186053;-0.4729859;-1.8109387;0.96635973;0.37569055;0.89518565;0.6740678;0.34707472;0.48797238;-1.3893205;-0.66788775;0.1556539;-0.2651265;-0.22946095;-0.15238562;-0.58927345
-0.20885393;0.1869439;-0.0023587623;0.10346543;0.37041086;0.6782182;-0.3637256;2.8876812;-0.106333464;-0.6179948;11.127208;10.195175;8.129744;6.1077213;7.604355;5.8749647;3.8361156;2.2612054;3.5031805;1.9711494;0.33198762;0.7986749;0.5559225;0.47909406;0.6730271;0.9474828;0.95119166;2.5946736;2.1783555;1.0283626;1.1734302;0.54521626;-0.23582992;0.21973018;0.8967171;0.57175833;-0.20637834;-0.2913252;-0.46275526;-0.3976394;-0.404188;-0.5660417;-0.4187681;-0.5340184;-0.24803098;-0.47532943;0.6786582;0.26427397;0.27290186;-0.55349845;-0.34504595;0.8127874;1.618959;0.8476944;-1.335791;-0.53554773;1.7440641;-0.7516117;0.9679856;0.064425305;0.3830909;0.5614257;0.9759095;0.9517701;-0.64970624
-0.34343943;0.09623649;0.06926729;-0.044587478;1.8771151;0.6561319;-0.494613;-0.46934682;-0.43286014;-0.46255606;-0.4469109;-0.18328388;-0.082524;0.01731517;-0.04816478;-0.36099866;-0.31630793;-0.11270671;-0.09131979;-0.37699854;-0.5737609;-0.5438748;-0.66738033;-0.5201499;-0.43808883;-0.22763623;-0.3913438;-0.35959443;-0.33484098;-0.29160243;-0.3033005;-0.38768446;-0.28157043;-0.41024405;-0.2909516;-0.5572477;-0.32043597;-0.27595708;-0.20350249;-0.2414793;-0.3755392;-0.48495194;-0.36489487;-0.4164508;-6.874898E-5;-0.48378104;-0.16251987;-0.011141501;0.4266654;-0.37596133;-0.4397218;1.2625049;1.0191389;-0.38295016;-1.4844971;-0.23120365;1.4054056;0.86922324;-0.7044742;0.5812202;-1.608919;2.0152497;1.5035734;1.2033637;-0.3895085
-0.1630759;0.6462684;0.2715464;2.8281007;0.35114345;0.69772726;-0.35236964;1.151759;-0.5645164;-0.46528304;0.6181843;0.47302496;0.30925936;0.44867742;1.4128649;1.3080018;0.25344232;0.4404215;0.46786287;0.5465886;0.45702508;0.68713075;1.006827;1.0298133;0.3615117;0.45286116;1.1670011;1.4775132;1.8795071;2.2366009;0.7669291;0.56202406;0.30437756;0.38049898;1.1498725;0.7110451;-0.3615169;-0.28190556;-0.018322004;-0.20243928;-0.3755392;-0.51443917;-0.7356404;-0.24403386;-0.85443383;-0.32348472;-0.47127727;-0.45686868;0.4884979;-0.19840497;-0.44112056;-0.3185252;-0.21686773;0.65355194;-1.4600506;-0.6109151;0.06170858;-1.9598312;1.8981217;0.72621053;-0.03557297;0.43993852;1.1105956;0.9080077;-1.202412
0.6949005;0.570968;0.19335116;-0.25688303;-0.08808296;0.6698183;0.19299284;0.9581187;0.049931087;-0.61254084;-0.8652045;-0.1115658;0.045303736;-0.29401904;-0.26935032;-0.2534472;0.5590959;1.7894558;1.9088271;1.4027011;0.77657664;0.8078219;0.69523215;1.1975386;0.97321695;0.21914412;0.1713436;0.8467535;0.6598689;0.5729236;0.3997015;0.76669943;1.400573;1.7358514;-0.6751238;-0.45580852;-0.31328052;-0.264936;-0.35164696;-0.44969282;-0.36598969;-0.39649048;-0.35348162;-0.43807772;-0.45054415;-0.40179616;-0.26137775;-0.38395473;0.23381051;-0.4504818;-0.2876141;0.36067414;-0.4080612;0.45568162;-1.6509627;1.0948681;-0.90018815;2.3376043;-1.6341729;-0.5204057;-3.0681026;-0.56171227;-0.44285184;-1.9344354;-0.38376004
1.8710102;-0.13956459;-0.54365796;-0.4783464;0.43839964;0.43269527;2.0616257;2.2956827;2.6591716;-0.33166024;-0.24292071;-0.69728386;-1.2780189E-5;0.15878321;0.9865169;2.4874613;2.4744318;1.0817317;1.6091888;3.9574978;2.5817769;1.8387109;2.7330675;1.982391;3.0147579;2.5918214;0.88483626;1.2954898;1.041327;0.9451289;0.5900232;0.8904088;1.4637822;1.5885762;0.68714505;0.7853371;1.6265397;1.7921941;0.11130438;-0.072305836;-0.20364659;-0.30802888;3.3697019;-0.17125383;0.0164861;-0.46378404;-0.2295679;-0.2288153;-2.551109;-0.055099268;1.9571376;0.5677608;-1.1026659;-1.415423;-0.76583153;-0.61094797;-0.018615745;1.5225489;-0.5020134;-0.19571546;0.7302229;0.60934883;1.1747758;-0.51785606;-0.564489
0.42613003;-0.26339182;-0.54365796;-0.4783464;2.9359508;-0.3139181;0.21422553;-0.64603204;-0.053567953;-0.09441182;-0.13446331;-0.3326852;-0.6339992;-0.6713163;-0.6487593;-0.6220298;-0.6724395;-0.6597838;-0.4854011;-0.5523101;-0.6183583;-0.53112906;-0.5896492;-0.5648988;-0.6328126;-0.6255013;-0.3950364;-0.46445772;-0.7468758;-0.6147634;-0.3725036;0.20368722;0.35293198;0.0092433235;-0.0819483;-0.13581353;-0.07996079;-0.19726025;-0.37016493;-0.38462612;-0.30869204;-0.1458496;0.44019663;-0.24316801;0.38438368;0.09672376;-0.12084593;-0.30787522;0.19131643;-0.2731281;-0.30388397;-0.2643455;0.13902459;0.3840436;0.52160096;0.30947763;-0.22039692;0.43532988;-0.33371112;-0.18530408;-0.25761726;0.37969872;0.23111737;0.28117272;-0.82726556
-1.2672312;-1.708079;-0.54365796;-0.4783464;-0.8461978;-1.8992871;-0.5854206;-0.19386622;-0.78380686;4.5823836;-0.8995898;-0.93658924;-0.67848206;-0.43364468;-0.6275035;-0.5406327;-0.24450655;-0.34401068;-0.61758953;-0.7175791;-0.53124696;-0.33708692;-0.46882242;-0.46134567;-0.17492251;0.0927684;-0.15334657;-0.03151357;0.14866243;0.22857824;0.09550093;-0.06883518;0.17298083;0.75248045;1.6537586;2.0027914;-0.4502706;-0.28949547;5.0926595;5.1590586;4.32286;3.4589567;-0.59617835;4.629175;2.6087415;2.8817139;-1.3152819;-0.519933;0.55535966;4.7780056;-0.4870104;-2.1459098;0.40136775;-0.870664;1.0286216;-0.92043734;0.07643304;0.17372952;1.208716;-0.2805327;-0.6156291;-0.045142468;-0.7061248;-0.6882011;0.15654936
-0.35383332;-0.22123215;2.7107613;4.413806;0.022991512;0.47203654;0.32385373;-0.40726918;0.3280166;0.11829387;-0.54576504;-0.8095351;-0.84368736;-0.2499013;-0.2599665;-0.5249169;-0.55302227;-0.4624418;-0.4560356;-0.5763999;-0.67397445;-0.60538197;-0.6047716;-0.5658834;-0.7918635;-0.711957;-0.3694554;-0.53200144;-0.65284735;-0.043869384;0.102010414;-0.0335548;0.5651438;1.5165634;1.3921608;1.2971696;0.11596616;-0.2620296;-0.11091233;-0.26750597;-0.404188;2.5374832;0.33508742;0.5427475;-0.06610873;3.118356;-0.738722;-0.49899969;0.18219018;0.6486386;-0.13565956;-0.70997536;0.78239715;-1.433924;-1.0214117;0.009782686;-0.72223085;-1.4625809;-1.3955755;-0.893722;-0.280136;-0.17838897;0.95125246;1.0242635;-0.19496402
-1.2672312;-0.473682;-0.54365796;-0.4783464;-0.8461978;-1.1042248;-1.0268558;0.18990426;-0.93719286;-0.33984128;0.12915653;0.33910617;0.6088425;-0.06396476;0.030703647;-0.26161894;-0.22069582;-0.04010142;-0.28381294;-0.46827736;-0.20989183;-0.003066496;0.1905183;0.8518381;0.1909769;0.13407926;0.06615635;-0.32328385;0.051980335;0.44422817;1.0840789;1.1991954;0.4936717;0.22889704;-0.05798893;-0.14673477;-0.45000154;-0.2933944;-0.37016493;-0.44969282;-0.49013427;-0.5807853;-0.81798416;-0.5076369;-0.4619196;-0.34863192;0.13574348;-0.2816395;0.5482934;-0.54987544;-0.49779898;-0.28405944;1.0405325;0.68350405;0.25434107;0.35847557;-0.91178024;0.7453103;-0.08977015;-0.3828626;0.14355907;-0.67226434;0.39806432;0.76054335;-0.2283567
1.733471;0.92869323;0.052510485;-0.114908256;-0.49990347;0.6718992;1.2979071;1.0286349;1.0720245;-0.026236929;-1.1134413;-0.25576097;1.2165928;1.3367794;0.07368499;0.5847673;0.7726472;-0.039362304;0.035799045;0.33842808;0.38379568;0.34551457;0.22424354;0.119831145;0.93908566;2.2459295;2.1468782;1.2788582;0.58958966;1.4792154;1.9206332;0.49405068;0.80055785;0.58296937;0.03588315;0.4435223;0.6632164;0.06521548;-0.20350249;-0.17641264;-0.28004327;-0.13847755;1.3159357;-0.1999468;-0.48856065;-0.3054763;-0.45078197;-0.4057128;-0.61649275;-0.16809057;0.5434719;-0.6421582;-1.0184258;-0.06116342;-1.5598425;-2.713082;-1.1424255;-0.2865874;-1.3531526;-1.4838434;-1.021949;-1.7344975;-1.8998048;0.1749416;-0.03884425
-0.109779045;0.100531526;-0.20020297;-0.36515558;0.46526983;0.62322915;0.35554388;1.5529585;-0.29206175;0.59824544;1.0102949;0.56419474;1.4693698;1.0464426;2.3015027;1.7836014;1.2381264;1.0577745;0.70699155;0.7520074;0.41728815;0.5135462;1.05566;2.9861584;2.411315;1.4685268;1.9139748;0.9176428;2.3174284;1.6634278;0.13682698;-0.05151239;-0.6651954;-0.54201543;-0.09439097;0.87724584;-0.3437923;-0.06504867;-0.20350249;0.27905467;1.1237463;1.011522;-0.265523;0.6050803;1.2419548;0.29193345;-1.0830399;-0.5229489;0.4343547;0.3881106;-0.39474204;-0.5380445;-0.81377316;2.9074833;-0.6283398;-1.5926515;0.4319821;-1.8578271;1.9727488;-2.7014754;1.1425872;0.71813947;-0.34202227;-0.24709699;0.48594025
0.20582545;0.09082133;7.1217713;4.5515556;0.7440295;0.4844387;-0.7973475;-0.46960056;-0.75590444;-0.45437506;-0.38938236;-0.68139595;-0.5505327;-0.6494328;-0.43232697;-0.41009024;-0.492903;-0.60007626;-0.5170786;-0.35791323;0.050229613;0.28191474;0.22936788;-0.19013023;-0.32307532;-0.08617914;-0.092448875;-0.30852678;-0.6175391;-0.92010224;-0.7918676;-0.37734503;-0.35011765;-0.33213738;-0.41269094;-0.39082494;-0.4232426;-0.28890598;-0.09239424;-0.25449267;-0.39463842;-0.52918273;-0.68242085;-0.36937094;-0.6252796;-0.46950427;-0.13785139;-0.14242922;0.5307547;-0.31414858;-0.48501953;1.010427;-0.6709831;-0.04560531;0.17313053;-0.09675155;-0.4327104;-1.9118776;-1.7083994;1.8244747;2.4719398;0.36917287;0.79692394;1.0795228;0.0962718
0.45973754;0.81320363;-0.44201362;-0.40235427;-0.6516477;0.81972694;-0.7106727;-0.266279;-0.7112177;-0.06986883;-0.1579887;-0.33661214;-0.3515951;0.25754637;-0.05365344;0.3940278;0.22731404;0.3085443;0.44925806;1.5887268;0.55903494;-0.5159101;-0.6988405;-0.7577871;-0.8465888;-0.741157;-0.3553926;-0.7032493;-0.397273;-0.1116982;-0.24361575;-0.461824;-0.729078;-0.5153423;-0.6783648;-0.7170681;-0.41064492;-0.2909127;-0.1849844;-0.306546;-0.36598969;-0.51443917;-0.84327286;-0.4081511;-0.6527287;-0.4562477;0.7739528;0.19171174;0.5205207;-0.3652434;-0.46777105;0.6294333;0.38297322;-0.4525425;-2.2431374;0.55554426;0.3134474;-1.4912226;-0.69732267;-1.3942546;1.5037264;0.047503814;0.22426718;0.020109925;-1.280297
0.935868;0.6403989;2.7716022;3.3409653;0.2106516;0.35387415;-0.61678874;0.0275934;-0.82367235;0.39644766;-0.5984196;-0.9194274;-0.7495504;-0.5397069;-0.681546;-0.6397263;-0.62966436;-0.69705516;-0.64846;-0.4556683;-0.4586799;-0.21506773;0.21465051;0.670386;0.8561582;0.33755773;0.21028511;0.2636255;-0.008890497;-0.06271004;-0.19378608;0.21336882;1.0764724;1.2346727;1.4448347;1.0458246;-0.43412495;-0.2800361;-0.11091233;0.5002815;1.2478917;1.2547909;-0.610342;0.9229573;1.6504182;1.223219;-0.92832625;-0.5112021;0.536051;0.8649598;-0.48745006;-1.4065089;-0.3417354;0.26235518;-0.6045446;-1.3974363;-0.8816632;0.791674;-0.54732776;-1.2427553;-0.2947716;-0.31934613;0.66033643;-0.22376803;0.025733197
0.7366958;0.79233456;0.33979738;0.48531887;-0.2815986;0.7861831;-0.3008195;0.13171235;0.18472327;-0.7052586;-0.111937754;1.5463833;1.9908682;0.09700899;0.008041083;-0.13416447;-0.08574763;-0.2944193;-0.25198603;-0.31964543;0.017936457;0.56564295;0.06720791;-0.012615658;0.14283934;-0.26886788;-0.15958549;0.47894183;0.29589128;0.18718821;-0.2969198;-0.27149642;0.011160965;0.79263735;0.90634054;0.4179012;-0.22078764;-0.28389004;-0.35164696;-0.46270618;-0.55698144;-0.69136214;-0.32743555;-0.5986884;-1.9170257;-0.4779232;1.6306323;0.7416974;0.11283421;-0.65933996;-0.24310996;0.19129471;0.27382317;0.21371734;1.1565673;-0.44417903;-0.4234836;-0.6978089;-0.81600815;-0.79246616;-2.8848488;-0.76633644;-3.3186796;-1.9314709;-0.9178549
2.6624396;0.66194654;-0.3772693;-0.35440052;-0.052640244;0.6759631;-0.6945019;-0.9346787;-0.52324957;-0.35074925;-0.5824616;-0.74288416;-0.60763603;-0.11571875;-0.27253506;-0.6350266;-0.7609397;-0.7004735;-0.6319049;-0.6285704;-0.12091151;-0.58005315;-0.6332357;-0.79327565;-0.8024668;-0.9106731;-0.8453889;-0.8185112;-0.8814931;-0.7651246;-0.82336676;-0.7301228;-0.82733834;-0.7572979;-0.7244949;-0.670639;-0.339176;-0.2896035;-0.07387615;-0.26750597;-0.43283677;-0.5807853;-0.71554434;-0.40552765;-1.8709383;-0.48591396;2.2577498;1.7593886;0.47731942;-0.34639397;-0.41271216;0.40505055;-0.42471364;-0.82617414;-0.25992006;-0.11394518;-1.2371287;-2.700529;-0.34613642;0.7251723;1.1541429;1.9107032;3.212239;2.7823386;2.0627036
1.3232346;0.991609;-0.347349;-0.28144607;-0.09314517;0.68785954;1.717338;0.002040988;2.2452643;-0.45437506;-0.2924524;-0.436806;0.23428656;0.407771;0.24740884;0.72443813;-0.18319432;0.3222055;0.34462982;-0.5245084;-0.20685545;-0.15611687;-0.09419731;-0.13756545;1.0613483;0.52890795;0.1871377;0.09773069;-0.18873285;-0.32319614;-0.7660183;-0.44178763;-0.29447764;-0.44165632;-0.25859445;-0.26652816;3.1203537;0.04264887;-0.036840092;-0.1503859;-0.27049375;-0.39649048;1.0217209;-0.25958386;-0.60078776;-0.44648683;-0.44767046;-0.3752541;-2.35689;-0.1788375;2.721141;0.74590623;-1.1795948;-0.42512226;-0.718003;-3.2409463;3.7217676E-4;0.5466329;-0.21316099;-1.5572938;-1.2887013;-1.6194532;-0.94276196;0.55658346;-0.07516707
-1.2672312;-0.65220034;-0.54365796;-0.4783464;-0.8461978;-1.8992871;-0.9177524;-0.79957235;-0.91505605;3.5488532;-0.28944102;-0.65327615;-0.47595397;-0.6356901;-0.66797495;-0.8917143;-0.9396274;-0.9431187;-0.9409399;-1.0091228;-1.0972583;-1.095993;-1.0731108;-0.8667816;-0.6888513;-0.7976801;-0.9148252;-0.64645875;-0.45298728;-0.37708062;0.32738334;0.08858969;-0.0939205;0.9708724;0.9424533;0.5574962;-0.44920766;-0.2932858;-0.37016493;-0.33257273;0.99005234;2.463765;-0.7344518;1.115214;1.2177715;4.23613;-0.8603108;-0.5087383;0.5485941;1.1265904;-0.4974857;-1.0841938;1.457192;0.12566482;0.37000117;1.3554454;-1.2004862;-0.011446213;-0.2663653;-0.4517062;1.1681311;0.25634512;0.16557248;0.05771648;-0.39459133
0.8217692;0.44403923;-0.54365796;-0.4783464;-0.8461978;0.3707121;-0.5421013;0.7392637;-0.492575;1.4354321;-0.9072447;-0.8657329;-0.60745645;-0.5897837;-0.46527255;-0.5510419;-0.45296177;-0.40825924;-0.5282813;-0.5066845;-0.5417932;-0.21185099;0.46994963;0.78783697;0.5396859;0.18957466;1.0096227;1.6172003;1.1253966;0.837919;0.7559492;1.3196082;2.9911687;2.8269777;2.370103;4.4136243;-0.41901788;-0.28983495;5.055623;4.2220974;3.5397933;2.7660084;-0.11857375;3.92968;1.8469803;1.5355176;-0.94624066;-0.47261566;0.5293947;4.1121154;-0.4783231;-1.7582806;0.8321924;0.04223465;0.70381856;-0.30358475;0.03462904;0.9958162;-0.22896162;0.56015927;-1.5056316;0.32519466;0.83332545;-0.13016985;0.30144447
-1.2672312;-1.2119939;-0.54365796;-0.4783464;-0.8461978;-1.8992871;-0.63512754;-0.40257135;-0.8851901;0.6827818;-0.7647347;-0.6382689;-0.65168315;-0.67326397;-0.6843255;-0.55756533;-0.16943124;-0.11554935;0.15089726;-0.21389131;-0.29330036;-0.046262167;-0.1377712;-0.19506997;0.02168207;-0.09438489;-0.56209636;-0.22877201;-0.27772486;-0.48181638;-0.51876545;-0.50645083;-0.44282654;-0.20761372;-0.41981325;-0.44884747;-0.45056686;-0.28705338;0.24093057;0.096867636;0.12103937;0.50286794;-0.7342719;0.37673372;1.2798411;0.31186295;-0.62911177;-0.47566444;0.5460429;0.4222606;-0.4953141;-1.1568421;-0.8698855;-0.87048775;-0.44967103;0.49710953;0.4978019;0.99730533;1.7124158;-0.14349556;-0.7676827;0.71065366;-0.5100735;-0.053545043;0.89756596
-0.20857091;0.3775567;-0.54365796;-0.4783464;-0.4709217;0.749967;-0.914528;-0.11618348;-0.64860094;-0.83342737;0.953819;0.5334614;0.10308732;0.47287574;1.0318118;1.4372422;1.0090611;0.5669567;0.32025662;0.055446565;-0.30563825;-0.55886054;-0.5143232;-0.4180362;-0.518332;-0.531632;-0.5952897;-0.52978235;-0.357232;-0.56402695;-0.43337753;-0.103712335;-0.448346;-0.44331822;-0.20196776;-0.25242648;-0.43669972;-0.2934407;-0.49979126;-0.5407862;-0.5760806;-0.61027247;-0.81010383;-0.64802533;-0.9461716;-0.49252927;1.3807645;1.4229934;0.5050194;-0.73209876;-0.4774837;1.1448102;1.785555;0.3578425;-0.0866794;0.3589766;0.2928992;1.0223134;1.0339074;0.27569902;0.6431208;0.55869514;0.785558;0.30927995;0.54955107
-0.26792723;-0.21457975;-0.54365796;-0.4783464;0.8921674;0.50514805;-0.6024811;0.57802635;-0.7126203;-0.44619414;-0.89664805;-0.74540234;-0.46936703;-0.48698652;-0.34331608;0.39221367;1.0906934;0.8107147;1.0016063;0.86331683;0.40892887;0.7033818;1.4866911;1.8105009;0.63127315;0.10342533;0.2189897;0.19212237;-0.06362588;-0.08303819;0.004097093;0.14807957;-0.010977295;-0.098409824;0.0088121;-0.102069974;-0.4358422;-0.28954864;-0.1294303;-0.124359205;-0.26094413;-0.40386227;-0.58402735;-0.26218143;0.33787823;-0.4030815;-0.23317266;-0.30736408;0.52701324;-0.19389988;-0.48188698;0.34081337;-0.24589461;-0.6045173;-0.32980445;-0.2624514;-0.2899505;1.295681;0.76522255;-0.35569146;-1.7167435;-0.39740935;0.45787948;-0.82588077;-0.41107687
1.1152127;-0.20586027;1.3731;0.6916887;-0.03731239;0.4203463;0.30193773;4.4231067;-0.32785672;-0.0016939433;-0.4257276;0.17027828;0.596673;0.042532362;0.7320753;0.96185476;1.4992477;2.9568708;4.1000032;6.6279726;5.453926;5.133861;6.7444935;7.13318;6.2505703;4.7597494;3.916127;1.6357435;2.2829008;2.716078;1.2030951;1.5933198;1.0089355;1.0416906;0.6510775;-0.06484922;-0.4213669;-0.014827502;0.38907504;0.31809437;0.47437465;0.1932531;-0.2436892;0.34106135;1.4164996;-0.350132;-1.0770304;-0.5113881;0.43958732;0.39857465;-0.40412384;0.28705615;-2.3101704;-0.978028;0.5843767;-0.11575861;-0.5988997;1.2055076;-0.79172033;-0.3154849;-1.1592134;0.664776;-0.099462576;0.33784258;-1.4517088
-0.56738126;-0.26459897;0.75502634;0.05504999;1.6795067;0.5619781;-0.81221837;0.5434468;-0.7352973;-0.44346708;-0.038538355;-0.11234778;-0.11944255;0.10301196;0.8441127;1.428158;1.2922668;1.8898382;2.8373003;0.90651083;-0.24227512;-0.21861091;-0.3573634;-0.19176443;-0.26798248;-0.22102745;0.70471156;0.4610834;0.8827542;0.23490222;-0.34452254;-0.25950864;-0.38455012;-0.43443987;-0.2693478;0.009979438;-0.42560807;-0.2929256;-0.07387615;-0.17641264;-0.29914248;-0.41123402;-0.5697416;-0.32758567;0.19475532;-0.4672259;0.21357252;0.04708297;0.52774554;-0.25152537;-0.4892124;0.9293273;0.71502113;-0.5316148;-2.1979897;-0.21483536;1.7474335;0.1252551;1.38339;0.32485652;-0.4860573;0.23630562;1.4579586;0.69728804;-0.1847409
-0.6649585;-0.25141585;3.0223606;2.873597;1.7801955;0.51933724;-0.7971596;0.14646055;-0.8044558;-0.37801927;1.8581085;1.4813731;0.812806;0.47411966;-0.07980142;0.33271018;1.4807132;1.6531264;0.8452573;0.44106108;1.0075929;0.93382984;-0.1565791;-0.06908358;0.030717127;0.41605473;-0.08516071;-0.24824792;-0.42151755;-0.76543397;-0.96825814;-1.0892016;-1.0197612;-0.9764165;-1.0079063;-1.0456995;-0.45091224;-0.28856897;-0.46275526;-0.1503859;-0.20364659;-0.30802888;-0.6564526;-0.30758792;0.2627416;-0.431069;-0.8568005;-0.42193648;0.53517044;-0.26828235;-0.4929325;1.1930009;-0.700846;-0.6869241;0.2197701;1.1221532;2.8777244;1.655258;0.43043882;0.80800414;0.44493616;-0.91903853;-1.474525;0.5162086;2.1143878
2.1318667;0.48527062;0.31930318;0.08149474;-0.23680462;0.5748972;0.4730479;-0.3542893;0.81830174;-0.52527696;-0.2518767;-0.27547404;-0.2710232;-0.27142555;-0.2816658;-0.29611284;-0.2985719;-0.28604373;-0.2809316;-0.28044543;-0.27879256;-0.275599;-0.27297556;-0.2639342;-0.26004472;-0.26340774;-0.25366732;-0.24190818;-0.2367143;-0.2325582;-0.22641623;-0.22242296;-0.2161275;-0.2123272;-0.21135813;-0.21060233;0.9807476;-0.24164714;-0.09239424;-0.25449267;-0.4137376;-0.5734135;0.72531503;-0.37754783;-1.4137142;-0.44552135;0.80895513;0.123904176;-0.40874374;-0.3182718;0.37807634;-0.0744338;-0.14328882;-0.7175978;-0.12894668;-1.3132695;-0.6708661;-0.14523835;-1.6948534;0.8438476;0.22226077;1.6728331;2.0008223;1.885905;0.6548769
-1.2672312;-1.1333532;-0.54365796;-0.4783464;-0.8461978;-1.8992871;-0.13749292;1.6108114;-0.6438334;3.2325215;-1.0831035;-0.79862064;-0.6689246;-0.7151139;-0.63843447;-0.65924895;-0.4800258;-0.40209416;-0.44570765;-0.47043362;-0.4239152;-0.044994466;0.22095658;0.40402848;0.31694338;0.8074225;1.343925;2.6641674;4.924916;5.5213118;4.171255;3.6545684;2.516707;3.2032566;2.864855;1.8258754;-0.45182222;-0.21372686;3.8704681;2.8036435;2.269698;2.3753033;-0.4326234;3.1334515;2.1331573;0.6318772;-0.9683568;-0.5115181;0.54013216;2.5672865;-0.46999595;-3.3702228;0.45548242;1.6826705;-0.20936586;1.080857;-0.08987823;-0.7335382;1.2525309;0.7457012;-0.51189977;-0.22560053;-1.0297338;0.7704644;0.98989993
-0.014942823;0.6783014;0.07366644;0.16047835;0.5367318;0.622942;1.4966682;5.8429837;1.7965716;-0.42437813;3.857261;5.622803;5.8026533;6.088664;5.8580837;6.7844906;7.0663896;7.7599163;6.669352;8.568948;10.2647;4.506356;2.8240006;1.8773218;1.8401618;2.2135751;2.5960674;2.7974112;6.1039267;4.417971;1.8078856;0.95079154;0.48377785;0.16564664;-0.030523052;0.47677732;1.5518906;0.55374736;-0.22202058;-0.16339923;-0.27049375;-0.30065733;0.95485693;-0.30865425;0.56925684;-0.45637366;-0.69892025;-0.3856129;-1.7140117;-0.24530968;1.6043854;1.752907;-0.6594298;-0.4157498;-1.1683999;1.3105996;1.1150376;-1.0900359;0.10179033;0.32940197;1.2917262;0.506453;-1.2984135;-0.32999754;0.5069267
-0.024099894;0.20343317;-0.45009995;-0.37868175;0.43597236;0.55213386;1.1926823;0.02466676;1.0363675;-0.24166957;-0.24055043;-0.32700375;-0.3170846;-0.27894747;-0.18489018;0.041571822;0.068236016;0.1710958;0.6267365;0.6680834;-0.00868822;-0.13979645;-0.018183459;-0.12990052;-0.28568184;-0.489669;0.14238676;0.16806935;-0.20508146;-0.19095194;0.06898554;0.13383824;0.118623324;0.19546916;0.1095153;0.10726492;0.607264;0.3342122;0.018714055;-0.111345865;-0.20364659;-0.32277256;1.2965782;-0.21922226;0.32535443;-0.43791297;-0.15631612;-0.27638677;-0.65505487;-0.12548693;0.36749515;0.40095118;-0.032528095;-1.1727836;-1.0163188;0.21654317;1.0496029;1.2425764;-0.81654125;0.6743538;-0.10931338;0.25760132;2.2672415;-0.99459356;-1.1945355
0.6746054;0.4763538;-0.074602045;-0.04703558;0.44224367;0.42912614;-0.3232244;-1.0573586;-0.27928522;-0.6479917;-0.4140667;-0.3223698;-0.46239817;-0.77082294;-0.6726133;-0.66691303;-0.7797284;-0.77915025;-0.80172753;-0.8375874;-0.8720011;-0.7881641;-0.59375006;-0.55875504;-0.84480375;-0.90015054;-0.84795433;-0.987172;-0.9064609;-0.8465668;-0.9012578;-0.70409954;-0.70596933;-0.78165704;-0.69973326;-0.62265;-0.30094647;-0.284236;-0.35164696;-0.31955937;-0.4137376;-0.5660417;-0.39544055;-0.46295613;-0.6381771;-0.44173062;0.39614144;0.059133407;0.39146537;-0.45711184;-0.3772142;0.37812015;0.31719887;0.20834696;0.29368144;-0.2485125;-1.4201436;-0.7101371;0.38018727;-0.19194987;0.033215303;-0.7209625;0.69810486;-0.7410422;-1.5054319
0.7273968;0.55486286;-0.5105415;-0.45815265;-0.17776345;0.57504296;-0.12021659;0.3278466;-0.5323344;0.02830303;-0.1242446;-0.2171639;-0.2646543;0.18159668;0.22544616;0.053622358;-0.17001304;-0.08790177;-0.12676822;-0.30567706;-0.4297663;-0.16322896;-0.094892144;0.05395817;0.68999726;0.24987729;0.84399384;0.44074944;0.5657781;0.29875773;0.12579;1.0299652;0.8858747;0.82601804;0.6471986;1.334871;-0.3885154;-0.21794683;-0.07387615;-0.21545264;0.72266394;0.37754747;-0.69390374;0.20340583;0.1422014;-0.067102365;-0.94559264;-0.5109745;0.49069956;0.16677424;-0.4314173;-0.9165455;-0.5825925;0.40360016;-0.08345581;-2.8374574;-1.0298524;0.5949293;-0.9780697;-1.0280915;0.13510397;0.4784665;-0.71480775;-0.82396626;0.31738004
-0.36185843;0.06988847;-0.19021942;-0.24008837;-0.0529349;0.6638017;-0.40337506;0.69139045;-0.69978505;-0.118954726;-0.17548122;0.11982654;0.21516377;0.27588832;0.24405815;0.4966804;0.5465165;0.20339659;0.29796642;0.41853338;0.2328044;0.32179934;0.9966703;1.1490028;0.95229805;1.6516694;1.6431036;1.1259522;0.8544476;0.94990146;0.23687793;-0.7679415;-0.7204511;-0.5705368;-0.42159688;-0.3914412;-0.42394084;-0.26854706;-0.20350249;-0.28051934;0.054192387;0.40703478;-0.5922032;-0.0476307;0.9104142;-0.15611021;-0.8848999;-0.5083934;0.52386427;-0.078531764;-0.48123026;0.11911735;-1.237872;1.7692263;-0.15093692;-0.42480174;-0.6184201;-1.834741;0.8935046;-0.062947184;0.50384784;-0.73932976;-0.7246181;2.1077833;-0.72102004
0.06703032;0.7018796;-0.47689924;-0.38623413;-0.76957995;0.7953597;1.1634942;0.9194469;0.7602117;-0.4052891;0.55924046;-0.027894823;0.15769765;-0.24609771;-0.15766563;0.39306852;0.7415003;0.9931174;1.3178593;1.2807063;1.9283168;2.5750716;2.75059;1.374124;0.26747385;0.13372514;-0.2657377;0.30953488;0.14253075;-0.06008431;-0.038210478;0.05736398;0.35246506;0.30426788;-0.25359744;-0.30949733;0.3787398;0.095870815;-0.24053867;-0.16339923;-0.2513945;-0.13847755;-0.33868575;-0.23548642;0.70806175;-0.40781188;-0.5988914;-0.41897425;-0.2856455;-0.17435195;0.36270532;0.64009094;-0.57320243;-1.0362595;0.3367212;0.6803308;-0.84117717;-0.23202255;0.78757083;0.39219663;-1.3616911;0.22238085;-0.3736133;0.4401174;0.2169297
-0.0026791764;0.067377985;4.4504647;2.3626769;1.416647;0.5137298;1.1851491;0.3419306;0.7249392;-0.045325767;0.6926798;-0.18307315;-0.3680189;-0.23098162;-0.071417645;-0.13068369;0.18431073;0.7864985;0.8530646;1.4807171;0.8281372;-0.13107835;-0.1311017;-0.24017295;-0.32673845;-0.08483746;0.35834715;0.4385005;0.84918046;0.07410125;-0.09823996;0.7375635;0.48542073;0.029683158;-0.24428637;0.05288826;-0.33057296;0.45801914;0.31500283;0.070841;-0.10815067;-0.25642648;0.8823726;-0.0028306933;0.063674726;-0.38076156;-0.25768343;-0.38727862;-0.21937148;0.12314942;0.16726;-0.4767019;-0.687958;-1.1675011;-1.9202721;1.0674579;1.6492152;1.7484686;-1.4051954;0.3484789;0.11133821;-0.63741946;0.38202727;-0.8716199;-0.048006456
-0.42048416;-0.38186312;-0.38211846;-0.44699433;0.5873971;-0.2759998;-0.9152806;0.078867935;-0.82528234;-0.5661819;0.2042238;-0.22189125;-0.4411048;-0.632767;-0.60212904;-0.27242526;-0.017896973;0.10235588;0.08404805;0.27021748;1.3913571;1.182113;-0.026720813;0.08601387;-0.3294359;-0.1608869;0.46162355;-0.07930286;0.32138577;0.19378734;-0.1527925;-0.089250416;-0.23142415;-0.17239313;-0.462864;-0.56608856;-0.44943956;-0.29085413;-0.51830935;-0.5668129;-0.56653106;-0.5586699;-0.69700956;-0.62072116;-0.8131469;-0.45578086;0.11041511;-0.029519701;0.536894;-0.7169991;-0.49807414;0.83598346;0.16412677;-0.25983226;0.8643761;1.9383215;1.3349136;-0.34657562;0.3405232;2.0322442;0.36821708;0.7027383;-0.18991278;0.19612369;0.4385508
1.2062569;0.5555906;0.7050849;0.34346637;0.0689495;0.49265978;1.9274213;0.47051728;0.3930303;-0.80070347;0.05645457;-0.63181084;-0.028143426;0.3670754;-0.1774472;-0.047032624;-0.07249284;-0.09483494;-0.22865844;-0.31871858;-0.34749296;0.114802085;0.54574436;0.98871934;1.387561;1.0300767;0.33632603;0.34510556;0.7788888;0.898414;0.8782466;0.45634997;0.20448263;0.5646214;0.26284888;0.035822388;0.9167646;0.15431118;-0.27757472;-0.38462612;-0.44238636;-0.2121956;0.7291393;-0.340064;-0.5367137;-0.3547417;-0.59339684;-0.44876784;-0.58841425;-0.34794515;0.21364424;-0.10603302;-0.91642225;0.038643956;0.3540595;-0.2024262;-0.7425695;-0.52592057;-0.29685822;-2.0820866;-2.2956443;-0.400557;-0.35578582;0.084760614;-0.41292822
-0.38942766;0.33051232;0.55341727;0.79632777;0.16704659;0.5907715;-0.34163693;0.59410965;-0.45504177;-0.6179948;0.6531682;0.98700356;0.6104088;0.3644053;0.872975;1.0732268;0.7148718;0.58930767;0.41485074;0.08841462;1.2138737;2.5574205;1.8157269;0.25425148;-0.17136562;0.27089036;0.5601286;-0.3957532;0.048764154;0.08848194;-0.16478512;-0.36045384;-0.28507394;-0.39637065;-0.3213458;-0.52287215;-0.3705599;-0.2779668;-0.44423714;-0.3976394;-0.404188;-0.51443917;-0.5315373;-0.448526;0.40731925;-0.32839674;0.01046364;-0.28922728;0.44917408;-0.46986175;-0.47441658;0.1171081;0.81288743;-0.14300999;1.2282386;0.12354405;-1.07827;0.115235314;0.81355345;2.069125;-0.14950766;-0.6360763;-0.65857327;2.3045044;0.21246496
-0.13133992;0.46291822;0.64446545;0.6355637;0.87679076;0.7077692;-0.29889518;0.77829176;0.10052943;-0.44892102;0.48457834;0.43525022;0.19722387;0.8088669;1.4319185;1.4414892;1.2956204;0.38702542;0.05932706;0.32950255;0.3551547;0.981551;0.6896129;0.14189528;0.5043084;0.5305485;0.2855943;0.5902838;0.38204518;0.17885347;0.6731362;0.6071177;0.22218701;0.48349607;0.8865675;0.39469984;-0.20250548;-0.28903738;-0.46275526;-0.48873284;-0.47103515;-0.5807853;-0.59709734;-0.5848544;-0.39150292;-0.48206437;0.9472929;0.53899246;0.17975779;-0.63234526;-0.29962188;0.89194775;1.1969504;0.3487286;0.58894306;0.4206958;-0.29746145;-0.73615706;0.6985857;0.82719696;1.4586189;-0.09410809;-0.3213036;0.70255595;-0.2767649
-0.38819277;0.33184662;2.0313082;1.9647251;0.85233766;0.6290206;-0.48962554;-0.096282;-0.35134396;-0.56072795;0.5793149;0.64395535;0.97866035;0.98058015;-0.12431713;0.5753698;1.4086779;1.2059947;0.58681554;0.43626836;0.5525287;0.72627914;-0.08599384;-0.36588907;-0.26135466;-0.7528928;-0.97897637;-0.83570355;-0.89350915;-0.8576953;-0.7287107;-0.755453;-0.61178666;-0.67920226;-0.76216763;-0.71832144;-0.30215526;-0.2909761;-0.33312887;-0.3976394;-0.49968392;-0.5586699;-0.42925793;-0.52602834;-0.5728807;-0.4671584;1.0701582;0.37495577;0.41512722;-0.54228675;-0.43015948;0.5124593;0.9915654;0.0021338775;0.6659915;0.33965123;-1.1163528;0.5058642;0.6671025;0.4046053;-0.8445257;-0.81948125;-1.9801245;-0.47145218;1.9891617
-0.4016757;-0.13650861;-0.28959456;-0.2761037;-0.5331019;0.63278407;0.5443028;0.8013562;0.88714206;-0.487099;1.6280934;0.7214756;0.128954;0.29359132;0.52268416;0.012396101;0.031543016;0.07982405;-0.08490476;-0.43878525;-0.6066818;-0.37464753;-0.3444121;-0.33586633;0.8790092;1.7562197;2.2448478;1.9161831;2.8309953;1.7155697;1.5999075;0.7925892;0.21821788;-0.14202721;-0.18322292;0.3956051;0.54464114;-0.21802258;-0.42571908;-0.345586;-0.45193595;-0.5807853;0.7309255;-0.4876945;-0.24659036;-0.4053615;-0.02503887;-0.2920235;-0.48806706;-0.5157004;0.050252367;-0.048458517;0.9336959;2.0287168;-0.41587582;-1.5119286;0.74576813;0.43003657;0.035041045;-0.5896339;1.004404;0.13676083;0.69939846;1.2288674;1.2310618
1.1164469;0.20662904;0.109763496;0.091636956;0.48844823;0.49333435;1.6237437;-0.008422322;1.1811743;-0.09986581;-0.6594201;0.13916422;0.14210567;-0.019364186;0.5832667;0.047485378;-0.42431673;-0.37323055;-0.23364511;0.017832292;0.31544346;-0.3067509;-0.31867212;0.2004675;0.03265878;-0.5406919;-0.6154412;-0.027657574;0.28786597;-0.08155645;0.3413515;0.20137672;0.37084684;0.45387644;0.50469464;0.44578844;0.9990155;0.7943505;-0.036840092;-0.1503859;-0.20364659;-0.22693925;1.6621065;-0.12683548;-0.18669803;-0.2792836;-0.39179954;-0.43071163;-0.7640136;-0.049194086;0.771132;-0.78949493;-0.3154274;-1.8175019;-1.5334436;0.40619707;-0.96716946;-1.8680121;-1.3645467;-0.51219726;-0.5685022;1.4299192;0.6695288;-3.0273519;-2.1103399
2.3477035;0.10353417;1.6032932;0.54622394;0.95383316;0.45403787;3.357879;3.1521769;2.3033752;0.15919898;0.44459885;0.075153396;-0.42247832;0.4706351;0.58648014;0.22861977;0.82885927;1.9291123;2.9785295;4.3290305;4.922504;2.7496293;4.021391;5.0302596;3.167765;2.3036382;3.0045216;2.140516;2.1736312;2.5188186;2.5870872;0.80641085;1.0007051;1.1265028;0.8463702;0.45431006;0.5792289;5.286146;0.27796683;0.48726773;0.4839239;0.17850946;2.6338854;0.36319178;1.0919062;-0.282145;-1.019087;-0.5047026;-2.100397;0.39237252;2.089104;-0.21429838;-2.2454262;-0.8205509;0.14286214;-1.2891018;0.0849799;-0.23609757;0.5129871;-0.20281176;-0.46664107;0.69572455;1.6395873;2.4820027;-0.71323925
0.31779417;0.5438284;-0.33780622;-0.29050788;-0.35830292;0.6109935;1.513903;-0.13461618;0.8759791;-0.18167563;-8.13783E-4;-0.45534748;-0.5947168;-0.6023898;-0.65938616;-0.6034892;-0.0020464917;0.39987266;1.0650885;-0.0014383295;0.40263602;0.7678348;0.55195296;0.22797258;-0.19609289;-0.058374003;-0.22238028;-0.5903016;-0.35709977;-0.27150398;-0.46604818;-0.50569224;-0.52941704;-0.579939;-0.71965563;-0.5005123;-0.4013442;0.33466437;0.2964847;0.08385429;-0.14634903;0.03844534;0.88765347;0.06320006;0.011594144;-0.3698125;-0.6753208;-0.45761457;-0.34859934;0.16441582;0.49642774;-0.20064248;-1.6972543;-0.47119644;-0.34837574;0.4287672;1.2617353;1.2626592;1.2802986;0.3436619;-2.3649602;-1.3967434;-0.1321956;0.3500876;0.032352954
1.0113596;0.09645204;-0.37194896;-0.26314354;-0.5726951;0.58490866;1.882862;4.197415;2.0722432;-0.21712658;-0.491003;1.6482571;3.67944;3.1785853;0.7949119;2.1020336;1.7665708;2.1388826;1.9893883;1.9163296;1.108861;1.8145173;2.0555336;3.8207977;3.7817597;2.6592433;0.9230517;1.8191718;3.9546797;7.5339174;7.0400777;4.201804;5.0105124;3.718819;6.226196;4.481769;3.075465;0.43416476;-0.2960928;-0.4106528;-0.46148553;-0.0573879;1.4732453;-0.26522443;-1.0515836;0.010898626;-0.44212008;-0.4378317;-2.0710175;-0.3185514;1.4609553;-1.0933737;-0.08413682;0.31600365;-0.2419425;-0.24169928;-1.8987006;-1.625006;0.07488776;-3.6072536;-1.9168411;-0.84336394;-2.8527951;-2.444462;-0.091621466
3.482123;0.9953909;0.4038466;0.3855931;0.48393878;0.4696856;-0.28116786;-0.54150856;-0.048725266;-0.40256217;-0.021107351;0.033665676;-0.35261744;-0.21052226;0.2833691;-0.028979944;-0.2365799;-0.28086844;0.40459323;0.017927589;-0.27116373;-0.33517352;-0.60443175;-0.733662;-0.81984985;-0.870403;-0.8507746;-0.6151474;-0.54526454;-0.60102755;-0.4122196;-0.3885608;-0.4489781;-0.5047229;-0.48512572;-0.44876266;-0.073604666;-0.2025321;-0.018322004;-0.20243928;-0.36598969;-0.45546484;0.5262436;-0.31354895;-1.3781712;-0.4875223;0.8410078;0.74747807;0.2806693;-0.22348547;-0.22473589;0.45194834;-0.4192584;-1.4948444;-1.6733378;-0.3557562;0.27619433;-1.3667481;-0.31427783;0.19631536;2.1000993;2.7033803;2.2548316;0.52156967;-1.4377148
-0.393263;0.3532653;0.38889158;1.0253052;1.6373562;0.56895626;0.26062477;4.16935;-0.3119781;-0.26893944;3.0092947;2.1404316;2.366647;2.5024886;2.3148992;2.5868955;3.645976;5.0062127;3.3836439;2.953288;5.446261;7.0723834;5.8047476;2.987283;3.0379088;2.9143364;3.018706;1.5482403;1.1616101;0.8891535;2.0877497;2.2090032;1.8291495;1.872821;1.1150799;1.5783529;-0.36753485;-0.19995755;-0.1294303;-0.098332465;-0.1749978;-0.0573879;-0.31198597;-0.08581692;1.3474555;-0.13897118;-0.37423506;-0.4119715;0.4130775;-0.03334885;-0.45473245;-0.17743452;-0.3392552;-0.78207207;0.43116257;0.6657635;-0.2291162;0.6277374;0.051185623;1.6741796;0.460549;-1.6725795;0.40019378;0.34770152;1.337285
-0.3759245;0.4383479;-0.2581393;-0.18497203;0.1105411;0.71368736;-0.69184315;-0.6737652;-0.47940403;-0.6779887;-0.49741548;-0.5186812;-0.25894862;-0.055389423;-0.066214874;-0.3074345;-0.6390029;-0.5470455;-0.5531671;-0.45653105;-0.40196437;-0.36709365;-0.40107206;-0.5204243;-0.66930515;-0.59956545;-0.7959895;-0.73610955;-0.71225804;-0.6609424;-0.5558972;-0.6104721;-0.31337675;-0.23600931;-0.21516332;-0.30242732;-0.36767635;-0.29191822;-0.51830935;-0.35859936;-0.42328718;-0.5734135;-0.71042615;-0.55996877;-0.41127172;-0.48752415;-0.16016124;0.08598958;0.45289165;-0.59080005;-0.4688348;1.4244406;0.4232368;0.64593893;1.0410099;-0.2551047;-0.5163572;-0.4941462;0.08786303;1.0741824;1.8507203;1.1339463;0.5990031;1.0257354;1.4204695
0.7837631;0.050264396;-0.44214374;-0.4074273;0.23308112;0.54578966;-0.2986109;-0.9400394;-0.60757214;1.8308458;-0.15382102;-0.76861316;-0.7170559;-0.6695391;-0.69640875;-0.81902546;-0.851724;-0.82453614;-0.80657595;-0.7471002;-0.6238027;-0.6213192;-0.75804436;-0.84403205;-0.87292874;-0.90098405;-0.99102604;-0.81801003;-0.5386504;-0.7455672;-0.49228212;-0.47632992;-0.25890565;-0.1457905;-0.19117758;-0.26634526;-0.42039433;-0.26757577;-0.25905663;-0.18942593;-0.29914248;-0.101618715;-0.55159676;-0.16843526;0.34242478;0.021625128;-0.29463175;-0.36711872;0.50051004;-0.1322933;-0.45623904;0.054846406;-0.5821384;-0.19306251;0.40868947;0.34432873;-0.052626994;-1.066091;0.12844495;0.4401058;-0.44029847;-0.860943;-1.124278;-1.0124989;0.71925646
0.20329389;0.02910231;7.408545;-0.4783464;3.8923607;0.420358;-0.98802495;-0.48040116;-0.87454206;-0.68889666;-0.4483031;-0.48766223;-0.4661303;-0.4453069;-0.22367543;-0.29997995;-0.52778524;-0.55873674;-0.54044646;-0.6652307;-0.5980752;-0.4339204;-0.1568339;0.24130234;0.20366348;-0.0745195;-0.28703922;-0.55771935;-0.47642338;-0.41918403;-0.48202002;-0.3934291;-0.23756398;-0.4006478;-0.41767085;-0.43091673;-0.43905938;-0.29310703;-0.37016493;-0.42366615;-0.5187831;-0.62501603;-0.57852876;-0.54872656;-0.89782953;-0.4436112;0.99664253;0.37891117;0.53876436;-0.5879989;-0.49459308;0.34431186;0.773991;0.6082107;0.7957975;-0.29604694;-0.83597285;0.6626336;-0.049871117;-0.8593701;0.26658142;0.38521886;-0.46932784;-1.1682906;-0.7299112
-0.31814364;0.39656875;-0.12405403;0.13368817;0.20489115;0.5979376;-1.0709102;-0.2235199;-0.94803137;-0.7543445;-0.5799541;-0.48381022;-0.444656;-0.60899925;-0.5728295;-0.21880956;0.28139862;0.23520167;0.040777493;0.2475945;0.680372;0.33963168;-0.20202251;-0.45684844;-0.20985928;-0.5547501;-0.42258412;-0.057632968;-0.50286424;-0.38646466;-0.062456366;-0.107145295;-0.42281708;-0.47678843;-0.37051797;-0.44534266;-0.45067862;-0.29333243;-0.42571908;-0.46270618;-0.47103515;-0.55129814;-0.8698566;-0.55567825;-0.10339295;-0.4701431;0.5008493;0.15185876;0.5488333;-0.5950906;-0.4988569;0.9111144;0.8075973;-0.32759702;0.077021554;1.16593;0.5818778;-0.031820666;-0.34724033;0.30275398;0.86657494;0.110586084;0.2176855;-1.767047;-0.21640602
0.39475566;0.34302557;-0.54365796;-0.4783464;1.3037895;0.36406773;0.052868288;0.20812847;-0.06237904;0.31736407;-1.2749151;-0.9266046;-0.79487354;-0.8322542;-0.7232825;-0.63034964;-0.6848858;-0.61082745;-0.6027059;-0.680694;-0.69057786;-0.70113295;-0.6739888;-0.32866114;-0.3240604;-0.25894764;0.96167713;1.3196211;0.06838869;0.9227677;2.2136917;2.5147579;1.9640862;1.4488062;1.2091774;1.4346598;-0.0492419;-0.27706844;1.4075685;1.1249216;1.2478917;1.6233809;0.59656256;1.3154383;1.3502122;1.349307;-0.57614285;-0.40316725;0.19127421;1.2298576;-0.29692495;-1.300572;0.8823007;0.2765732;-0.23728794;0.19844311;-1.0338649;0.13599508;-0.71435183;0.18625604;-0.0347237;-0.1399927;1.3198019;0.10765257;-1.3217405
-1.2672312;-5.792794;-0.54365796;-0.4783464;-0.8461978;-1.8992871;-1.198763;-0.3542893;-1.0337796;1.0536525;-0.2518767;-0.27547404;-0.2710232;-0.27142555;-0.2816658;-0.29611284;-0.2985719;-0.28604373;-0.2809316;-0.28044543;-0.27879256;-0.275599;-0.27297556;-0.2639342;-0.26004472;-0.26340774;-0.25366732;-0.24190818;-0.2367143;-0.2325582;-0.22641623;-0.22242296;-0.2161275;-0.2123272;-0.21135813;-0.21060233;-0.4523464;-0.29348376;-0.53682745;-0.46270618;0.66536623;2.743893;-0.9232764;0.8133449;1.395106;3.2093992;-0.92984957;-0.5177389;0.5516632;0.7154645;-0.49998364;-1.6595162;0.8545059;0.9802714;1.2036039;0.90750104;0.07915466;-0.35174042;0.20933872;0.6118998;0.32812855;0.26160246;0.41912434;0.06115635;0.25111222
-0.024259927;-0.24494983;-0.058337815;0.007087994;-0.25409332;0.5989832;0.7209048;2.1735373;0.53866184;0.36372307;-0.13125707;-0.39199615;-0.16643277;0.4771973;1.4484499;1.9454212;2.059874;2.4895277;3.7319765;2.6511643;1.6900748;0.966544;0.40241912;-0.0070808916;0.35868406;1.9931539;2.2590528;3.1869817;3.051594;2.383331;1.7799482;0.31641376;-0.21384256;0.3621125;1.4621186;1.5673277;0.20869687;0.03988386;-0.09239424;-0.1503859;-0.24184498;-0.33751616;0.6914927;-0.2604789;0.5009242;-0.43666273;-0.24494061;-0.30189478;-0.17341655;-0.18011892;0.051598407;0.7028323;0.1330288;-0.7702574;-1.8357363;-0.09006816;2.9891133;-1.7208215;-0.46282768;-0.47122744;1.1256828;0.6450071;-0.657253;0.6933409;-0.4633935
1.2597555;0.67541856;-0.45471478;-0.38825962;-0.50681996;0.81528986;0.49570814;0.34300414;1.5775667;-0.7107126;-0.1995157;-0.656388;0.5114942;1.3636508;-0.3704177;-0.32598352;-0.1405341;-0.5173236;-0.727814;-0.48825315;-0.34863922;0.35981277;-0.24624076;1.2815984;1.247122;0.39310223;0.8081388;0.94489396;0.8190715;1.5895076;-0.003151848;-0.28008646;0.2852721;0.2337369;0.028202374;-0.24249186;2.4902773;-0.20493582;-0.2960928;-0.38462612;-0.5187831;-0.6545032;-0.24857448;-0.52960217;-2.0144212;-0.47518733;0.64589626;0.026110752;-1.4216908;-0.54850405;0.93845654;-0.22155377;-0.2869606;1.0186331;0.4094459;-0.41048485;-1.200878;-2.5662656;-1.9287102;-1.4227239;-2.5722938;0.90382266;-2.9355757;-1.6075562;0.189147
0.7912503;-0.1394142;0.09411534;0.25783148;0.025010914;0.46839666;2.7363021;0.2223182;2.6521106;-0.10259284;0.1041709;-0.49922645;-0.15695757;0.07313529;0.55949765;0.904588;0.49829692;0.65537006;0.46329096;0.24655075;0.70775384;1.9676902;1.6735077;0.019523492;0.031759694;-0.06124243;-0.36842996;-0.4182877;-0.29241192;-0.5219495;-0.511343;-0.57933676;-0.65653723;-0.613333;-0.5802675;-0.6666428;2.67346;3.3293068;-0.018322004;0.04481426;-0.0699523;0.031073296;4.1016617;-0.02943221;0.32115284;-0.37635192;-0.85243875;-0.48002973;-2.860373;0.040679634;2.5863209;0.4264681;-1.4996283;-1.201115;0.93678385;-0.64758545;-1.821218;-0.040258836;0.42088732;0.41195956;0.25766596;0.105243504;-0.47016963;0.5784;0.22792272
-1.2672312;-0.8215713;-0.54365796;-0.4783464;-0.8461978;-1.1068691;0.25850034;-0.5272578;-0.26007807;0.718233;0.09463684;0.583876;0.06601635;-0.19298032;-0.5074155;-0.57325685;-0.54961336;-0.64506197;-0.77925843;-0.71103936;-0.56979805;-0.52967477;-0.12474868;-0.50746244;-0.6414429;-0.45538595;-0.11769304;-0.059550304;-0.2993484;-0.59659857;-0.2301015;0.26156387;0.14361319;-0.3953828;-0.59311485;-0.43853825;-0.36098626;-0.21752657;-0.2960928;-0.21545264;-0.1749978;0.06056053;0.37090537;-0.14423755;0.65658194;-0.16503486;-0.6178735;-0.4629844;0.37399825;-0.16382006;-0.41722125;-0.37340873;-0.42777812;0.55595475;0.2217831;0.2776737;0.03526258;0.73365664;-0.307047;0.83204955;0.031466138;-1.6192136;-0.53830636;-0.49762547;-0.079454
0.67268145;0.704612;1.2852933;0.37533095;1.5317487;0.44967794;-0.5653884;-0.4665571;-0.6725678;0.020121928;-0.34791437;0.5173825;-0.32657644;-0.23542225;-0.2848465;-0.6598566;-0.62106776;-0.517115;-0.66472423;-0.5618622;-0.6027884;-0.672584;-0.7369794;-0.57441473;-0.19467421;0.008641343;-0.008671291;-0.08510796;-0.3848652;-0.27031073;0.10806276;-0.1404829;-0.30301452;0.08200481;-0.08381218;-0.028963028;-0.39685836;-0.28791073;-0.11091233;-0.26750597;-0.42328718;-0.19008048;-0.57419884;-0.21055628;-0.8703405;-0.14544755;-0.50319076;-0.45543563;0.51295996;-0.20425907;-0.45746765;-0.68007624;-0.15330026;1.2311907;-0.8806667;-1.6396847;-1.2631893;-1.6722018;-0.11421919;-2.3236287;2.1910117;-0.92928666;0.736328;0.08170145;-1.95234
-0.4545575;0.39145392;1.8615061;1.2630906;1.4511011;0.68282896;-0.32677338;0.00905962;0.15933107;-0.77343345;0.086109124;6.0159276E-4;0.17507507;0.56962734;0.563976;0.31802428;0.0054577845;0.09055564;0.6537347;0.97380584;0.19078454;-0.49816358;-0.6324654;-0.4147092;-0.44451144;-0.19745386;0.1084581;-0.27766812;0.011331197;-0.2182759;-0.2208396;-0.039259896;0.23521584;-0.12101877;-0.09781432;-0.0023968278;-0.10020212;-0.28381038;-0.4812732;-0.38462612;-0.42328718;-0.5734135;-0.305353;-0.5531548;-0.117263;-0.4876456;0.0667345;0.22616525;0.15581761;-0.57967925;-0.38237694;1.4662994;1.3038393;-0.5098799;0.07394562;0.3738184;0.7335002;0.040038496;-1.1136142;0.29341045;0.6734873;2.1156754;1.3958193;-0.4035984;0.80693376
