codebookNumeric
64;65;5;0.0;0.0
139.4988;0.8167679;0.2127746;0.0;0.5710453;6.342506;0.5687301;0.9738633;0.02475202;0.06374402;0.1633255;0.340775;0.5221612;0.6564251;0.8942669;0.79526;0.8612847;1.054911;1.070923;1.046719;1.043834;0.9937215;1.181164;1.432137;1.330164;1.347409;1.402296;1.45413;1.672425;1.188311;1.184814;0.9049429;0.8785877;0.739811;0.6276816;0.5329657;0.09560544;0.00688554;287.1094;430.6641;473.7305;645.9961;0.1563161;576.856;3.625436;581897.7;4.263161;25.01483;-0.01460808;0.5218789;0.0561762;18.13202;7.893004;27.14309;-13.75646;-28.2713;-17.56463;-13.8397;8.46548;1.255084;-16.01187;14.56866;-6.482259;8.063661;-7.854801
0.0;0.7109705;0.0;0.0;0.0;-100.0;0.6445814;1.376396;0.05808902;0.5787352;0.2843946;0.2105746;0.2181734;0.2827624;0.5020725;0.6972221;0.5605775;0.5451979;0.7194622;0.9829721;1.210992;1.341807;1.430912;1.364262;1.44152;1.645129;1.495218;1.828424;2.188073;2.638443;2.239249;2.407175;2.330914;2.370857;2.566778;2.28314;0.08101441;0.004149521;4809.082;9790.43;10594.34;10838.38;0.4771469;7502.957;5.615098;1.8137034E7;-1.017634;2.238945;0.02658886;5.590118;0.1821517;7.965538;26.60779;-1.063573;15.93491;-19.74388;-7.046405;-3.818877;7.774163;14.36878;12.11544;9.471637;4.506292;-2.057116;-5.973546
164.6709;0.7951291;0.0;0.0;0.3742972;2.443177;0.3347956;1.224979;0.006995285;0.1307634;0.08903573;0.1520828;0.2071311;0.3008539;0.3707524;0.5547733;0.8533621;1.100664;1.073576;1.291809;1.152551;1.086188;1.625942;1.418006;0.9837416;1.236622;1.542261;2.962041;3.799349;2.494401;1.582781;1.453909;1.38545;1.151865;1.006571;0.9737388;0.002032549;0.002750285;775.1953;2296.875;3215.625;5383.301;0.05705235;2314.531;5.679646;4433155.0;1.287446;5.786247;-7.137114E-4;1.561837;0.002659665;4.167787;5.634365;7.008362;-7.665676;-0.1872363;2.408991;-8.696841;30.20334;-5.020026;-22.25162;5.991212;10.73834;0.346502;0.1720498
0.0;0.6032088;0.0;0.0;0.0;-100.0;0.1224109;0.5430951;0.002740267;0.2350718;0.06201737;0.07267065;0.1231841;0.1642506;0.1997112;0.2372799;0.344015;0.3840828;0.5774019;0.7488101;0.6659099;0.630468;0.6685987;0.6643808;0.7270232;0.8436184;0.8862922;0.875547;0.8638778;0.9620689;0.7303303;0.6686919;0.6504231;0.47723;0.4566096;0.4359789;1.542409E-4;5.048738E-5;129.1992;1363.77;3689.355;5842.676;0.03763493;2292.556;4.737416;9870260.0;1.909556;7.974026;-1.040341E-4;1.705422;1.520671E-4;6.433409;20.88461;16.04212;10.04196;-10.19359;-4.81359;4.054545;11.67482;6.536462;6.414557;-9.06468;-7.743644;-7.64448;5.286731
0.0;0.6481602;0.0;0.0;0.0;-100.0;1.287328;1.500523;0.02991366;0.1963971;0.1474827;0.1237839;0.1408348;0.2410559;0.30261;0.4092821;0.348363;0.442277;0.4658569;0.6943877;1.031143;0.9662137;1.321141;1.588523;1.913746;1.96023;2.106192;2.294364;2.92135;2.790477;2.662699;2.636607;2.840592;2.80164;2.768409;3.094337;0.03523462;0.06189104;1306.348;6029.297;8929.102;9948.34;0.3706508;5458.956;6.830431;1.4663833E7;-0.1932568;1.4741;-0.0214349;4.033933;0.09680349;3.422386;1.571463;-7.882853;14.30614;-9.930396;4.817445;-14.71803;-2.032191;-4.693892;3.619534;-4.529503;-5.284691;-2.743547;-10.67575
251.6245;0.7199424;0.02209868;0.03800039;0.1191008;-23.93027;1.075376;2.11992;0.1052757;0.08767951;0.2091195;0.323558;0.3405674;0.409358;0.8813767;0.885814;3.474092;6.212877;3.568377;3.030922;2.657254;2.606734;2.473683;2.511053;2.211078;2.808461;3.850783;3.4001;2.459582;2.834917;2.303106;1.300666;1.250933;1.265196;0.9502294;0.8980907;0.01657966;0.04529584;732.1289;746.4844;760.8398;803.9063;0.6896194;774.3083;2.121783;62068.76;15.57151;391.3621;-0.2199494;0.7695885;1.015976;20.40359;-18.61728;-22.10225;-30.13943;-24.74549;25.24999;23.2141;5.407747;-6.40002;-12.68304;-31.72117;-14.5143;6.748876;-2.840069
528.3404;0.7009373;0.1297269;0.0;0.2626923;-34.85276;1.406292;2.217083;0.05173811;0.3224994;0.06343683;0.3404295;0.2730866;0.3709617;0.4593702;0.608111;0.3900143;0.6431515;0.7396176;0.9657484;1.56922;1.981756;2.125878;2.720565;3.018716;1.831524;2.077397;3.62028;5.819872;4.530938;4.797843;4.80987;4.592871;4.548121;2.987056;1.758323;0.02046351;0.2125155;3430.957;3919.043;4923.926;5871.387;0.4301564;4022.732;6.166579;2237095.0;-0.2713403;3.647713;-0.01809136;2.516766;0.1590042;-24.49834;-5.400675;13.42774;-8.992516;-4.627096;-51.30467;-38.64634;-20.91679;-11.1081;-29.02094;-1.405535;-4.260605;6.844511;0.8514287
0.0;0.5982504;0.0;0.0;0.0;-100.0;0.167258;0.4635665;0.002844421;0.4278156;0.05160163;0.07486842;0.09924535;0.1369845;0.1525984;0.1789396;0.2152067;0.1849356;0.2169447;0.294344;0.3510907;0.469034;0.5206289;0.4999625;0.3649953;0.4312067;0.6843299;0.6737248;0.6334329;0.9905339;1.088593;1.258337;0.8163223;0.5730419;0.5152192;0.5766072;1.090062E-4;2.120311E-4;2081.543;2871.094;4220.508;6531.738;0.02380673;3203.779;5.756358;6000705.0;0.8453236;4.691244;-5.883389E-5;2.166758;3.722069E-4;-4.387891;20.48991;18.33379;-4.00841;-0.1058629;-9.663657;-5.797146;16.47293;19.8037;17.62296;-8.568227;-2.062769;-10.28653;0.9345942
0.0;0.56354;0.0;0.0;0.0;-100.0;0.192802;1.606592;0.003881254;0.3230033;0.07363711;0.1152053;0.1655235;0.2033562;0.2295998;0.275818;0.4099883;0.581604;0.7331591;0.7695242;0.879086;1.284636;1.382942;0.9547389;1.015762;1.087885;1.695604;4.427726;6.591462;4.657671;2.977887;2.968507;2.316366;2.72698;2.044533;1.202172;4.598641E-5;7.63315E-4;3689.355;4636.816;5656.055;8096.484;0.06964868;4757.762;6.38014;5141657.0;0.1891677;3.348657;-4.246572E-5;3.119268;5.835597E-4;-11.91572;19.54968;13.00296;-13.1459;20.093;-3.117765;-13.31559;8.188773;12.47226;-17.24738;9.011003;-1.194327;5.78792;0.6858152
0.0;0.6963558;0.0;0.0;0.0;-100.0;0.5472832;0.7320824;0.04307748;0.2068531;0.141936;0.3662344;0.2956187;0.271982;0.563175;0.384449;0.3983474;0.3666893;0.4481374;0.5629178;0.5760264;0.7245395;0.7700546;0.9136848;0.7426009;0.6973402;0.789845;0.7483655;0.9108378;0.8883696;1.000947;1.275393;1.24235;1.361405;1.50671;1.086187;0.1228681;0.001553399;215.332;315.8203;416.3086;4191.797;0.371265;1396.469;3.53998;7702547.0;2.558208;8.614482;-0.03184288;1.11497;0.09586731;15.65445;33.13265;1.66005;11.15897;-29.24554;-17.54352;-7.637876;-4.600729;-4.200647;2.915881;-8.030667;-5.046873;-18.42999;-27.13111
140.865;0.698221;0.0759638;0.04307239;0.361794;5.856437;1.328023;1.133139;0.08888498;0.1320232;0.2592518;0.3300616;0.5784347;0.4977773;0.5235588;0.4546222;0.7362058;0.9072993;0.8487359;0.6610265;0.8753647;0.8944294;1.020315;1.01912;1.102104;1.565562;1.863738;2.223217;2.14131;1.778423;1.930092;2.37853;1.639222;1.271058;1.081685;0.8804694;0.6148522;0.1847138;186.6211;301.4648;1220.215;1464.258;0.7553165;930.8616;4.156824;3247859.0;4.609097;28.6515;-0.1491029;0.7439235;0.4265911;20.15903;8.112912;18.12339;0.3411064;-18.77175;-0.722878;-7.598864;10.60169;4.748194;2.316444;-11.11533;-0.7203196;3.503115;-1.54911
0.0;0.6651671;0.0;0.0;0.0;-100.0;0.6397073;0.7091899;0.02468707;0.09926934;0.2129547;0.3565288;0.3732058;0.6748689;0.6267348;0.5646367;0.3991338;0.5624841;0.6342065;0.5931062;0.6638284;0.7185936;0.7758366;0.8322414;1.156912;1.655642;1.467198;1.214155;0.9009004;0.7700529;0.7917833;0.6819265;0.6314816;0.5500374;0.3548568;0.2756326;0.03075178;0.02040689;229.6875;358.8867;1191.504;2698.828;0.2816192;925.2391;4.523375;1363763.0;2.584125;13.65892;-0.01267809;0.6909377;0.03245808;15.88281;-4.211214;23.30023;2.513046;-21.72489;3.354985;-4.566459;-18.26578;1.817909;5.43368;3.489308;4.730076;-2.822604;-2.611469
196.9461;0.7570909;0.01820509;0.01589478;0.04507426;16.18758;0.4751984;0.9567974;0.02751815;0.2081129;0.1704695;0.3163612;0.4214665;0.3985856;0.4039154;0.3088818;0.334843;0.522472;0.5409595;0.5360537;0.633895;0.6651403;0.8990938;1.278481;1.528883;1.072266;1.314573;1.279989;2.237477;2.1648;2.206556;2.377815;1.163465;0.8088236;0.7877197;0.5037478;0.03295199;0.003411712;172.2656;215.332;215.332;1392.48;0.1231257;484.0221;2.577509;1171545.0;6.773283;77.07194;-0.01753328;0.4055239;0.0402531;12.7821;21.10854;36.12062;-6.124038;-16.27128;-22.36735;2.680239;0.7009923;-14.36169;-6.190163;-11.78849;-7.048315;-23.42249;-9.191836
279.1458;0.9067891;0.003323673;0.002829012;0.04467161;16.08278;2.55042;1.442687;0.2599211;0.0919627;0.1142776;0.2940379;0.7479241;1.182028;1.14573;2.177968;2.494808;2.740461;2.448359;1.404551;3.478423;3.920355;2.802863;1.331943;1.213856;1.7513;1.49756;0.9710481;1.133981;1.175964;0.7317464;0.6870799;0.674394;0.4960589;0.4759196;0.417216;9.40426;1.174208;358.8867;473.7305;660.3516;947.4609;1.052262;602.9661;3.158406;316300.0;8.691789;126.4174;-1.482594;0.58793;6.213902;26.18464;-13.15327;-19.43381;-5.485593;-41.31956;-22.47914;-28.6687;-14.89603;-7.050224;-14.26017;-47.16701;-32.73854;-1.931641;-0.4373902
200.0231;0.8655055;0.01186395;0.004175663;0.08924308;12.85425;2.104208;1.556516;0.07205429;0.05467372;0.1170667;0.2776391;0.4114601;0.8664527;1.012138;1.537951;1.56074;1.170881;1.418324;1.27383;1.298476;1.273239;0.9614007;1.263424;3.022383;2.777223;3.285153;3.657108;2.963511;2.951972;2.599689;1.717235;1.179328;0.614162;0.5759818;0.6826435;1.376536;0.2639177;387.5977;430.6641;602.9297;2526.563;0.2903768;825.0179;3.651546;872131.8;2.557327;11.3877;-0.23101;0.6823527;1.003299;23.55048;-16.17924;37.2978;-44.65937;-22.87345;-19.46841;-7.634008;-1.039767;-13.10356;30.63345;-21.58701;20.88061;-18.93207;15.60379
0.0;0.6421149;0.0;0.0;0.0;-100.0;0.2554821;0.5280762;0.008072177;0.3036029;0.07323996;0.122869;0.2032909;0.2519362;0.2534986;0.245993;0.2998913;0.3319236;0.4559168;0.4229743;0.4687406;0.6219783;0.546985;0.5313101;0.5174996;0.6074123;0.6718378;0.7363982;0.7317377;0.7284767;0.6639341;0.7502763;0.9991614;0.9011315;0.8852506;0.7063176;0.003717649;4.584317E-4;186.6211;502.4414;5053.125;8182.617;0.06151447;2490.765;5.254747;1.1813339E7;1.372737;3.889291;-9.354679E-4;1.899844;0.003577477;16.26506;17.77786;-8.738232;13.07157;-17.88416;8.985457;-2.098533;4.425297;6.26599;-6.070747;-7.779844;2.747706;-2.947764;-6.524225
329.828;0.8521416;0.1382896;0.09675992;0.319198;-4.539775;0.4607913;1.036598;0.01721796;0.1242127;0.1129625;0.176694;0.3311504;0.4873942;0.4290543;0.5598832;0.5930536;0.6030558;0.7952936;0.8706822;0.9223364;1.089381;1.087126;0.9012157;1.256753;1.573419;1.432573;1.536447;1.680967;1.732176;1.484407;1.679187;1.966061;1.535668;1.413502;0.7011001;0.05703677;0.005064132;473.7305;1378.125;3502.734;4565.039;0.179471;2031.841;5.250434;4609107.0;2.756663;20.69092;-0.008555409;1.460313;0.02493331;5.054518;7.904758;-4.345926;-4.84982;-2.698108;-10.61382;-4.525195;-9.823409;10.10856;-10.81893;-13.20429;6.776911;14.95358;0.8606011
192.9318;0.8272266;0.01091211;0.008754886;0.1994797;6.937135;0.7174438;1.982428;0.02593839;0.1227009;0.1287691;0.2584319;0.3308069;0.9062521;0.8667137;1.463291;2.675465;2.264533;2.59647;2.922012;2.775443;2.973205;4.810518;4.62526;3.276827;2.609606;2.406691;1.702308;1.895873;2.388658;2.528126;2.216007;1.138459;0.6188957;0.5387847;0.6257275;0.06823779;0.02989215;445.0195;531.1523;1277.637;2009.766;0.2468171;955.0189;4.17914;746721.5;2.083705;8.253223;-0.01273993;0.7968848;0.05146233;19.67537;-20.87972;10.23517;-21.22501;-19.87636;-46.91035;-0.5272967;16.99564;-30.15532;17.81503;-22.58738;12.46588;2.544954;-17.5395
0.0;0.5833325;0.0;0.0;0.0;-100.0;1.182458;1.137171;0.04767609;0.3907785;0.1679372;0.2969805;0.3590201;0.3715657;0.4115597;0.4824815;0.6786701;0.6534599;0.8748704;1.125782;1.02353;0.8950492;0.9863122;1.165194;1.336915;1.191996;1.582069;1.514287;1.248483;1.874616;2.738337;2.899365;2.093822;1.483679;1.184163;0.9262984;0.1328707;0.05474724;330.1758;875.6836;4005.176;5469.434;0.4865763;2188.69;5.725296;7003130.0;2.182058;11.7014;-0.03033892;1.615861;0.09601965;8.522059;8.823857;-2.645296;0.2589976;-5.50006;-10.53696;-0.6781044;-10.52099;2.839136;13.77435;-1.675671;6.142702;-7.096439;-9.111325
88.95805;0.7126047;0.0;0.0;1.0;0.3973008;0.147838;0.9883412;0.005807757;0.1660368;0.1292162;0.2720484;0.4195279;0.5544473;0.6697289;0.7658961;0.8470283;0.9178292;0.9822495;1.043099;1.102099;1.16007;1.217131;1.272837;1.326212;1.375581;1.418056;1.448481;1.457878;1.432704;1.358746;1.23234;1.069155;0.8959276;0.7342484;0.5943311;0.001479854;0.002006991;516.7969;2741.895;5756.543;6560.449;0.04075667;3282.176;6.066584;9444308.0;3.170183;39.79108;-6.157823E-4;2.435774;9.760919E-4;9.215354;4.113144;-6.77861;-7.269895;-2.973607;8.683124;-4.887237;-4.276703;-9.557204;-1.409016;-6.635054;-1.587483;-5.119192;-9.605832
0.0;0.6891229;0.0;0.0;0.0;-65.65786;1.040435;1.891767;0.0548626;0.09700176;0.1329067;0.3170258;0.541219;0.7303514;1.185129;1.8106;1.479953;2.020068;2.526623;3.393235;2.800068;1.988963;1.887815;1.907248;2.229542;2.603654;3.123343;2.468339;2.597233;2.758694;2.318292;2.099522;1.609943;1.656601;1.68131;1.318266;0.2605952;0.1145067;430.6641;703.418;1004.883;2138.965;0.4042398;999.1711;4.813744;1793374.0;4.858649;36.61559;-0.05820577;0.8613508;0.1150607;16.90049;4.591478;-13.89577;-8.767623;-12.33842;11.47728;2.712513;-25.08071;-14.62922;15.46495;4.195323;6.927738;6.456318;-10.59975
225.0115;0.7604242;0.05822146;0.04816395;0.1031341;0.4105131;0.5605608;0.8053938;0.04851123;0.6581003;0.1221131;0.1657141;0.3018631;0.308727;0.4281347;0.3807116;0.4281293;0.46477;0.3717461;0.4579077;0.4454539;0.5065162;0.552036;0.6308568;0.727707;0.8815923;0.8453915;1.058146;1.177072;1.022332;1.065444;1.357916;1.582661;2.06037;1.830175;1.766753;0.07152811;0.00236984;5526.855;8570.215;9201.855;9603.809;0.4325434;6991.936;5.746593;1.2288056E7;-1.241699;2.820188;0.01592004;5.213092;0.1459948;13.33376;20.68934;-19.79001;10.35707;-44.70914;-9.473923;-22.32385;12.37432;-1.046295;-0.3979032;-9.285507;-6.798198;4.870445;-3.098891
270.4989;0.7374014;0.01346343;0.01177726;0.1871877;8.310542;1.02519;1.184336;0.04669468;0.09876543;0.1452139;0.340745;0.6223688;0.3482049;0.6733701;1.191452;0.6147155;1.376092;1.499846;1.600564;1.515594;1.607572;1.707678;2.051275;2.0453;1.878348;1.956755;1.976661;1.561251;1.17961;0.9803905;0.831903;0.765265;0.7534766;0.7489495;0.8201435;0.03051409;0.1717372;775.1953;832.6172;1693.945;1923.633;0.3878933;1132.945;4.038745;406362.3;3.308098;29.12289;-0.04643372;0.9702217;0.2031233;16.21962;-33.92424;-23.21544;-9.804584;-28.76288;-6.049811;-1.745977;12.78762;-12.28798;-19.89431;-21.87639;19.60413;-17.66213;-7.500423
115.0485;0.7851447;0.04829495;0.07476802;0.1550429;11.24313;1.133446;1.980629;0.07618935;0.1932477;0.2606798;0.4094198;0.6170559;0.9933124;0.8063541;0.5318608;0.6004165;0.525113;0.4557136;0.5028046;0.8343304;1.206543;1.076726;1.163886;1.105148;1.286846;1.534338;1.961696;2.442877;3.465382;5.858541;6.476387;6.742236;3.618488;3.241204;3.778989;0.5771547;0.009011094;301.4648;387.5977;3789.844;7651.465;0.4721911;2325.379;4.953676;9059185.0;1.114777;2.844058;-0.0867764;1.716497;0.3152528;5.870186;45.61884;-3.3369;-9.987049;3.586589;-17.78327;-14.36607;-11.38804;-4.319548;12.61115;-3.401035;10.36465;-2.684572;6.289151
90.52301;0.7668514;0.0403352;0.007939444;0.01627326;10.81079;1.078981;0.9746749;0.07348061;0.06424793;0.1379095;0.2919112;0.3583544;0.4852687;0.6050634;1.090779;1.56871;1.705544;1.312075;1.329285;1.351163;1.804738;1.594111;1.113369;1.062335;0.8868065;1.265482;1.353906;1.064272;0.9413077;1.075445;0.9738402;0.729489;0.5402008;0.4400718;0.2601146;0.460814;0.03817485;401.9531;574.2188;689.0625;760.8398;0.4369924;572.293;4.055137;193489.8;7.865874;113.7937;-0.113542;0.5753688;0.2844192;30.29427;3.986148;-8.173486;-4.052761;-10.79813;-24.3621;17.05063;7.867508;26.22212;-7.776982;-16.47278;-4.596652;8.407537;-4.69143
151.3095;0.7303056;0.006619685;0.005351387;0.1975951;9.668959;2.06775;1.246189;0.1483829;0.4079113;0.1720646;0.378437;0.6207173;0.8362911;0.7939526;0.8990849;0.6997151;0.5421982;0.8147182;1.061613;1.213581;1.465849;1.780412;1.398035;1.506859;1.787035;1.135593;1.185471;1.512463;1.334029;1.969901;2.801559;2.387778;1.717721;1.272666;1.113169;2.334726;0.4231519;315.8203;516.7969;3057.715;4722.949;1.123546;1968.825;4.720665;6548914.0;1.985009;7.44913;-0.366855;1.49397;1.80081;5.891321;20.25886;3.947962;17.7557;-9.695327;-48.11601;-23.74074;-0.4588503;-0.6943612;12.26744;7.26557;3.571311;-14.23976;0.3654195
0.0;0.633543;0.0;0.0;0.0;-100.0;0.201222;0.9883412;0.003500839;0.1423532;0.1292162;0.2720484;0.4195279;0.5544473;0.6697289;0.7658961;0.8470283;0.9178292;0.9822495;1.043099;1.102099;1.16007;1.217131;1.272837;1.326212;1.375581;1.418056;1.448481;1.457878;1.432704;1.358746;1.23234;1.069155;0.8959276;0.7342484;0.5943311;9.984118E-4;5.119325E-4;387.5977;689.0625;1091.016;1952.344;0.02126551;1080.789;4.877387;2382797.0;3.856927;20.20276;-2.274349E-4;0.8863201;6.258013E-4;13.2152;0.07087549;0.1685467;-3.27932;-1.499253;-8.151729;-12.97267;-7.709322;5.848862;6.640183;3.538231;-5.719149;0.02625354;-0.9612098
91.26286;0.7092547;0.03911979;0.003268859;0.1595424;-26.27934;0.7698637;0.9343854;0.04940319;0.09826153;0.1747866;0.3777275;0.7008231;0.9233059;0.8074254;0.6101276;0.7177516;0.8390837;1.100716;1.146438;1.194393;1.357019;1.414805;1.779424;1.576817;1.696422;1.106965;1.265512;1.214757;1.113804;0.8154178;0.6052955;0.5254176;0.4353989;0.4170763;0.3773117;0.2333884;0.02186059;186.6211;272.7539;344.5313;531.1523;0.3600917;473.4406;3.592915;1216617.0;6.380399;49.14471;-0.05809734;0.4318907;0.07696587;19.44532;15.88127;9.813037;13.05245;-3.914228;-9.663834;-12.38712;-2.735591;-9.209154;-9.433106;-7.470131;-1.394275;5.101827;-1.565921
105.6966;0.7897618;0.0;0.0;0.702431;3.03456;0.4064782;0.9632322;0.03024154;0.08843537;0.1234609;0.3238304;0.4935512;0.7768202;1.020877;0.8936155;0.7154776;0.7995791;0.9401364;1.267112;1.356905;1.380087;1.321101;1.622832;1.240209;1.205566;1.081652;1.156281;1.698622;1.13788;1.230887;0.9696717;0.8216793;0.5971331;0.4705894;0.3984827;0.112702;5.033081E-4;244.043;488.0859;2325.586;3043.359;0.2609213;1297.674;4.248978;3906280.0;11.29074;236.2896;-0.02311024;1.01133;0.04549413;19.39826;34.56989;7.776943;-1.620537;-10.59335;-20.14542;-9.609325;-4.68739;2.720421;1.928877;1.11281;0.9269309;5.677403;6.936615
0.0;0.5670016;0.0;0.0;0.0;-100.0;0.2670205;0.6065663;0.004493664;0.2506929;0.04298403;0.05240624;0.09889269;0.1391926;0.2233503;0.2891967;0.333275;0.4153764;0.5174811;0.5982215;0.6486552;0.7593954;0.7049945;0.6319297;0.675409;0.8446765;0.887348;1.373817;1.321706;1.035086;0.7482845;0.8333185;0.7465917;0.7305367;0.6562631;0.4623352;9.754465E-4;0.001723404;588.5742;1593.457;2426.074;4062.598;0.04111039;1872.285;5.569061;2804002.0;1.852983;8.940784;-3.063547E-4;1.32832;8.965689E-4;8.756672;-8.119672;-2.848983;2.334473;-29.30952;14.38748;-5.959867;-4.769741;31.9474;-3.351249;4.961497;4.613831;-3.858188;-2.71264
83.94888;0.7420361;0.04857554;0.03099584;0.3452037;11.73952;0.272576;0.9329798;0.01874012;0.03275384;0.217989;0.5287902;0.9500735;0.8081679;0.4217134;0.5112575;0.8478683;1.496295;1.361323;0.8172545;0.7956855;0.8159702;0.8258104;1.034573;1.537056;1.854622;1.574347;1.189206;0.9053666;1.003332;1.124249;1.055421;0.8577557;0.666389;0.5821843;0.4747747;0.04894294;2.250029E-4;186.6211;244.043;287.1094;315.8203;0.09994022;254.4373;3.003066;29435.55;10.8954;336.0066;-0.01093914;0.2739886;0.01352521;42.12078;16.05983;14.43354;-4.360079;-9.399941;6.953276;19.06444;-16.09026;-25.68897;-8.360438;-14.74975;-3.233585;5.606009;4.931556
92.07096;0.7109615;0.05980917;0.0589047;0.7504187;-29.3675;0.2325658;0.9980963;0.0129832;0.1617536;0.1602928;0.3866077;0.6909096;0.6550516;0.4453147;0.3958253;0.4159534;0.4064143;0.4596267;0.5423127;0.7328537;1.038168;1.883774;2.083545;1.530339;2.369094;2.071329;1.591521;2.073743;1.556396;1.188021;0.7056603;0.8044105;0.6923647;0.5317698;0.5392077;0.005085937;3.865239E-4;86.13281;129.1992;215.332;301.4648;0.1896653;253.9108;2.93769;493298.2;9.414562;115.3027;-0.003516542;0.2312289;0.003413375;15.7121;21.94955;33.04325;15.83757;-7.041603;1.217978;-8.517782;2.398329;7.879156;-5.291114;-0.1589597;-1.325325;2.456135;0.2209929
0.0;0.5470964;0.0;0.0;0.0;-100.0;0.9258725;3.388999;0.03882967;0.4086672;0.8101868;1.404026;1.692551;2.361648;3.45363;2.56712;1.945239;2.162656;2.269112;2.592454;2.081046;2.104575;2.208176;4.344507;3.059288;5.270125;6.590246;5.098933;5.703663;5.687553;6.345459;5.37117;3.840747;3.391204;2.982589;2.776081;0.01618915;0.04799756;1378.125;3029.004;4335.352;6790.137;0.4210885;3373.373;5.754637;5617209.0;0.7524693;3.836789;-0.01229914;2.269691;0.07313519;-13.1257;25.59999;39.22166;11.67224;-8.85794;-14.16447;-2.229861;11.24308;8.704413;5.930251;-2.823005;6.69021;6.18691;-8.226665
397.5468;0.7194342;0.1527314;0.1297663;0.1963924;0.256786;1.259627;3.497223;0.04947462;0.218191;0.03905834;0.0801085;0.1277365;0.2082544;0.3548663;0.5375919;0.6585162;0.860626;0.956645;1.763633;3.27007;6.310848;7.938187;9.513634;9.217212;7.537483;7.741019;5.871232;4.815023;3.31751;3.967227;4.179939;4.435122;3.45191;2.144531;1.629814;0.001387713;0.3708958;1866.211;2067.188;2512.207;4766.016;0.4375398;2523.53;4.904374;1558500.0;2.167536;7.831739;-0.03233675;1.724251;0.152123;-19.42567;-19.09736;20.00726;28.14011;-10.23066;-36.58447;6.17887;1.175172;20.6722;-1.512786;-6.384215;-5.355375;-4.797881;6.560722
0.0;0.0;0.0;0.0;0.0;-100.0;0.3405981;0.9511253;0.01126613;0.5217939;0.1713809;0.4121849;0.600091;0.7032287;0.7081819;0.7306833;1.087002;1.070885;1.320836;1.354639;1.359677;1.492363;1.746673;1.288525;0.9896728;0.9834423;1.085676;0.9428698;1.006976;0.9266265;0.9689221;1.031278;0.8875811;0.6225045;0.5949808;0.6423783;0.006808183;8.435295E-4;1866.211;2741.895;4608.105;4909.57;0.1053938;3029.707;5.098526;4046819.0;1.780449;14.78852;-9.657808E-4;2.188323;0.007156014;7.106052;16.65655;5.18249;-4.679352;-2.182442;-23.95436;-0.758578;8.618964;-4.174255;3.112715;-12.50015;11.74837;-8.217533;-5.108794
0.0;0.5784532;0.0;0.0;0.0;-100.0;0.1273518;0.9726852;0.001891751;0.2312925;0.1435737;0.2968982;0.4752145;0.5893899;0.6960347;0.7900663;0.8061953;0.8530809;1.015356;1.077687;1.174205;1.090847;1.106193;1.20428;1.392838;1.320742;1.393242;1.444003;1.459771;1.436486;1.300265;1.129992;0.9242719;0.8816255;0.7351574;0.5523973;8.938381E-5;8.280153E-5;157.9102;373.2422;2627.051;5383.301;0.01882465;1823.156;5.281668;6318906.0;1.774774;6.08869;-6.368034E-5;1.276623;1.385444E-4;1.179226;14.20095;20.31358;10.00479;-2.894198;-2.192148;-6.442854;-5.564918;11.41651;3.909044;0.7738721;-3.834025;2.865088;4.140386
0.0;0.6657138;0.0;0.0;0.0;-100.0;0.849645;2.232748;0.06300917;0.579743;0.2996978;0.3538364;0.3506544;0.3656834;1.022072;1.187051;0.8290094;0.7559131;1.35345;1.912891;1.958748;2.272652;2.087463;2.435697;2.689943;2.592215;2.446411;2.880122;3.194057;3.699343;4.447095;4.252966;4.120699;4.109874;3.24346;3.190442;0.1331209;0.01295591;689.0625;8943.457;10034.47;10666.11;0.6224952;6463.685;5.930642;1.8992896E7;-0.5737054;1.522566;0.01653809;4.809781;0.2296917;6.535172;26.85896;-2.198918;11.35391;-14.27839;-10.95854;-2.307798;3.037769;13.18011;11.74232;2.168632;-1.46328;-4.442044;-7.442155
0.0;0.616146;0.0;0.0;0.0;-100.0;0.631861;0.8759421;0.01603071;0.2363316;0.1403596;0.2476489;0.2668595;0.2215365;0.2433369;0.4133436;0.5319971;0.7480825;0.9352233;1.025814;0.8966498;1.169485;1.091041;1.520195;1.168631;1.048352;1.0815;1.200675;1.116164;1.225129;1.132229;0.9207404;1.062148;1.057526;1.172041;1.137785;0.001428443;0.01287098;1234.57;3517.09;5813.965;7522.266;0.1425345;3702.748;6.501999;8359042.0;0.4338913;2.399767;-0.001850426;2.635866;0.01441629;-3.17168;2.9479;-2.784304;13.86294;-2.2825;14.46117;20.66916;15.39777;-6.978357;-8.540959;15.11644;5.978685;2.640119;1.584748
0.0;0.7014599;0.0;0.0;0.0;-100.0;0.3165689;1.009941;0.01149757;0.2685815;0.2361855;0.5250151;0.6009578;0.6877692;1.174715;1.202547;1.010977;1.094801;0.9923169;1.29941;0.9865076;0.9616601;1.058254;1.190025;1.239243;1.296579;1.366382;1.45897;1.381743;1.386818;1.138515;1.066294;0.9450691;0.8076951;0.6485595;0.5014536;0.00142638;8.637058E-4;86.13281;143.5547;3660.645;8182.617;0.09980454;2157.336;4.577182;1.1335755E7;1.479788;3.992093;-0.002260262;1.564207;0.002365649;-0.5487225;29.72372;25.71684;8.252936;2.665768;-5.138027;0.4027115;13.01635;13.49392;14.42509;8.710427;-1.838462;-0.7890801;-3.575767
64.99332;0.7193623;0.0;0.0;0.0;-30.92517;0.7881474;1.436749;0.04011875;0.3159486;0.1034003;0.1584246;0.2323252;0.2531298;0.2554053;0.3464764;0.3466896;0.3889933;0.60781;0.7931749;0.7185161;0.9042017;1.171589;1.251778;1.079764;1.113077;1.303153;1.257991;1.81208;3.247284;3.962652;3.46868;3.812644;2.922659;3.036039;2.807533;0.07115557;0.006739753;1909.277;5612.988;8412.305;9331.055;0.3292595;5145.028;6.307835;1.3519987E7;-0.2678598;1.813208;-0.002095423;3.754655;0.09201273;1.916761;34.04946;-7.850824;-2.586309;8.490639;-14.02203;-11.38325;-3.127528;-20.04448;7.323456;0.8356798;-0.6590781;5.847835;-1.058584
0.0;0.5850756;0.0;0.0;0.0;-100.0;0.6572866;0.4729576;0.02505814;0.3698665;0.1158449;0.3199372;0.3922887;0.3441015;0.3632374;0.447048;0.2393385;0.1737812;0.1988767;0.1948834;0.3893148;0.4305581;0.684131;0.7283099;0.5950016;0.4945537;0.4793406;0.4891536;0.552619;0.610506;0.4745888;0.5779712;0.5390761;0.5130079;0.7525625;1.196864;0.007489582;0.01699174;875.6836;2397.363;9072.656;9661.23;0.2024686;4681.915;6.247904;1.6644795E7;0.184565;1.191561;-0.002204251;3.523738;0.03440566;8.025763;3.457422;-17.41922;-3.237583;0.1959511;33.19115;-1.39575;5.355846;-7.461639;-2.288914;-2.192575;-6.57741;-8.434632;-5.500475
281.501;0.7967107;0.2440638;0.2323321;0.3315314;-0.2493684;0.5567067;1.053474;0.02607498;0.08717561;0.1685575;0.1738472;0.3501182;0.5475995;0.4797623;0.4835614;0.5885887;0.7403906;0.9343494;0.8005732;0.8364498;1.01782;1.008597;1.236583;1.219181;1.015181;1.277351;1.45451;1.622909;1.51378;1.578862;1.750152;2.339572;2.132681;1.337106;0.7822453;0.1215896;0.008329609;358.8867;660.3516;2038.477;2641.406;0.2517179;1288.918;4.14042;2908289.0;5.633402;68.74174;-0.01870882;1.007946;0.06606784;14.76902;0.6338441;-7.745368;-9.584588;-14.40375;-26.55122;-13.69561;-1.098655;-11.62269;-7.81366;-10.54148;13.15992;11.37465;-6.199074
167.3881;0.776591;0.0;0.0;0.05298013;-31.43691;0.339826;1.509748;0.005909848;0.175359;0.0688757;0.1194544;0.1866831;0.2288081;0.303228;0.3921676;0.4836076;0.6968884;1.052857;1.284312;1.085045;1.013111;0.714914;0.7254198;0.9728535;1.478761;2.063989;4.060542;5.295211;3.150696;2.313599;3.043309;3.102326;2.541359;1.736002;1.139434;7.148893E-4;0.002237829;1220.215;3330.469;5110.547;6488.672;0.07759538;3368.958;6.509665;5368976.0;0.1960767;2.166184;-3.373595E-4;2.209394;0.001777426;-5.909868;12.32883;5.454958;-16.89638;-2.573823;12.86371;1.20621;-7.792349;12.29872;-0.7857062;3.382666;-4.31284;-11.3151;-0.2458532
0.0;0.5804742;0.0;0.0;0.0;-100.0;0.4769529;0.775029;0.02418901;0.5787352;0.1155744;0.1564083;0.1908135;0.2875825;0.4099402;0.3105031;0.3614729;0.3767302;0.3608176;0.3649017;0.370679;0.4378197;0.5926688;0.6466109;0.7827365;0.8974845;0.9121945;0.7532966;0.8320768;1.031951;1.193964;1.642412;2.101443;1.865788;1.686163;1.468723;0.01165732;0.001362681;2942.871;8168.262;9287.988;10292.87;0.2136032;6300.658;6.218569;1.5751392E7;-0.6637394;1.894223;0.002293544;4.70165;0.03457889;7.851321;23.10571;-17.07675;-11.06257;-19.34883;0.9109643;7.076094;11.3694;5.982447;4.887915;-11.68258;4.70736;-0.7475454;2.857906
344.9625;0.8066399;0.005536269;0.004189484;0.06378599;12.75914;0.9487334;1.45137;0.04680237;0.09322248;0.1347457;0.1862851;0.4116583;1.992877;1.514092;0.2920676;1.499867;1.353236;0.6336663;1.708338;1.396515;2.323018;1.609201;1.538615;1.895445;2.518934;3.02738;2.070062;1.672538;1.795422;0.9516469;0.9643342;1.321852;1.501825;1.644742;1.777265;0.2062081;0.08460071;387.5977;602.9297;1392.48;2641.406;0.2917073;1099.922;3.425153;1675102.0;3.079308;16.17854;-0.04186389;0.8679208;0.1866101;7.636361;-18.271;-5.820362;-5.743935;-64.32648;8.437375;-19.17474;-37.05989;-10.59031;-16.87584;-18.67114;4.82715;21.4702;40.73927
0.0;0.6130526;0.0;0.0;0.0;-100.0;0.1539559;0.890914;0.003154022;0.3507181;0.1447344;0.2247363;0.1736736;0.2143296;0.2803398;0.2897514;0.3368509;0.3659599;0.4026071;0.568837;0.784674;0.9715564;0.8582563;0.8159924;1.116559;1.323892;1.242512;1.349917;1.587882;1.586639;1.728065;1.754403;1.649344;1.340257;1.069478;0.9825142;2.040526E-4;9.776527E-5;114.8438;574.2188;7565.332;9833.496;0.02283889;3456.813;5.67469;1.6500113E7;0.635415;1.687965;-8.973572E-5;2.54249;3.468935E-4;3.481591;20.27378;0.1727627;12.47617;12.46468;5.706904;-2.949868;1.65881;7.11615;16.77223;-4.304425;-11.48819;-6.74628;-3.429638
0.0;0.6370918;0.0;0.0;0.0;-100.0;0.1833166;0.5914161;0.003281762;0.1826657;0.1268971;0.1813626;0.2689123;0.3229924;0.1893452;0.250114;0.3647919;0.4018659;0.6904141;0.71172;0.6362855;0.7269404;0.6951941;0.575979;0.6716883;0.6521496;0.6960478;0.846782;0.9102038;0.6848904;0.711088;0.8838562;1.086339;0.911969;0.7183617;0.4606272;7.324404E-4;2.011825E-4;157.9102;315.8203;746.4844;3890.332;0.03765158;1167.08;4.944594;4200234.0;2.626621;9.822644;-1.881583E-4;0.878886;3.65226E-4;8.344081;11.91532;12.13099;-3.281146;-9.592917;-7.296937;-0.8209782;6.227501;6.428057;-5.870624;-13.41996;-3.763835;8.230412;4.712458
0.0;0.0;0.0;0.0;0.0;-100.0;0.09740462;0.9883412;0.001172096;0.2847065;0.1292162;0.2720484;0.4195279;0.5544473;0.6697289;0.7658961;0.8470283;0.9178292;0.9822495;1.043099;1.102099;1.16007;1.217131;1.272837;1.326212;1.375581;1.418056;1.448481;1.457878;1.432704;1.358746;1.23234;1.069155;0.8959276;0.7342484;0.5943311;2.560022E-5;3.41049E-5;100.4883;803.9063;4651.172;7565.332;0.008689995;2477.696;5.783793;9614029.0;1.077289;2.917916;-1.783955E-5;1.745783;4.333227E-5;-0.9066908;15.6194;18.2251;10.4944;-3.436713;-6.704419;4.932533;8.260522;7.247181;3.575549;2.73939;-0.2239717;-7.634012;1.459749
0.0;0.5942583;0.0;0.0;0.0;-100.0;0.3995327;1.073892;0.01383467;0.287226;0.1554966;0.3206846;0.4706287;0.4670526;0.5122148;0.5221412;0.5092232;0.629956;0.680527;0.5997426;0.6832125;0.9952828;1.335102;1.850868;2.282401;1.417558;1.576095;1.757227;1.768097;1.46065;1.555417;1.875338;1.573025;1.177402;0.8908737;0.8549793;0.004948741;0.002616169;100.4883;200.9766;1981.055;4565.039;0.1407691;1311.743;4.380938;4848414.0;3.227779;20.92698;-0.003672731;0.943424;0.006012399;6.405073;19.55438;15.57872;9.589356;-5.454665;2.149362;-5.989583;26.47679;13.6519;-5.29392;11.48126;-4.852161;-13.92724;2.930735
99.21944;0.7964833;0.02961247;0.02160557;0.08657297;12.11409;1.265727;1.776332;0.1130742;0.05114639;0.3992342;0.6854572;1.058553;1.310279;1.374117;1.384534;1.569112;1.819165;1.363314;1.214972;1.366005;1.192083;1.077491;1.178543;1.955862;3.94947;3.833947;3.844561;2.916813;2.588147;1.851924;1.501571;1.73045;1.726443;1.726789;1.565782;0.8672283;0.07569372;143.5547;229.6875;330.1758;574.2188;0.4173511;449.8451;3.739047;1042468.0;5.952662;42.7207;-0.2842725;0.3988416;0.492352;19.78444;27.42997;20.34728;-2.417684;-40.43304;29.79792;1.083148;-8.325464;0.2121833;-0.7588677;-7.301463;-16.45596;11.20577;4.634204
81.3515;0.7615533;0.0;0.01120282;0.03513604;9.534544;0.2136191;1.168418;0.008416499;0.09599396;0.1230143;0.230542;0.3288992;0.4695989;0.4533518;0.4176646;0.5818937;0.7916231;0.7271762;0.8722441;0.8628876;0.635333;0.8750575;1.068402;1.336853;1.449324;1.159454;1.466255;1.201163;1.006858;1.299199;2.874404;3.621185;3.311008;2.033175;1.182302;0.002489189;1.678781E-4;114.8438;157.9102;244.043;2268.164;0.05217441;709.519;3.636829;2617250.0;3.422873;15.64901;-0.001453993;0.5409619;0.001574142;12.14381;35.04921;-2.466778;17.65703;24.53747;-13.7994;4.244463;-14.91111;10.71937;-3.582572;-4.05706;-18.6368;2.56464;6.623058
0.0;0.6285768;0.0;0.0;0.0;-100.0;0.7565638;1.030557;0.03549913;0.3439153;0.1464223;0.1529792;0.2267625;0.3496085;0.4068612;0.4887111;0.5165286;0.4877147;0.6886491;0.9436818;0.9167977;0.9989583;1.100046;0.9730304;0.9697501;0.8981683;1.079425;1.393214;1.702343;2.010034;2.058916;2.247385;1.644015;1.524326;1.551184;1.318975;0.06146666;0.01620393;502.4414;4177.441;10106.25;10422.07;0.2860282;5182.78;5.773482;2.142364E7;0.06000243;1.129592;-0.001718194;3.908889;0.07055896;14.19696;1.036988;-0.2819665;-5.158889;-12.25716;-14.06713;-8.703959;14.86578;1.127539;5.163088;-2.349233;0.02342764;-6.792488;-5.570495
99.20487;0.7811902;0.0;0.0;0.0;3.863623;0.2447548;1.206856;0.01056941;0.05845301;0.1163759;0.3411115;0.5846413;0.7269819;1.153999;1.234982;1.613397;1.424461;1.309139;1.407611;1.476461;1.616879;1.943669;1.916022;1.295353;1.502761;1.686131;1.140574;1.242174;1.409594;1.719025;1.846019;1.114808;0.6362162;0.5256551;0.3942183;0.0129566;2.579361E-4;229.6875;373.2422;545.5078;1851.855;0.1168544;701.3264;3.808471;1978720.0;9.405143;141.9479;-0.002395709;0.6124041;0.005187153;21.67655;12.54711;16.03326;-5.758959;-21.2474;-36.17482;2.048084;7.71132;-0.08997218;4.331098;-30.08862;2.783506;-4.335182;-14.23702
152.337;0.7330473;0.03469984;0.02308755;0.1392216;-24.60795;1.371247;1.039462;0.1422847;0.08415218;0.2011945;0.2456993;0.3091953;0.289994;0.2764788;0.4669924;0.5887828;0.5291228;0.5581552;0.6546172;0.6850167;0.5455402;0.6089098;0.9146113;0.5196504;0.6126104;1.717716;1.15863;1.371886;2.650556;3.064523;3.869267;2.106441;1.219789;1.076799;0.7838423;0.8847716;0.03772682;143.5547;172.2656;272.7539;459.375;0.8343806;532.2681;3.038943;2156162.0;4.996308;28.55205;-0.472543;0.45392;1.127182;16.12481;30.27316;15.19497;1.48743;0.5818853;-9.037869;-13.03868;22.12406;-4.078971;-3.232048;-15.81659;1.682609;-6.447215;-5.329006
138.8567;0.7923656;0.0;0.0;0.2265237;2.353163;0.4579488;1.301559;0.01414158;0.138322;0.06985242;0.2479739;0.5482802;0.5079654;0.4635477;0.4643549;0.5712955;0.6832719;0.6192545;0.5992558;0.6675661;0.8568652;1.486458;1.641191;3.866893;4.091766;2.421949;2.453524;1.894774;1.907643;1.586134;1.353717;1.38545;1.318761;1.059323;1.073479;0.003910782;0.009676955;1062.305;1894.922;4995.703;6704.004;0.1073384;2928.992;5.680246;6241029.0;0.984039;3.386459;-0.001415572;2.054059;0.007300012;-4.495374;15.28869;27.58705;20.10399;-43.56125;-19.78464;2.91815;10.63422;-8.958648;-4.848107;-5.981252;-11.37434;-4.059745;0.4497564
0.0;0.6652095;0.0;0.0;0.0;-100.0;0.2190546;1.125841;0.005710984;0.3290502;0.1081008;0.1562769;0.1944303;0.2164152;0.3161201;0.3949575;0.5405488;0.384701;0.5383623;0.6850756;0.6947249;0.8826847;1.190635;1.117976;1.082363;1.185988;1.32297;1.314517;1.268111;1.536859;2.263001;2.329626;2.158549;2.590517;2.631165;2.167186;0.001011296;1.875772E-4;373.2422;2440.43;5110.547;7665.82;0.05818064;3362.343;5.63168;1.0009057E7;0.5707635;2.551271;-2.845642E-4;2.446826;0.001686006;6.307904;31.6707;-17.80881;4.558053;-4.136697;-3.938671;8.28671;-1.459;15.70468;16.34053;11.43906;-7.059584;-6.204443;-9.263645
242.7123;0.7521811;0.09176802;0.08371148;0.2777436;0.1407058;0.3634553;0.805768;0.01108291;0.3416478;0.1424266;0.1359929;0.1971359;0.2599699;0.3390166;0.4107819;0.5692212;0.5670754;0.5456712;0.6295601;0.6857436;0.6161261;0.5668101;0.5822805;0.6535832;0.7371986;0.8112047;0.9411993;1.372971;1.409464;1.002959;1.425618;1.573189;1.532305;1.931483;1.31098;0.005830431;8.633717E-4;1650.879;5139.258;8067.773;9316.699;0.08884154;4836.951;5.865264;1.2970396E7;-0.202645;1.539637;-2.222404E-4;3.549281;0.009353654;1.167317;20.11761;-11.86077;-2.972584;-28.61937;-6.960722;-13.45737;2.827902;-0.1453514;-2.832682;-3.647994;-5.312477;-9.141519;-11.66132
0.0;0.6479121;0.0;0.0;0.0;-100.0;0.39446;1.312146;0.007813758;0.1816579;0.04138486;0.07839806;0.1348098;0.1700177;0.2585944;0.4117739;0.5708149;0.4478156;0.4253317;0.7016334;1.230769;1.812962;2.017515;2.034538;1.967119;1.805507;1.716743;3.058822;2.711647;2.496602;2.048839;1.620932;1.730802;1.546901;1.609766;1.465748;9.21435E-4;0.008123162;1291.992;1536.035;1894.922;3789.844;0.06034697;2010.481;5.47661;2957760.0;2.357685;8.558471;-9.410251E-4;1.495273;0.003479695;3.775978;-13.12024;-6.28384;9.276317;3.212672;-4.429415;-39.57896;25.99849;14.36478;6.371584;1.487056;1.539921;-15.37996;-0.7424199
0.0;0.6118953;0.0;0.0;0.0;-100.0;0.1930261;0.752584;0.005015949;0.4648526;0.1617739;0.3646313;0.4305477;0.7088016;0.5664144;0.6920852;0.7021243;0.6196579;0.5411146;0.5303583;0.7141157;0.7315257;0.728405;0.7860845;0.6187269;0.7239218;1.015322;1.0067;1.010864;1.062819;0.9961328;1.115827;1.106004;0.9621308;0.9586844;0.7124111;0.00113902;1.565223E-4;430.6641;4005.176;6431.25;8986.523;0.07663742;4064.879;5.57889;1.3709347E7;0.6838916;3.479649;-2.341777E-4;3.02676;0.001256535;7.767155;17.84014;-1.433478;6.507986;-14.2163;-0.9465153;4.262322;4.40261;-6.496393;-4.096743;-16.35038;6.399248;-4.546422;-5.326191
0.0;0.6165558;0.0;0.0;0.0;-100.0;0.4799603;0.9062434;0.0138192;0.2811791;0.08428849;0.1208952;0.1809427;0.2191099;0.3214523;0.3769355;0.4719923;0.5062065;0.6627527;0.7856533;0.9073154;0.8308286;0.6579689;0.7402021;1.04329;1.220525;1.943296;2.391368;1.975519;1.1182;1.176169;1.165662;1.391513;1.23547;1.208148;0.8266236;0.01616902;0.004510099;445.0195;559.8633;2311.23;7637.109;0.1241235;2037.747;5.457247;8196536.0;1.746299;4.781727;-0.002745795;1.554132;0.008710331;9.530473;7.805461;-6.194257;-9.117576;-29.14314;11.78824;-11.90153;-14.57456;22.54127;1.98828;2.117205;8.663696;2.08912;-2.556062
0.0;0.6570427;0.0;0.0;0.0;-100.0;1.03886;3.111025;0.03478866;0.3318216;0.2109318;0.3501694;0.4462319;0.6300464;0.6232602;0.7463278;0.9165561;1.000672;0.9259523;1.205687;1.466089;1.812181;2.335518;3.142637;4.107377;6.413687;9.931552;7.02558;6.531575;6.285631;6.01976;5.030587;4.250247;4.126446;3.335356;2.016583;0.002768675;0.1272076;2483.496;3043.359;5053.125;6115.43;0.312618;3603.148;6.099866;3502980.0;0.5969809;3.191881;-0.01038427;2.321168;0.06859842;-19.50055;8.931406;35.80536;12.69071;-18.75065;-15.3161;12.18014;-3.601457;15.7958;5.661985;-0.7764609;-0.03573751;5.746233;-1.893171
108.7328;0.7378138;0.0;0.0;0.9031822;2.224195;0.25637;0.8908284;0.008306261;0.06021668;0.03051413;0.08030947;0.1325902;0.2587237;0.3144914;0.3345101;0.4543542;0.6451835;0.6233222;0.6408914;0.782376;1.243173;1.467657;1.799273;1.333905;1.087667;0.9906437;1.10141;1.066779;1.103002;1.124191;1.479328;1.598126;1.404546;1.291068;0.7735073;0.004025626;8.421608E-4;387.5977;574.2188;961.8164;1449.902;0.04750409;856.8738;4.771203;1120667.0;5.06989;38.80546;-7.991603E-4;0.750689;0.001993777;18.7674;1.609611;-12.21527;5.75356;-10.60193;-22.61223;2.565655;10.67283;4.171465;-2.576062;-6.064936;-1.602998;17.31836;5.314196
0.0;0.6694053;0.0;0.0;0.0;-100.0;0.996314;0.6839831;0.03787598;0.1599899;0.1187474;0.2455606;0.3753479;0.5721135;0.5733594;0.4421206;0.4025203;0.3726872;0.3677171;0.4790026;0.4336292;0.4167416;0.4834796;0.5431752;0.7225955;1.05736;1.394738;1.146789;0.9239004;0.8375926;0.9810793;1.021736;1.042632;1.284497;0.8630022;0.6814392;0.03935235;0.07512865;689.0625;818.2617;1177.148;1837.5;0.3658775;1043.606;4.618239;796948.4;3.949026;26.54697;-0.02914344;0.897613;0.09599902;14.11458;-12.67735;-12.61474;-1.438211;-5.894516;6.066164;26.79918;4.057403;5.250093;-0.2264794;-1.642023;-4.718857;3.397343;-1.753183
0.0;0.5736113;0.0;0.0;0.0;-100.0;0.3562043;1.063611;0.006422458;0.3262787;0.05594964;0.1512462;0.2056605;0.1727311;0.2848662;0.439934;0.5198312;0.8920419;1.246159;1.110141;1.433756;1.257179;1.399069;1.436037;1.412952;1.335085;1.764538;1.871496;1.756722;1.693713;1.67813;1.649225;1.345463;0.9989817;0.8448355;0.6981382;0.001049133;0.002498981;258.3984;1851.855;4263.574;6818.848;0.05567182;2643.844;6.239253;7153308.0;0.9956908;3.009637;-5.440674E-4;1.834739;0.002136401;-2.527055;6.712615;16.29892;14.76896;1.894363;-17.178;-15.6698;-2.211122;6.062199;-7.148749;-6.549173;1.849872;-5.380118;-4.801851
