normalizeInput
Infinity;0.0;0.0;0.0;0.0;0.0;-100.0;0.04025327;0.0958029;3.995282E-4;0.002771479;0.01724346;0.01241297;0.01381118;0.02869348;0.02841226;0.02146699;0.03047282;0.04005529;0.04743753;0.03613685;0.04914695;0.07618792;0.07428113;0.06901136;0.08587926;0.1050197;0.1057608;0.1292238;0.1642371;0.1150425;0.1470356;0.1429559;0.09871451;0.08602386;0.09493292;0.08405855;1.721807E-6;1.284539E-6;43.06641;43.06641;43.06641;57.42188;8.274766E-4;62.43022;0.6428832;2331.836;-4.958148;1.077751;-6.48191;0.05741347;3.326225E-6;-38.95215;-61.98112;-58.81648;-81.4014;-89.48617;-82.57594;-64.31179;-76.43185;-72.62421;-63.18184;-64.91129;-61.9453;-51.49325;-57.98985
1.0;616.4218;0.9427915;1.0;1.0;1.0;133.57207;4.763084;11.251677;0.53182465;0.7999495;1.5230474;4.872265;13.350819;20.839445;23.843618;22.580004;21.068996;30.697023;25.036263;24.625633;20.560913;20.714184;21.665499;21.888058;31.981203;22.25936;20.542109;24.326027;20.009123;22.572878;20.864374;18.344374;14.770895;12.945286;10.174658;8.250806;46.82788;26.195957;10450.783;10565.624;10838.384;10924.508;4.7053857;10282.819;6.5202665;2.2454382E7;91.76769;13989.162;6.7733946;7.6125603;26.397627;95.83652;121.84958;124.05209;133.64075;134.34927;141.60297;117.617096;141.46152;137.40266;132.12378;132.81506;132.71155;113.96886;109.770035
codebookNumeric
32;65;10;0.0;0.0
0.22630411;0.86632925;0.2127746;0.0;0.5710453;0.7961433;0.11095266;0.078038186;0.045790456;0.07622049;0.09591431;0.06739413;0.03807632;0.03012228;0.036313895;0.03426895;0.03943291;0.033060394;0.04088012;0.041037813;0.04837757;0.044294942;0.05108966;0.062277142;0.038906753;0.055814244;0.06311597;0.054464556;0.07537501;0.04754682;0.049739253;0.041537914;0.052797966;0.05050388;0.052360356;0.054407675;0.0020415983;2.627984E-4;0.023351647;0.03668479;0.039735083;0.053876497;0.03304482;0.0500277;0.45742807;0.025810814;0.10048536;0.0017111159;0.9548096;0.06101304;0.0021279517;0.5956411;0.57344574;0.6929312;0.50617;0.45563972;0.45910984;0.42912206;0.6001443;0.53768456;0.35701346;0.59842575;0.41792175;0.5225718;0.45672798
0.19636601;0.74304444;0.0294114;0.04163139;0.1165793;0.55680084;0.06683945;0.05040737;0.097488865;0.13984248;0.12859668;0.0832345;0.045472;0.03419534;0.029710848;0.034434326;0.030078327;0.018794496;0.026433432;0.03415241;0.0474335;0.032104634;0.02010564;0.025011495;0.027605688;0.064799726;0.052656725;0.025000444;0.01972181;0.023288222;0.015929958;0.018606948;0.023786454;0.024067821;0.022303974;0.010999828;0.0022194295;1.5066919E-5;0.0054945056;0.008152173;0.011920522;0.01839685;0.07973752;0.0088848965;0.23780742;9.993272E-4;0.35536066;0.09245973;0.94658995;0.01398991;0.0050475895;0.74050677;0.79337186;0.69003755;0.64999914;0.64328736;0.59811354;0.55394197;0.48622847;0.5864374;0.5855528;0.55183846;0.40582615;0.49402347;0.5306567
0.0;0.6993181;0.0;0.0;0.0;0.0;0.06576452;0.046116844;0.017794024;0.11370078;0.025905924;0.019269217;0.0069089863;0.0070503806;0.007912672;0.009560163;0.010686683;0.009673828;0.01907668;0.018172238;0.02494923;0.026968569;0.028559778;0.037935343;0.023643617;0.035517234;0.04489423;0.048210304;0.053971622;0.04486497;0.04502217;0.056110177;0.03876424;0.02962247;0.031999473;0.042267986;1.3587983E-4;9.525105E-5;0.010989013;0.031250004;0.059602622;0.103810824;0.02298847;0.05753764;0.5718505;0.047372628;0.10755582;0.0023921623;0.9566629;0.06632206;1.4415337E-4;0.5848545;0.5375318;0.5278829;0.62097883;0.7043766;0.53134644;0.45868647;0.53584015;0.5681655;0.5280633;0.50894994;0.46385923;0.50036424;0.5143592
0.22618943;0.7918039;0.0;0.0;0.0;0.5335075;0.256649;0.09771549;0.11953512;0.11590552;0.03513353;0.036419395;0.026991291;0.022727847;0.023217948;0.029545793;0.041914534;0.02294619;0.024158098;0.034437016;0.043696795;0.04435227;0.060999792;0.12154287;0.063929416;0.09385981;0.09542031;0.066496894;0.07718654;0.09220493;0.09597769;0.07516169;0.0818841;0.076221034;0.0648288;0.05741379;0.01098809;0.0054411036;0.026098896;0.03668479;0.09536418;0.18002634;0.096651524;0.074415386;0.5320885;0.05322191;0.09647087;0.0016394698;0.94425666;0.08248618;0.008590067;0.53763765;0.5248846;0.58458793;0.571248;0.44559017;0.33551714;0.55094755;0.48500538;0.41748208;0.4137686;0.4923651;0.4292245;0.39993235;0.48474646
0.0;0.0;0.0;0.0;0.0;0.0;0.20419726;0.15328348;0.13405569;0.70519704;0.0154927205;0.010589859;0.007385317;0.006049073;0.0056053386;0.00865445;0.018032093;0.0145469885;0.021832522;0.028338509;0.034545887;0.035618108;0.045646023;0.058107883;0.045553815;0.058794204;0.093641765;0.07981151;0.12510483;0.14355563;0.25925854;0.35816187;0.35012737;0.2533924;0.3074175;0.3741286;4.2138447E-5;6.4447714E-4;0.5151098;0.6263588;0.7788076;0.9014458;0.13284801;0.6737036;0.9281022;0.16013713;0.05629055;1.0296386E-4;0.9616925;0.63914824;0.0103112515;0.076916486;0.75907123;0.55901855;0.66682047;0.59559375;0.33657885;0.44752854;0.5455309;0.56396323;0.49280068;0.40566012;0.43346086;0.40568018;0.51757485
0.48225534;0.83825946;0.0104232;0.01246399;0.08435967;0.8566031;0.0925129;0.0895736;0.057516817;0.2582677;0.0838915;0.0466361;0.061193228;0.057798445;0.019061618;0.026225448;0.037250537;0.017937643;0.023770165;0.019320557;0.027929101;0.031643208;0.029840363;0.044522803;0.059922665;0.07856831;0.06169153;0.0890034;0.08298654;0.05330067;0.10056181;0.11992592;0.096975334;0.08129386;0.07304868;0.075595714;0.0034629428;8.934953E-5;0.024725268;0.024456521;0.026490057;0.034165587;0.026463576;0.037106954;0.22807854;0.027898185;0.14698145;0.006595789;0.95375353;0.04942113;0.0035698086;0.5287326;0.6126098;0.5427257;0.4728952;0.34379914;0.35074437;0.52452505;0.3031512;0.35817474;0.4149907;0.26302606;0.43153048;0.34052303;0.52075475
0.0;0.67302084;0.0;0.0;0.0;0.25739044;0.36366326;0.27631244;0.141397;0.26015744;0.03247638;0.027934039;0.013849586;0.012304917;0.01265975;0.01882563;0.02797088;0.019862058;0.027835917;0.033102512;0.05346451;0.058301404;0.056022845;0.08229801;0.0886308;0.1526465;0.39129442;0.4562145;0.46808758;0.28942657;0.24256574;0.39868742;0.5127244;0.37179613;0.3360212;0.31345344;6.061058E-4;0.029969698;0.2733516;0.29891312;0.36026475;0.49277288;0.17350963;0.33785412;0.76834244;0.077824146;0.06549509;3.614776E-4;0.949223;0.27610782;0.014133436;0.21638504;0.52559006;0.6637;0.46643347;0.4539278;0.51820594;0.5034615;0.49561286;0.65585226;0.42805648;0.52452415;0.43683168;0.38091013;0.51950157
0.30531657;0.90625393;0.0649948;0.1143173;0.04972425;0.83466387;0.118838795;0.14459793;0.056167804;0.078425206;0.14677891;0.10961687;0.052365247;0.04680607;0.043360062;0.03772309;0.064245924;0.07697602;0.107008725;0.124156;0.12738131;0.1347638;0.15709502;0.12838943;0.05145719;0.10126051;0.12157764;0.080022946;0.10405194;0.06275481;0.061636038;0.06590555;0.07694777;0.06279349;0.067175835;0.06338377;4.8401122E-4;0.001039388;0.041208785;0.069293484;0.071523145;0.093298316;0.043531444;0.06326563;0.45939687;0.006201781;0.06734073;0.0011604462;0.95393676;0.08284155;0.0031127266;0.91083914;0.32476273;0.38932803;0.60375464;0.67746735;0.6263478;0.54882234;0.55785215;0.47907692;0.26981282;0.28967267;0.55018157;0.5196768;0.4097322
0.7904576;0.9914229;0.005982552;0.003686512;0.0272285;0.8432502;0.7101065;0.11726733;0.49377283;0.14740157;0.057927046;0.064782485;0.03884613;0.020330518;0.027271245;0.034340277;0.042531308;0.03303505;0.059077486;0.062764406;0.063218005;0.08413023;0.049586296;0.0847144;0.05385219;0.077773005;0.08891279;0.099210866;0.14510876;0.094921865;0.07746618;0.09465644;0.11378488;0.11285601;0.11233175;0.10163115;0.014475157;0.2561683;0.08653844;0.089673914;0.14172183;0.1865966;0.13724451;0.11827406;0.40081167;0.021047426;0.0844883;0.0011280903;0.7622874;0.13117866;0.24100162;0.46365213;0.22973539;0.3988776;0.49672917;0.6620288;0.66746455;0.46360245;0.48355561;0.53276414;0.45151258;0.7173314;0.7159835;0.49559048;0.48722476
0.30289665;0.906224;0.004909484;0.003724788;0.05368983;0.8830732;0.15999201;0.10138935;0.12911214;0.08787401;0.10377;0.09235804;0.04909888;0.054611314;0.0496919;0.07024295;0.058228076;0.032676775;0.050774287;0.040008035;0.04601459;0.039717823;0.042472735;0.055502627;0.06255567;0.098065905;0.10485716;0.06361976;0.05788839;0.058571957;0.07029372;0.07294689;0.07731864;0.07476568;0.07052229;0.08332725;0.015521716;2.41289E-4;0.028846154;0.032608703;0.046357594;0.045992132;0.029777968;0.04182362;0.3622076;0.023939224;0.17078492;0.009074636;0.94084734;0.058669712;0.016648855;0.7027243;0.6731735;0.49827635;0.56969917;0.26737717;0.5199406;0.5996889;0.4431024;0.45747313;0.61280435;0.4478998;0.4524938;0.43900865;0.4121287
0.0;0.6262653;0.0;0.0;0.0;0.0;0.40499744;0.15073355;0.19256623;0.38236228;0.054232538;0.0379901;0.021387964;0.018472942;0.019333951;0.026190002;0.029512724;0.016618073;0.025559263;0.035203744;0.0423572;0.0473198;0.044598415;0.04288465;0.027930472;0.06287487;0.07412497;0.079535484;0.09105721;0.14904606;0.21328071;0.32803884;0.38783708;0.32774967;0.2870927;0.24254097;0.003107872;0.0069247107;0.31593397;0.44565222;0.48079452;0.5151119;0.21497911;0.4170561;0.79325783;0.111130744;0.046167437;3.098044E-4;0.95010614;0.36229867;0.02180073;0.2413515;0.61432254;0.47407895;0.38326856;0.5754931;0.3586502;0.5317135;0.39100638;0.43140274;0.47159147;0.42252034;0.4708598;0.46373877;0.5667237
0.3389721;0.8658119;0.01106989;0.01495212;0.05612664;0.8483381;0.29477113;0.09389854;0.20271733;0.07433072;0.08375526;0.060815684;0.033984564;0.025092954;0.027372701;0.031993993;0.032775007;0.025891086;0.050537515;0.054447014;0.06435458;0.06698246;0.06365124;0.08693812;0.05529257;0.08272957;0.09521945;0.052915063;0.07414097;0.06583137;0.060617078;0.06315343;0.06846711;0.0516358;0.06152112;0.0782389;0.020622231;0.008559795;0.01648351;0.024456521;0.0476821;0.07490147;0.113604814;0.04079874;0.4183567;0.013494393;0.13080396;0.0062152357;0.916698;0.053711805;0.03181855;0.75353384;0.39834124;0.44245502;0.66592073;0.47872752;0.51110077;0.40035182;0.478643;0.3858528;0.50871974;0.28571987;0.36087403;0.23890185;0.35192278
0.15559614;0.83708906;0.04199806;0.02597528;0.07119989;0.85480255;0.105133936;0.08090235;0.10830823;0.03244095;0.13436544;0.09528025;0.076976165;0.07465005;0.07140849;0.06196248;0.07509262;0.0606588;0.05848079;0.036163367;0.033970054;0.033548597;0.031679995;0.033437666;0.021705538;0.038352825;0.048309654;0.041987218;0.048818924;0.043632694;0.040861398;0.041233733;0.057562705;0.04377499;0.039489307;0.041105375;0.0123565905;1.0289674E-5;0.024725268;0.029891305;0.03443707;0.035479642;0.039063435;0.028044553;0.39875638;7.921427E-4;0.17211372;0.037374392;0.9439131;0.042858582;0.0039580404;0.8755969;0.7864212;0.4694606;0.4814387;0.46170056;0.525351;0.61555445;0.44108388;0.52172536;0.36309317;0.48401242;0.52408445;0.61358356;0.6074254
0.6225487;0.9477236;0.08069429;0.09438864;0.3096857;0.81478494;0.5386713;0.1519595;0.5959095;0.057637803;0.114374004;0.05307768;0.041806333;0.10149917;0.060027752;0.052263014;0.051146865;0.03999993;0.05268316;0.048047867;0.07581526;0.108914025;0.1438679;0.14303286;0.094612345;0.14491796;0.1445566;0.078517474;0.1288946;0.10211722;0.0986198;0.09413966;0.10512163;0.09873974;0.106557205;0.08959726;0.337595;0.04370032;0.03296703;0.03396739;0.039735083;0.051248383;0.46550456;0.045763645;0.2896208;0.009782592;0.113328904;0.0035218135;0.63277465;0.061894227;0.37095734;0.58486503;0.41419858;0.48878774;0.5144158;0.38395777;0.21595249;0.43447655;0.62384105;0.47096166;0.48677257;0.6259163;0.5476366;0.687851;0.67130214
0.118566364;0.7516797;0.01521194;0.0;0.1536775;0.79510576;0.022779072;0.026427198;0.011817997;0.04094488;0.060112927;0.02257891;0.0054189735;0.0041712443;0.008436709;0.008848271;0.007691215;0.005729621;0.009404065;0.010462092;0.020638702;0.019518126;0.017539654;0.016196687;0.009864796;0.016517831;0.02222894;0.015715396;0.024994506;0.02459604;0.01838569;0.0232834;0.020845542;0.031535987;0.064259656;0.0489954;1.1145743E-5;2.1316253E-6;0.008241755;0.009510872;0.011920522;0.014454667;0.004837026;0.015167452;0.27357438;0.01596473;0.1827084;0.011602836;0.9568274;0.019985816;5.331543E-5;0.6129432;0.6788155;0.6104606;0.66176087;0.7017663;0.61437845;0.61710125;0.5779519;0.5525536;0.4499114;0.47566792;0.49046972;0.42673326;0.4863389
0.37337697;0.7775063;0.2116808;0.1809819;0.2760018;0.80972695;0.34868538;0.08856263;0.30358818;0.12188984;0.07228786;0.04847309;0.028908769;0.025236003;0.024681007;0.027801445;0.035271857;0.07413676;0.074967675;0.069735065;0.07058495;0.03972513;0.044619367;0.028388947;0.023322182;0.032351762;0.04224967;0.03789366;0.09496427;0.095665716;0.069268234;0.054917116;0.075075045;0.09048824;0.08309914;0.07903843;0.0032005114;0.06631885;0.09340654;0.096467435;0.10596023;0.10643894;0.37338758;0.09978109;0.32079634;0.007966069;0.17607883;0.01425494;0.8942087;0.12126114;0.069794364;0.56082714;0.32623494;0.2186944;0.5061231;0.70669603;0.7349903;0.37184867;0.37043852;0.6192001;0.4587348;0.5909957;0.57974565;0.6278546;0.67209685
0.5165565;0.9438875;0.003320787;0.00319589;0.1519187;0.8191855;0.33885604;0.12969783;0.16439454;0.1562205;0.053906232;0.044409722;0.04380449;0.035822287;0.017907677;0.034368273;0.063908175;0.0314101;0.048421983;0.054020707;0.11699325;0.12391607;0.16711333;0.16134979;0.06290616;0.11626445;0.0901961;0.08711945;0.116998434;0.08318016;0.05742211;0.08146351;0.07514335;0.057255223;0.074454;0.0760137;0.006707279;0.029177658;0.065934055;0.10461962;0.16158937;0.21156378;0.102217704;0.1233889;0.48412776;0.030530477;0.0693104;7.737782E-4;0.935744;0.12831603;0.026717255;0.5361288;0.29722852;0.517064;0.5977573;0.34916994;0.3084112;0.38500378;0.5560224;0.46411285;0.36575678;0.19456463;0.32058796;0.3001928;0.41602665
0.41851243;0.9606998;0.001881813;0.002832317;0.02161535;0.9118661;0.48571262;0.08953725;0.47867557;0.08850394;0.081648305;0.04770259;0.023173952;0.01693167;0.055931266;0.056922488;0.0695795;0.06129336;0.046397798;0.05215367;0.06696662;0.05258542;0.047805913;0.044337813;0.03413298;0.047977045;0.050328095;0.05964641;0.07871199;0.04883691;0.065761305;0.05239618;0.058815584;0.06801789;0.080510035;0.07922433;0.11938429;0.032991167;0.04532966;0.054347835;0.06754964;0.069645226;0.09667803;0.060677692;0.35178494;0.0033675449;0.13235508;0.010590818;0.7524126;0.083088554;0.26188588;0.7529592;0.36207604;0.31021485;0.40646493;0.4710794;0.5910773;0.4894858;0.5439046;0.48964372;0.6485107;0.35038474;0.38520643;0.38650718;0.5465629
0.0;0.0;0.0;0.0;0.0;0.0;0.035944346;0.20593774;0.0053590517;0.3795276;0.058900226;0.037791774;0.017956592;0.010962193;0.016892573;0.020396343;0.022194473;0.020597031;0.035197776;0.06470478;0.08158997;0.10189584;0.14983845;0.16938257;0.12726378;0.16856313;0.13575453;0.14868525;0.20531166;0.16982573;0.22024529;0.34919095;0.41631037;0.26658154;0.14479917;0.08087413;6.481242E-7;2.2482303E-5;0.22252741;0.42391312;0.46754947;0.49145877;0.007808083;0.3596532;0.7993837;0.15455006;0.047019742;1.0976705E-4;0.95695376;0.31248283;2.7062393E-5;0.32330188;0.5188073;0.6653171;0.6676763;0.78242123;0.42579004;0.7564711;0.4338625;0.64481914;0.4398983;0.53818107;0.46486685;0.3479851;0.5494113
0.0;0.7043451;0.0;0.0;0.0;0.0;0.16992497;0.05834831;0.071401656;0.14803149;0.057466783;0.0381467;0.02377282;0.018261265;0.016230436;0.022987058;0.026404746;0.019995498;0.03671225;0.04166566;0.07770419;0.06460901;0.045636006;0.03666762;0.027825221;0.03475261;0.039882988;0.040385973;0.042217985;0.03571145;0.033576787;0.030786807;0.032592602;0.03201001;0.03538211;0.036302727;0.004693688;0.0018365141;0.0315934;0.03804348;0.05430461;0.120893605;0.08362018;0.055266853;0.5507172;0.013487847;0.10959859;0.0037127463;0.9514074;0.071849264;0.0031342446;0.67782676;0.4703863;0.40545425;0.601541;0.63008577;0.3655773;0.44464207;0.47593138;0.5863977;0.55380225;0.4201167;0.3951347;0.47750756;0.5275926
0.15504028;0.79223156;0.02869927;0.03616247;0.2955559;0.8040388;0.42731786;0.17927945;0.31554642;0.06866142;0.06816836;0.054885138;0.034233626;0.03610544;0.05837498;0.0902793;0.08825442;0.059828594;0.08364246;0.08388917;0.13353239;0.17285311;0.14102457;0.13297893;0.07878029;0.12011986;0.123581775;0.0905762;0.15556274;0.14000946;0.14775394;0.13110325;0.14239383;0.14648423;0.11509891;0.122217335;0.08937664;0.020173864;0.03708791;0.042119566;0.049006607;0.08015772;0.20053607;0.050241802;0.52337515;0.011029057;0.14674038;0.00838829;0.8545965;0.068759866;0.04669858;0.7172744;0.48768738;0.40778556;0.4995922;0.6413084;0.5074945;0.50914645;0.50453943;0.5116252;0.6373235;0.5441211;0.5184272;0.43351305;0.5444221
0.2691647;0.92929983;0.0098222;0.002593932;0.1400927;0.8505988;0.33163822;0.11936907;0.22476238;0.08314961;0.12064675;0.09760757;0.029380515;0.036418226;0.046262223;0.04934534;0.07165145;0.05387831;0.055044938;0.05635275;0.053108927;0.063948065;0.06236219;0.097702526;0.06984336;0.09177395;0.07887487;0.10051391;0.1304632;0.06829916;0.06883213;0.077991605;0.14385265;0.09320692;0.06651534;0.033381216;0.009110047;0.012635356;0.057692297;0.06114131;0.06357613;0.13403425;0.11560747;0.07236445;0.3922043;0.009285144;0.088338815;0.0014535437;0.911046;0.09242217;0.052790303;0.7343085;0.32667345;0.39936435;0.5230652;0.4331241;0.4211639;0.8775576;0.5206846;0.63736546;0.24830942;0.5445142;0.49805987;0.20945022;0.571857
0.20861915;0.8340912;0.02969377;0.02115008;0.2631773;0.82538295;0.29251146;0.055076048;0.23247883;0.070866145;0.10348446;0.05125941;0.044341665;0.02684839;0.023393566;0.028798439;0.028843055;0.023221454;0.028678715;0.031034911;0.045997962;0.04480037;0.027057419;0.0255829;0.024827538;0.025653372;0.030139312;0.03300969;0.047412522;0.027646752;0.028712355;0.0575697;0.07029713;0.042952877;0.028492907;0.025497334;0.04126361;0.0038474416;0.01510989;0.020380434;0.029139057;0.04467807;0.11841831;0.029355975;0.42869228;0.010526571;0.14570706;0.0071993554;0.9010427;0.04036745;0.042624313;0.7031537;0.5843294;0.56195766;0.62732977;0.6766894;0.3874628;0.600726;0.44117513;0.6000269;0.44337606;0.3803318;0.5425116;0.32768357;0.58140016
0.45593372;0.85888934;0.14577;0.2496216;0.143222;0.82170063;0.57359976;0.13075581;0.20353375;0.050393704;0.06431746;0.05002703;0.031442128;0.030872209;0.04487514;0.04134187;0.059994467;0.04297165;0.046426035;0.055052888;0.08697055;0.080771856;0.11558205;0.15259977;0.05190445;0.049053583;0.06878486;0.04877871;0.07752978;0.117431484;0.12971112;0.16757761;0.19033583;0.11114944;0.09606908;0.056016922;0.049246673;0.029541193;0.03846153;0.040760875;0.09139071;0.1681998;0.1951068;0.08424138;0.4679657;0.04513227;0.08445447;8.334301E-4;0.88395834;0.09538103;0.075101435;0.6137003;0.3852867;0.5907232;0.36958426;0.681401;0.14653799;0.6383032;0.59703654;0.54965144;0.51368064;0.3685497;0.6799223;0.30559596;0.5077184
0.20242454;0.8022637;0.5017739;0.5134872;0.4183964;0.81338966;0.095607385;0.041631155;0.053127047;0.034173235;0.053346716;0.02148874;0.02845123;0.029934615;0.0065484075;0.011065517;0.014440995;0.018319603;0.01818966;0.02814293;0.030304274;0.025283718;0.026034141;0.029921154;0.019408016;0.026326247;0.027776044;0.023809988;0.028965535;0.02699086;0.029522361;0.029221432;0.02598028;0.036296267;0.06235626;0.0732424;0.005740725;2.6792697E-5;0.019230768;0.020380434;0.023841046;0.022339033;0.060796168;0.021412306;0.21485348;0.0028176703;0.3380844;0.08423809;0.9509918;0.032427687;0.003034438;0.6947614;0.6550097;0.591095;0.5989534;0.6472227;0.5540188;0.6416683;0.48103216;0.29462025;0.22936149;0.3016417;0.3993513;0.3797702;0.5919511
0.2822522;0.7515895;0.0;0.0;0.0;0.5244951;0.027082441;0.036269877;0.0075915223;0.06834646;0.0886343;0.046977255;0.024802713;0.012310848;0.010143793;0.011888954;0.0156056555;0.010027087;0.009547278;0.01549998;0.024579396;0.033895455;0.038697448;0.04876804;0.024067767;0.028025039;0.027312467;0.024116097;0.023422286;0.016644103;0.015625495;0.016417094;0.028716087;0.034417026;0.027822135;0.024196614;3.1982832E-5;4.7640087E-6;0.01648351;0.027173918;0.0476821;0.060446795;0.0076193702;0.035921082;0.5097459;0.010642661;0.1282762;0.005610887;0.95690536;0.048590638;4.0186635E-5;0.70064056;0.54184824;0.52717525;0.5296364;0.6519821;0.5363026;0.56193423;0.5560571;0.51281494;0.48222816;0.4080924;0.4778731;0.43136746;0.49317634
0.45893914;0.80419225;0.1508752;0.09235242;0.2249396;0.7582281;0.17225313;0.11528799;0.062021382;0.111181125;0.057389177;0.028122883;0.016086439;0.020274144;0.034485098;0.038892902;0.03843703;0.026817977;0.055002477;0.050862577;0.06447666;0.07177763;0.093623914;0.11095788;0.07984258;0.1322229;0.12888974;0.07613928;0.077055946;0.09291206;0.07202216;0.064552985;0.061531376;0.08162997;0.087186575;0.12658612;0.0021789814;0.0033133605;0.050824173;0.096467435;0.13642381;0.18265447;0.06871794;0.10665294;0.5242718;0.02433345;0.08617489;0.0019455918;0.95361924;0.11622954;0.0030645595;0.5807386;0.28756893;0.38065675;0.5660229;0.44803834;0.58985007;0.5331526;0.6061998;0.5878248;0.70375395;0.51597273;0.40156403;0.5295603;0.40796953
0.6331441;0.83108205;0.1451576;0.1197273;0.3265142;0.73107713;0.5202207;0.065836154;0.5440213;0.073385835;0.08257841;0.081956305;0.07446711;0.038986567;0.022144265;0.028455965;0.036507826;0.02363979;0.026615396;0.032396838;0.028835917;0.046916842;0.05815605;0.046453718;0.03304681;0.036168206;0.041074604;0.035908256;0.047320407;0.042175815;0.032955628;0.03791046;0.055432502;0.0610115;0.055059914;0.062350743;0.24450302;0.021901807;0.026098896;0.031250004;0.04370859;0.06176086;0.50809044;0.03939488;0.39934254;0.00648386;0.13870949;0.009119864;0.6765475;0.055079095;0.17437774;0.7148028;0.45423916;0.44992682;0.5446742;0.5032166;0.4714632;0.38232267;0.43319002;0.44130766;0.24540366;0.32945746;0.43864578;0.53932863;0.6275262
0.0;0.6498765;0.0;0.0;0.0;0.0;0.10674867;0.049751148;0.030749012;0.21543312;0.055786535;0.024567677;0.01288387;0.013177881;0.012237988;0.013683938;0.013661556;0.0116232;0.013826852;0.0149371885;0.02226443;0.022687173;0.019133858;0.021668108;0.015806314;0.033639073;0.040955536;0.02916578;0.030854441;0.03540658;0.043982644;0.06327439;0.08667068;0.085134715;0.112138815;0.10798708;9.396015E-5;2.96851E-4;0.06730768;0.07201088;0.07947016;0.1668857;0.04081224;0.11028802;0.56756055;0.10455497;0.097988985;0.001389154;0.9561051;0.12689824;7.746902E-4;0.5193706;0.47297168;0.3060465;0.60885644;0.6213308;0.6209648;0.82359457;0.63937557;0.53976125;0.47435835;0.4579582;0.4880437;0.52944493;0.59867465
0.3009963;0.9017231;0.004538068;0.009039267;0.1046315;0.8328179;0.16144806;0.14129157;0.042556077;0.18236229;0.083276354;0.066447385;0.036760453;0.025038676;0.024939744;0.038868044;0.046413943;0.057095528;0.057068482;0.03706375;0.043703407;0.043326076;0.055243406;0.083810575;0.08354174;0.16246596;0.17623596;0.1705621;0.13733022;0.12280368;0.109814815;0.12358336;0.1603979;0.10229818;0.061449915;0.07658486;3.4490795E-4;0.0016669276;0.050824173;0.15081519;0.23443693;0.28383714;0.02631364;0.15907882;0.69339573;0.073730335;0.06045793;1.159532E-4;0.9556232;0.14532174;0.0016975933;0.52759826;0.39629272;0.7284335;0.34572202;0.5631218;0.48001745;0.8181488;0.4968604;0.42960095;0.45925418;0.28950855;0.4678871;0.33730674;0.5612205
0.6402225;0.84686494;0.05809472;0.04690118;0.2006407;0.818318;0.47842237;0.24386853;0.55096424;0.09102363;0.12300382;0.048352674;0.057555385;0.09063982;0.043715168;0.123028144;0.33906305;0.2097141;0.18959469;0.15792671;0.106889665;0.08742638;0.087974705;0.10400409;0.062898315;0.14775975;0.30367586;0.21661188;0.27437806;0.13823454;0.0924905;0.09777347;0.093832396;0.121063314;0.13552064;0.13898419;0.034359198;0.017566215;0.061813176;0.0652174;0.06622513;0.06570305;0.53523064;0.06772083;0.32684594;0.0074616685;0.12289923;0.0047121462;0.754057;0.089285485;0.19982034;0.63595223;0.42397857;0.38373715;0.25430334;0.3288256;0.75548667;0.49812528;0.4355134;0.59769934;0.32657474;0.3684838;0.4897817;0.490734;0.6523826
0.0;0.0;0.0;0.0;0.0;0.0;0.032087035;0.04080829;0.020975357;0.28283462;0.076664284;0.041463498;0.015859261;0.012967832;0.0138751445;0.018881131;0.021852423;0.019500325;0.020418871;0.023917835;0.029726995;0.030522887;0.030347431;0.023183014;0.015738977;0.0226918;0.03348113;0.02346967;0.026135415;0.029851185;0.037623305;0.032214265;0.035204433;0.030304547;0.030096343;0.04138967;3.954367E-5;6.8276054E-6;0.010989013;0.016304346;0.022516549;0.055190563;0.03456595;0.034936573;0.36416328;0.04721391;0.1586525;0.010102731;0.95653737;0.041183114;3.605347E-5;0.587506;0.6708318;0.5604968;0.5969979;0.653953;0.598716;0.55251503;0.5822536;0.74372315;0.6551247;0.5064714;0.42755887;0.3723765;0.5224313
