normalizeInput
Infinity;0.0;0.0;0.0;0.0;0.0;-100.0;0.04025327;0.0958029;3.995282E-4;0.002771479;0.01724346;0.01241297;0.01381118;0.02869348;0.02841226;0.02146699;0.03047282;0.04005529;0.04743753;0.03613685;0.04914695;0.07618792;0.07428113;0.06901136;0.08587926;0.1050197;0.1057608;0.1292238;0.1642371;0.1150425;0.1470356;0.1429559;0.09871451;0.08602386;0.09493292;0.08405855;1.721807E-6;1.284539E-6;43.06641;43.06641;43.06641;57.42188;8.274766E-4;62.43022;0.6428832;2331.836;-4.958148;1.077751;-6.48191;0.05741347;3.326225E-6;-38.95215;-61.98112;-58.81648;-81.4014;-89.48617;-82.57594;-64.31179;-76.43185;-72.62421;-63.18184;-64.91129;-61.9453;-51.49325;-57.98985
1.0;616.4218;0.9427915;1.0;1.0;1.0;133.57207;4.763084;11.251677;0.53182465;0.7999495;1.5230474;4.872265;13.350819;20.839445;23.843618;22.580004;21.068996;30.697023;25.036263;24.625633;20.560913;20.714184;21.665499;21.888058;31.981203;22.25936;20.542109;24.326027;20.009123;22.572878;20.864374;18.344374;14.770895;12.945286;10.174658;8.250806;46.82788;26.195957;10450.783;10565.624;10838.384;10924.508;4.7053857;10282.819;6.5202665;2.2454382E7;91.76769;13989.162;6.7733946;7.6125603;26.397627;95.83652;121.84958;124.05209;133.64075;134.34927;141.60297;117.617096;141.46152;137.40266;132.12378;132.81506;132.71155;113.96886;109.770035
codebookNumeric
32;65;10;0.0;0.0
0.22630411;0.86632925;0.2127746;0.0;0.5710453;0.7961433;0.11095266;0.078038186;0.045790456;0.07622049;0.09591431;0.06739413;0.03807632;0.03012228;0.036313895;0.03426895;0.03943291;0.033060394;0.04088012;0.041037813;0.04837757;0.044294942;0.05108966;0.062277142;0.038906753;0.055814244;0.06311597;0.054464556;0.07537501;0.04754682;0.049739253;0.041537914;0.052797966;0.05050388;0.052360356;0.054407675;0.0020415983;2.627984E-4;0.023351647;0.03668479;0.039735083;0.053876497;0.03304482;0.0500277;0.45742807;0.025810814;0.10048536;0.0017111159;0.9548096;0.06101304;0.0021279517;0.5956411;0.57344574;0.6929312;0.50617;0.45563972;0.45910984;0.42912206;0.6001443;0.53768456;0.35701346;0.59842575;0.41792175;0.5225718;0.45672798
0.35700455;0.93708915;0.009053579;0.006571263;0.08997513;0.8730858;0.16360463;0.19145536;0.09565595;0.07118112;0.07196482;0.052082665;0.03203809;0.024233045;0.026315672;0.0654181;0.12649445;0.08076747;0.13385834;0.16863672;0.17385633;0.19889092;0.32033974;0.2540963;0.09716882;0.12363699;0.11770272;0.06966535;0.09058303;0.103738904;0.069639206;0.06843211;0.055869937;0.06843539;0.100276895;0.095067784;7.4657187E-4;0.0011172054;0.057692297;0.06114131;0.059602622;0.07227336;0.026824927;0.06358034;0.3036644;0.004724377;0.10924677;0.0048357486;0.94865;0.0854839;0.009842743;0.72453517;0.3821818;0.30589148;0.5159424;0.6114497;0.47605497;0.6093776;0.79920626;0.35091725;0.27261224;0.3275456;0.24064372;0.39164966;0.21381436
0.0;0.62455904;0.0;0.0;0.0;0.0;0.046800062;0.23441708;0.006865599;0.3316536;0.0376489;0.029707648;0.018247047;0.015887411;0.014957657;0.023368489;0.032545436;0.03143444;0.033304736;0.05151641;0.1053214;0.13638318;0.12492317;0.2235071;0.15492521;0.22700058;0.29995447;0.23522668;0.23294204;0.19124275;0.21687171;0.26161158;0.302318;0.27086625;0.18155688;0.13920161;5.1417505E-6;5.6409142E-5;0.1167582;0.21603262;0.3377482;0.5032853;0.0065555735;0.24546583;0.7981898;0.16214421;0.060889594;1.1827312E-4;0.9569354;0.22000307;3.895262E-5;0.3500029;0.52534145;0.69141465;0.7921936;0.6306253;0.38712552;0.6421278;0.4509632;0.6206984;0.41325343;0.47932053;0.42776668;0.4566259;0.5943877
0.0;0.65564126;0.0;0.0;0.0;0.25454715;0.1653239;0.06149676;0.041773584;0.3798425;0.05157493;0.02622116;0.017210227;0.009109873;0.008551636;0.018644784;0.01484205;0.007960394;0.009785188;0.013384262;0.018862344;0.021612132;0.020462537;0.026256593;0.02261339;0.034728512;0.049024284;0.051492877;0.07206667;0.08199311;0.08247563;0.080124676;0.071895406;0.084336504;0.11818699;0.09042677;3.333789E-4;8.698863E-4;0.09065932;0.34103265;0.57483417;0.6136665;0.039154224;0.3562619;0.9057672;0.312115;0.055738367;5.8698148E-5;0.95641536;0.33156395;0.0010710302;0.34644362;0.548645;0.3724612;0.55126745;0.62376386;0.4900922;0.3963821;0.5454968;0.53733313;0.44327343;0.5003222;0.39052895;0.42418474;0.49014997
0.17304467;0.8309294;0.05364765;0.1160585;0.6690779;0.79282933;0.067131214;0.123813994;0.038615983;0.037480317;0.14813928;0.11177643;0.066756964;0.07154128;0.06336693;0.085280545;0.10297075;0.06406118;0.076519586;0.09663695;0.10310953;0.07431893;0.06110835;0.07188338;0.044736054;0.04967979;0.06881057;0.05937999;0.076350614;0.057388674;0.06266612;0.07664002;0.10106392;0.097765565;0.09463395;0.07013347;6.023161E-4;1.288586E-4;0.008241755;0.017663045;0.03443707;0.056504615;0.030981056;0.025733594;0.46354377;0.005434862;0.1436444;0.011486682;0.95517313;0.036497768;7.346499E-4;0.79687274;0.6645979;0.3532033;0.6087414;0.7498234;0.62849706;0.6095135;0.4812289;0.6132844;0.4251908;0.541855;0.3766851;0.28518203;0.49574926
0.31226718;0.88307977;0.1692121;0.5333595;0.6472927;0.74865955;0.08484703;0.16469137;0.05880295;0.045669295;0.19271694;0.37550768;0.19768906;0.10828218;0.0954701;0.18307172;0.24908406;0.09269194;0.09464171;0.10511425;0.13882355;0.13170841;0.069517575;0.045658585;0.03497876;0.059093535;0.058919568;0.043991324;0.062815584;0.069896206;0.099629894;0.06389769;0.0852007;0.07856877;0.058564708;0.06383572;0.0020348022;2.5560563E-5;0.013736261;0.017663045;0.03178807;0.0473062;0.041579317;0.027396902;0.34263307;0.013057788;0.18787645;0.017981317;0.9531186;0.038555037;0.0021996782;0.66836244;0.7652366;0.5297514;0.5605004;0.5843114;0.3950985;0.5049698;0.513936;0.64137036;0.5555409;0.3294122;0.20359752;0.34903976;0.43913835
0.14412972;0.83541614;0.07163282;0.0;0.03875112;0.82670647;0.25918224;0.13011645;0.22565646;0.06740158;0.1574252;0.10809916;0.046618525;0.030646527;0.05020911;0.09029932;0.08522006;0.05167891;0.067604795;0.069323055;0.09111429;0.14873587;0.11779981;0.055890094;0.044532746;0.050323118;0.07503535;0.11678649;0.090267114;0.10211469;0.07095666;0.08241519;0.10732224;0.070076056;0.07273841;0.07443724;0.055345863;0.0018933457;0.043956034;0.04483696;0.0476821;0.045992132;0.10561489;0.045265015;0.30894208;0.0034147226;0.18073528;0.01859271;0.9029761;0.065062195;0.044030424;0.7361716;0.5198627;0.52307117;0.43710545;0.5927931;0.46104673;0.41894522;0.6641222;0.75680363;0.52119374;0.47084492;0.51656497;0.4137876;0.45006165
0.0;0.6884003;0.0;0.0;0.0;0.0;0.40817353;0.092686996;0.21100052;0.10015749;0.085451074;0.046636183;0.02327408;0.018305024;0.019062713;0.022633532;0.03657681;0.027133897;0.055304;0.08883906;0.111887395;0.0925603;0.08618463;0.07445844;0.03821175;0.05175537;0.058888707;0.0489736;0.08726989;0.08148875;0.060349736;0.046818558;0.047107574;0.04853772;0.048031587;0.06117255;0.012036788;0.049439866;0.050824173;0.09375003;0.10993369;0.13534826;0.23956496;0.092451274;0.64393866;0.029791713;0.121022165;0.0044691004;0.91528136;0.10854001;0.027040446;0.6638802;0.37868464;0.38521004;0.6257633;0.7252166;0.6181095;0.3187559;0.5580859;0.4031589;0.4029577;0.5155721;0.46494895;0.4515818;0.57492006
0.27725238;0.88532;0.01070036;0.01502621;0.0724935;0.8656911;0.32769856;0.08767005;0.27279323;0.06708662;0.10499827;0.07756264;0.03333194;0.04737873;0.04242308;0.066351846;0.060969308;0.040080976;0.049028464;0.07358585;0.085760735;0.04256955;0.049113795;0.092488356;0.09463008;0.08291745;0.07123169;0.03811811;0.032512743;0.028914036;0.019741585;0.013819721;0.024551958;0.02723876;0.0283593;0.028055567;0.058194503;0.012938383;0.028846154;0.040760875;0.0476821;0.07884365;0.12386173;0.044824068;0.43940115;0.0068019005;0.13285881;0.008537856;0.8879068;0.06198354;0.07036389;0.8259994;0.44768912;0.49470988;0.5059397;0.41043815;0.72866285;0.32463533;0.54435575;0.40285775;0.41769907;0.7425206;0.42022374;0.32842928;0.452619
0.0;0.740294;0.0;0.0;0.0;0.25373614;0.08464739;0.03453103;0.04161921;0.08251969;0.076341376;0.06288984;0.02570916;0.016790386;0.016738985;0.014282917;0.014725675;0.009477387;0.018806811;0.01544172;0.014448972;0.0109907435;0.01439374;0.020728396;0.023614895;0.031399004;0.022070028;0.024460072;0.022094697;0.01611145;0.020504728;0.014531529;0.012043135;0.031334642;0.080008715;0.08589599;7.779511E-4;8.487013E-5;0.013736261;0.020380434;0.027814563;0.038107768;0.035687916;0.02740855;0.40419877;0.012341844;0.16742022;0.010988625;0.955308;0.037535224;0.0010410702;0.6864409;0.57456654;0.5934621;0.5657872;0.64381343;0.56936896;0.4832173;0.5083538;0.48589766;0.46634325;0.43712935;0.499755;0.40750334;0.5021069
0.4060935;0.93835676;0.01311005;0.00903286;0.179464;0.8303151;0.16119602;0.0452451;0.16747797;0.05291339;0.028198825;0.03243946;0.029492853;0.014335383;0.022554917;0.04160667;0.029520964;0.029998938;0.032222733;0.039867084;0.025164574;0.024762915;0.025374644;0.02732716;0.020214088;0.038547575;0.039753925;0.028096804;0.024984943;0.022870805;0.02340979;0.027133562;0.024487142;0.020316828;0.01745007;0.016214823;0.023155443;5.956593E-4;0.03434065;0.03668479;0.04370859;0.051248383;0.17008087;0.038836557;0.31531593;0.0016833709;0.16192412;0.022677403;0.9333859;0.056994;0.023379853;0.7721157;0.5844056;0.35940418;0.27611756;0.45547852;0.4648145;0.5046127;0.338073;0.31663793;0.43404794;0.36871296;0.37728038;0.27382553;0.3534057
0.23584792;0.852844;0.0;0.0;0.7083333;0.7649089;0.063813366;0.0850388;0.017007103;0.13543306;0.044921342;0.03399746;0.017854389;0.012792098;0.014673026;0.01615418;0.02087186;0.018237984;0.02750373;0.031154156;0.044560954;0.03863853;0.047846712;0.060138397;0.041507438;0.07987477;0.095823854;0.08834846;0.09743515;0.069183454;0.059892062;0.0737182;0.09736692;0.07453911;0.08550692;0.10628273;1.8198189E-4;1.1023565E-4;0.09203297;0.1372283;0.21059594;0.27463874;0.021052295;0.16770652;0.69288987;0.09433278;0.0712815;4.9687247E-4;0.95671386;0.14545232;2.0128756E-4;0.45583168;0.58727396;0.7098894;0.5413534;0.46632227;0.5776947;0.49128693;0.5455144;0.5935766;0.38133878;0.5075703;0.45416397;0.43542075;0.5282149
0.0;0.627529;0.0;0.0;0.0;0.0;0.08751141;0.10531614;0.020319933;0.44692922;0.05993132;0.032697346;0.018214697;0.011179613;0.0096459575;0.0131185725;0.014108389;0.012812057;0.016367575;0.017224351;0.02074935;0.031997446;0.057436477;0.10269607;0.07498088;0.0644441;0.09736504;0.11982944;0.11104435;0.07418569;0.099978186;0.13790448;0.16045551;0.13281454;0.12970127;0.1659081;6.104441E-5;1.9028719E-4;0.0315934;0.21603262;0.53112555;0.67148507;0.019221108;0.3046533;0.831552;0.37392652;0.059211098;6.308498E-5;0.9567688;0.2814527;2.1227529E-4;0.37356952;0.6474047;0.57688266;0.64652616;0.5951959;0.5676188;0.4464188;0.733501;0.6660852;0.44042262;0.53860676;0.4615063;0.335284;0.5688239
0.16072474;0.8688898;0.04749684;0.03279212;0.08089831;0.87044877;0.049850207;0.05411352;0.056679532;0.023307081;0.07429824;0.05958952;0.036975294;0.028274449;0.02708313;0.020308597;0.017729975;0.0121983625;0.01855504;0.016757399;0.017801784;0.015832005;0.034507062;0.048613757;0.030525079;0.028421568;0.041308936;0.036340386;0.03627311;0.035429057;0.035944864;0.061541054;0.07736312;0.063120306;0.05690976;0.049869798;9.4220875E-4;4.360015E-6;0.012362632;0.016304346;0.017218536;0.021024978;0.01769036;0.015012913;0.2716867;0.001364208;0.43144777;0.11350625;0.9537408;0.023171643;0.0012891141;0.76320857;0.78243774;0.59225327;0.7096635;0.5987345;0.5378591;0.49721408;0.476872;0.44844586;0.4341401;0.47863057;0.3877365;0.3971643;0.47824365
0.0;0.737719;0.0;0.0;0.0;0.25746298;0.010792237;0.034220636;0.0044092666;0.059842527;0.018671302;0.01654934;0.008876341;0.005867062;0.0056747696;0.010501416;0.01475974;0.011225626;0.016587468;0.01997973;0.02443668;0.027695524;0.022950651;0.024592543;0.01648721;0.022524938;0.027787143;0.028358327;0.031471882;0.018782575;0.025946341;0.041804727;0.04022029;0.03249298;0.028610682;0.02961777;6.7010524E-6;4.0161353E-7;0.006868135;0.009510872;0.022516549;0.035479642;0.0044394713;0.020962305;0.41574645;0.022360547;0.17087144;0.0094950255;0.9569422;0.027865542;5.7245666E-6;0.65248436;0.68824464;0.55131775;0.668934;0.63287735;0.49559596;0.56253743;0.63843596;0.57910013;0.50875026;0.45876792;0.46252748;0.4415846;0.51502657
0.65922165;0.77005816;0.09461322;0.06497549;0.1058173;0.7776887;0.51584744;0.103268705;0.3146625;0.12944882;0.093554825;0.055906385;0.034296606;0.037601437;0.045624692;0.04796589;0.026581623;0.021747192;0.0319677;0.036064055;0.047942866;0.046985827;0.050132744;0.06616703;0.058354896;0.10004108;0.0812792;0.07292289;0.07980819;0.08130791;0.09918876;0.114093624;0.10442905;0.08874383;0.093021326;0.09596857;0.07103015;0.043618668;0.03846153;0.05163044;0.09006616;0.1681998;0.3440312;0.08381445;0.49384803;0.03307886;0.09058316;0.0014637859;0.8690199;0.09538325;0.08038945;0.48941374;0.32769173;0.37799796;0.47067395;0.4311298;0.29853803;0.46370932;0.46875963;0.46006623;0.552475;0.4687647;0.64945763;0.6191142;0.5523861
0.6292438;0.96770334;0.009435341;0.008899613;0.07271086;0.85564846;0.6287474;0.13704874;0.5059987;0.14078741;0.06601878;0.07995623;0.034258462;0.020661516;0.023170242;0.024138061;0.03379657;0.032068703;0.035652194;0.07333818;0.08421669;0.14609835;0.13849248;0.12187694;0.06723698;0.09720864;0.09073213;0.07066025;0.10913547;0.16242398;0.13363849;0.0748919;0.103284635;0.14894041;0.11888872;0.09827942;0.0015376413;0.41200513;0.10439558;0.1372283;0.13642381;0.13666236;0.40208277;0.12581868;0.3704956;0.01047517;0.12686245;0.0064388164;0.76015097;0.14120041;0.26942214;0.48959374;0.22662543;0.2461269;0.56886774;0.8015376;0.54452527;0.4399374;0.5898952;0.56166255;0.45793834;0.27171874;0.32517496;0.57345897;0.4831655
0.25885442;0.9142246;0.01614223;0.08617779;0.2081997;0.8843451;0.097261876;0.08726808;0.07894166;0.05196852;0.14361814;0.11135561;0.05758164;0.069117084;0.13280559;0.12198864;0.05762966;0.04166986;0.069998406;0.055163622;0.046429697;0.028265387;0.02185433;0.022159357;0.021310205;0.032768935;0.045938283;0.042815465;0.044802908;0.041829646;0.051184446;0.044862792;0.039659955;0.040198706;0.04248698;0.055304;0.005641493;4.0618957E-5;0.03296703;0.040760875;0.039735083;0.042049948;0.017515838;0.037716717;0.3427361;0.0010904857;0.13961938;0.021934763;0.951189;0.056065727;0.0066625676;0.89009184;0.63956773;0.4132772;0.39749777;0.53100276;0.5270097;0.5289477;0.49277356;0.466715;0.4736129;0.4811891;0.5733216;0.5256222;0.45920095
0.36908737;0.9303483;0.005630421;0.003252174;0.02192068;0.92006314;0.07139396;0.09761995;0.055323202;0.04818898;0.04984052;0.10697546;0.08052037;0.05709214;0.105988644;0.08765242;0.09714375;0.08612424;0.12125007;0.047686167;0.038378313;0.040535443;0.038361438;0.033867385;0.02345251;0.04009438;0.063222535;0.05374561;0.050862245;0.06730146;0.051194124;0.033556435;0.028592957;0.024119848;0.0274353;0.023330742;0.0026348594;4.3153627E-6;0.0315934;0.03668479;0.039735083;0.038107768;0.010575278;0.035342533;0.29073516;0.0025462648;0.29344618;0.057674065;0.954032;0.052659295;0.0032450538;0.8306864;0.69466233;0.3960418;0.36479777;0.47985458;0.47836632;0.5009418;0.51591146;0.3555417;0.38345936;0.35876083;0.53318506;0.51204884;0.36117864
0.0;0.6782058;0.0;0.0;0.0;0.0;0.1413812;0.076553926;0.08378639;0.07149608;0.08094261;0.0549063;0.034357775;0.026588904;0.031504158;0.031452235;0.043732528;0.033411015;0.032361433;0.03986968;0.07380076;0.060877178;0.047348592;0.04837591;0.027451148;0.04018217;0.047118153;0.036519777;0.048516866;0.07061831;0.061875015;0.065610476;0.058389194;0.070258036;0.056915153;0.057733275;0.0025692424;7.494582E-4;0.01510989;0.028532617;0.05430461;0.068331175;0.06675689;0.037261404;0.53630453;0.006506291;0.12020548;0.00746767;0.95077866;0.051524315;0.002646528;0.78793734;0.5364094;0.44687098;0.53701633;0.72039276;0.5920747;0.4693137;0.5266543;0.60006446;0.5256727;0.38846785;0.30862862;0.47659647;0.57908994
0.26917216;0.8719408;0.0;0.0;0.1351674;0.76276594;0.04408892;0.08501125;0.026495166;0.08944883;0.056437925;0.03433248;0.02096139;0.018243665;0.023615364;0.027225945;0.03460472;0.02241962;0.032995835;0.043206487;0.048942287;0.061322525;0.06956216;0.06872751;0.045182;0.09358212;0.122754306;0.08511625;0.061943986;0.052527796;0.060367275;0.05293493;0.04997382;0.04404706;0.039769877;0.034093536;0.0010345853;1.6465188E-5;0.024725268;0.040760875;0.10596023;0.14980291;0.029805934;0.08087926;0.53358674;0.060490023;0.13454454;0.014264032;0.95593065;0.08491539;4.7851892E-4;0.5960591;0.6134152;0.6920568;0.56746423;0.4149727;0.45882535;0.5406044;0.43247908;0.58397907;0.6147785;0.47932744;0.51293325;0.5110697;0.47338974
0.0;0.7493367;0.0;0.0;0.0;0.0;0.32252336;0.07967374;0.27074164;0.07622049;0.057303492;0.025184084;0.015071174;0.015369327;0.03768333;0.063903935;0.05992654;0.03844196;0.0403042;0.044959825;0.065947555;0.10857035;0.086923175;0.07257148;0.075820684;0.07566257;0.03608675;0.039511185;0.057559736;0.02819381;0.020058982;0.010123525;0.014818019;0.024738863;0.020503469;0.028516324;0.054511312;0.0091437325;0.042582408;0.04483696;0.051655605;0.084099896;0.19916843;0.0556481;0.429533;0.008135884;0.13850965;0.009056207;0.9010988;0.07495755;0.03665268;0.6800461;0.3207009;0.28277868;0.50805265;0.24213268;0.40213707;0.17424007;0.59453243;0.51048136;0.41601783;0.60103774;0.32115752;0.37316218;0.64076084
0.29506093;0.8075956;0.2160286;0.09351385;0.2042476;0.796675;0.33262792;0.11641209;0.19757766;0.12818898;0.075762734;0.04262587;0.02327157;0.021329138;0.024140906;0.05956855;0.09432756;0.052713178;0.048178855;0.058978308;0.058715876;0.0652089;0.08692497;0.09714268;0.069122374;0.10206899;0.10498091;0.10066894;0.0984184;0.08183704;0.07344315;0.07113266;0.08141182;0.062566996;0.057355404;0.057497356;0.026231624;0.014820532;0.04945054;0.057065222;0.09933775;0.15637328;0.17673989;0.08583459;0.46096793;0.019218206;0.08324705;0.0012865609;0.92064744;0.100497745;0.034352574;0.613047;0.28522938;0.48809627;0.488706;0.3007934;0.4804866;0.6873918;0.6835817;0.606449;0.4633471;0.41515577;0.49269402;0.31791598;0.36854592
0.20650746;0.8729732;0.09837652;0.02012893;0.03874283;0.8836021;0.1691798;0.12711583;0.16374831;0.038740158;0.19142494;0.1295735;0.08033131;0.06552505;0.08963709;0.11642988;0.11854871;0.10060609;0.080203526;0.10390994;0.10856654;0.06948008;0.06303137;0.06663587;0.064223304;0.09500346;0.065498106;0.07237323;0.06291085;0.042358555;0.049561486;0.031644396;0.033880413;0.03993147;0.0497499;0.04494638;0.018703498;4.3740548E-4;0.01648351;0.032608703;0.04105958;0.045992132;0.07598319;0.030620178;0.43903798;0.0018307221;0.105220184;0.00808419;0.93152374;0.045405295;0.016380485;0.86187285;0.64909256;0.5091406;0.47450167;0.52147007;0.6524298;0.5647447;0.45710316;0.5870139;0.5781529;0.5908093;0.34782538;0.37411427;0.51746595
0.24432425;0.9236903;5.445349E-4;0.01023699;0.01462172;0.9152739;0.4247815;0.101288736;0.29930234;0.066456705;0.07420297;0.05653961;0.028156156;0.0279053;0.035459064;0.047591936;0.057867687;0.027868025;0.03941053;0.050655477;0.044640724;0.06270249;0.08327756;0.093220994;0.053624555;0.07708377;0.069572516;0.08065732;0.090344384;0.088421136;0.10163604;0.06653294;0.058186676;0.054960765;0.05581528;0.057787716;0.07037944;0.021436263;0.042582408;0.052989136;0.052980114;0.12352174;0.060068768;0.063430294;0.42208397;0.01075793;0.09338687;0.001726588;0.87613475;0.082047746;0.08752297;0.6868036;0.3585839;0.49045733;0.49539128;0.48397517;0.4672549;0.4591454;0.7820162;0.6191142;0.42811683;0.6288865;0.5000412;0.43418697;0.3523293
0.41099066;0.8577886;0.1224267;0.2347883;0.3877606;0.77949995;0.2880438;0.13157764;0.14292353;0.1033071;0.083269;0.061699692;0.03032107;0.025253734;0.072549924;0.10127221;0.055928964;0.032160178;0.044717275;0.062203687;0.07482975;0.1292934;0.17765263;0.10761364;0.039330505;0.05933362;0.12638801;0.109035075;0.09870927;0.080200434;0.09734073;0.11962307;0.073615886;0.04106534;0.05208034;0.058091994;0.011611288;0.0073996275;0.04532966;0.05027175;0.071523145;0.17608419;0.13293871;0.08336102;0.46996897;0.029708419;0.08360563;7.313904E-4;0.94006014;0.09719191;0.017757853;0.6072187;0.27754927;0.5187847;0.32773116;0.6389486;0.380359;0.5446646;0.7465036;0.65991753;0.64328235;0.29206887;0.7195221;0.37494722;0.32029378
0.29783487;0.9357124;0.01104568;0.01093412;0.1100388;0.8267061;0.36307606;0.08054632;0.27075404;0.08692914;0.21001588;0.103987865;0.03803871;0.052763574;0.04268504;0.045619525;0.040849626;0.035911128;0.03965929;0.0355355;0.09159628;0.108254865;0.06081798;0.053044118;0.048980545;0.09152686;0.04154949;0.021884333;0.025123587;0.036245033;0.038181383;0.03229012;0.02959091;0.033529524;0.03314821;0.039441243;0.05425104;0.02207992;0.0315934;0.043478265;0.059602622;0.11563735;0.16290286;0.055277277;0.4778505;0.007766932;0.10251464;0.004649191;0.8883663;0.0736655;0.07480542;0.79509425;0.39409098;0.34373283;0.59366864;0.4964063;0.52004397;0.40377584;0.4712302;0.507716;0.5706216;0.4670158;0.3463609;0.4568418;0.56670094
0.27190796;0.9085247;0.006105492;0.007329064;0.0821695;0.8845675;0.26097688;0.093767636;0.27640477;0.035905518;0.13451402;0.07273973;0.043582764;0.039868332;0.026793936;0.036622975;0.041818716;0.02369096;0.034139156;0.036191657;0.03346326;0.048657335;0.09991309;0.1022859;0.052098628;0.08311965;0.082272485;0.06359761;0.0849391;0.07240931;0.052186966;0.049156494;0.07005388;0.059036676;0.060247753;0.07716808;0.06876075;0.002097344;0.024725268;0.028532617;0.027814563;0.039421823;0.06401756;0.02930371;0.31008792;0.004141918;0.20835347;0.022583935;0.88300437;0.04326797;0.074543886;0.73199284;0.5933636;0.59497523;0.6695006;0.39078355;0.41193688;0.5113284;0.5268626;0.44840255;0.3838337;0.49418324;0.48231065;0.405579;0.5323772
0.16189155;0.8527936;0.0;0.0;0.3201989;0.84045875;0.0740805;0.06588285;0.06832402;0.03055118;0.063986145;0.05138486;0.03489642;0.02643531;0.018678311;0.020116214;0.028794412;0.025147561;0.03252374;0.037583098;0.04440397;0.062208533;0.062156472;0.050630108;0.028331537;0.04043914;0.03997457;0.047335852;0.051386807;0.045050815;0.035418797;0.05452713;0.044053108;0.047121797;0.050499745;0.05866152;9.881884E-4;2.818917E-5;0.004120878;0.012228259;0.01589403;0.02496716;0.036480904;0.015022007;0.345511;0.008113868;0.21476957;0.018343346;0.9528898;0.021582348;0.0013050735;0.669144;0.77042824;0.56528807;0.72210187;0.710924;0.46958867;0.52580106;0.5270133;0.49164602;0.565681;0.44360134;0.53353745;0.3900791;0.49717605
0.11526319;0.80718887;0.01887632;0.0218615;0.1307177;0.79394174;0.09885476;0.110013925;0.03659714;0.10362205;0.117349885;0.06006778;0.03758518;0.040489204;0.062032185;0.071007915;0.04699508;0.015547863;0.016979754;0.020953508;0.02906503;0.026221124;0.047154922;0.14314759;0.11247058;0.09372634;0.09326833;0.08631267;0.11386466;0.12512314;0.083161294;0.05044904;0.055361897;0.054819874;0.069138855;0.057521753;7.471034E-4;5.259455E-4;0.0315934;0.040760875;0.07284765;0.19053885;0.032256998;0.07474305;0.5389799;0.034045137;0.07263478;3.7738087E-4;0.95590097;0.081094205;6.937303E-4;0.66023844;0.41139746;0.8201592;0.5662499;0.4087142;0.48706383;0.42535654;0.79087615;0.48680535;0.59109753;0.668342;0.5046662;0.41166148;0.51445687
0.5140566;0.9440849;0.004385264;0.004749953;0.05120699;0.85277635;0.1625683;0.09773068;0.06863016;0.10992127;0.07035121;0.039186176;0.042734127;0.045765523;0.03204047;0.026544092;0.051757623;0.03533068;0.10653761;0.11296624;0.052853197;0.06313322;0.07967358;0.09504039;0.05434204;0.07820725;0.051144224;0.0324981;0.04579276;0.051322367;0.05840038;0.06617517;0.05112031;0.04779499;0.04820428;0.057637706;0.0030167107;0.0015288197;0.024725268;0.03668479;0.083443664;0.13140611;0.022836454;0.070996314;0.41108456;0.04066977;0.100155905;0.0018161652;0.95264626;0.08395642;0.004871687;0.5190753;0.45474476;0.3521256;0.48795384;0.27625537;0.6015944;0.5263224;0.22492695;0.31134745;0.30731556;0.4234692;0.4655713;0.5350944;0.47278222
0.61485475;0.83169574;0.06013593;0.04898354;0.378299;0.79309833;0.58619684;0.114500456;0.47071752;0.0919685;0.11566136;0.048899155;0.017785825;0.035412285;0.03991069;0.023822233;0.046222907;0.052747615;0.052729774;0.07713808;0.113346964;0.08053685;0.090902455;0.077087775;0.06344635;0.12961353;0.1072924;0.044556234;0.05931459;0.0782597;0.06646283;0.05251393;0.06906179;0.09516354;0.109273665;0.105028294;0.04248461;0.16138026;0.06456042;0.07065218;0.10066221;0.113009214;0.42887565;0.08151774;0.49780372;0.0084463805;0.09631083;0.0033027076;0.74755;0.102334;0.17781124;0.6449921;0.30945122;0.23258978;0.48363566;0.5393993;0.576864;0.4376557;0.4450063;0.44562563;0.6051321;0.48436558;0.30552337;0.66338223;0.73738885
