codebookNumeric
32;65;5;0.0;0.0
139.4988;0.8167679;0.2127746;0.0;0.5710453;6.342506;0.5687301;0.9738633;0.02475202;0.06374402;0.1633255;0.340775;0.5221612;0.6564251;0.8942669;0.79526;0.8612847;1.054911;1.070923;1.046719;1.043834;0.9937215;1.181164;1.432137;1.330164;1.347409;1.402296;1.45413;1.672425;1.188311;1.184814;0.9049429;0.8785877;0.739811;0.6276816;0.5329657;0.09560544;0.00688554;287.1094;430.6641;473.7305;645.9961;0.1563161;576.856;3.625436;581897.7;4.263161;25.01483;-0.01460808;0.5218789;0.0561762;18.13202;7.893004;27.14309;-13.75646;-28.2713;-17.56463;-13.8397;8.46548;1.255084;-16.01187;14.56866;-6.482259;8.063661;-7.854801
220.0654;0.8834797;0.009053579;0.006571263;0.08997513;16.61987;0.8195159;2.249997;0.05127172;0.05971278;0.1268493;0.2661735;0.4415459;0.5336967;0.6558731;1.498608;2.695584;2.519376;3.39875;4.188923;3.623792;4.196051;7.014601;5.630686;3.193455;2.8571;2.523623;1.823905;1.976724;2.456728;1.600014;1.3983;0.9239635;0.9719396;1.115216;0.8684444;0.0349621;0.02926755;645.9961;689.0625;689.0625;846.9727;0.1270491;716.2154;2.622856;108414.8;5.067176;68.72582;-0.05632918;0.7081648;0.2598284;30.48478;-15.41243;-20.87;-12.45047;-7.338337;-15.16515;7.361435;36.62508;-24.40724;-27.16328;-21.4083;-30.0091;-6.857386;-34.51944
0.0;0.588829;0.0;0.0;0.0;-100.0;0.2631659;2.733388;0.004050823;0.2680776;0.07458452;0.1571565;0.2574242;0.3597783;0.3850569;0.5491275;0.7161725;1.004999;0.8812637;1.304761;2.214651;2.901254;2.780804;4.961148;5.040574;5.157907;6.267458;5.851354;4.825203;4.431942;4.671928;4.942056;4.564222;3.592465;1.942212;1.232584;2.424991E-4;0.001478976;1263.281;2325.586;3703.711;5555.566;0.03167398;2586.511;5.847294;3643180.0;0.6295497;2.732293;-2.095591E-4;1.7322;0.001031583;-5.409086;2.031511;26.95496;24.46795;-4.762119;-27.75782;11.21342;-12.63791;12.66141;-8.581235;-1.250304;-5.175722;0.547883;7.256105
0.0;0.618133;0.0;0.0;0.0;-65.99961;0.8277049;0.7877446;0.02261575;0.3066263;0.09579453;0.1401694;0.2435818;0.2185382;0.2323142;0.4424663;0.3431799;0.2844157;0.2924221;0.3657328;0.436974;0.5238656;0.5176122;0.6437172;0.8090827;0.8780541;1.112823;1.381841;1.606228;1.965863;1.867838;1.612793;1.160674;1.177784;1.297445;0.8301523;0.01561315;0.02278879;990.5273;3646.289;6273.34;6761.426;0.1850632;3725.807;6.548727;7010682.0;0.156833;1.898889;-0.003731741;2.581464;0.02827598;-5.750199;4.871047;-12.61189;-7.729606;-5.683947;-13.17744;-17.69048;0.734966;1.206796;-4.61488;1.539034;-10.1176;-3.149402;-4.186068
106.6685;0.7833932;0.05364765;0.1160585;0.6690779;5.899856;0.3600049;1.488918;0.02093646;0.03275384;0.2428666;0.5570173;0.9050713;1.519574;1.539309;1.947102;2.199963;2.006543;1.963202;2.415883;2.169173;1.615644;1.398224;1.642399;1.516592;1.21086;1.519275;1.573703;1.691946;1.41047;1.454525;1.548869;1.591519;1.351627;1.057801;0.6627162;0.02820691;0.003376859;129.1992;229.6875;416.3086;674.707;0.1466053;327.0441;3.665312;124368.3;8.223767;161.7668;-0.01214567;0.3352549;0.01939634;37.41736;18.99986;-15.00087;-0.04874063;11.25206;6.421107;7.377421;-8.356476;11.64271;-7.004023;7.055212;-11.95484;-18.99138;-3.571434
192.4883;0.8325601;0.1692121;0.5333595;0.6472927;0.0;0.4443868;1.948857;0.03167239;0.03930461;0.3107605;1.841986;2.653122;2.285234;2.304765;4.155227;5.278424;2.885422;2.416912;2.624642;2.903486;2.80442;1.580414;1.068389;1.204542;1.420404;1.316093;1.199358;1.421122;1.692801;2.225751;1.315119;1.357205;1.103119;0.6908088;0.6107546;0.0952872;6.708679E-4;186.6211;229.6875;387.5977;574.2188;0.1964742;344.1476;2.876942;295536.4;12.28284;252.6213;-0.0260614;0.350916;0.05806961;25.10138;31.26264;6.900295;-6.495703;-10.98435;-26.62882;-4.918708;-3.729679;15.50179;10.21833;-21.16039;-34.92556;-11.71359;-9.785617
88.8447;0.7876232;0.07163282;0.0;0.03875112;10.42489;1.27476;1.559831;0.1204092;0.05668934;0.2570095;0.5391007;0.6362066;0.6673501;1.225579;2.060426;1.825974;1.626444;1.740009;1.743261;1.92254;3.15713;2.626473;1.292337;1.51009;1.22518;1.647145;2.970175;1.970403;2.420065;1.627502;1.654811;1.68396;0.9931784;0.8350213;0.6982258;2.591731;0.04959929;502.4414;516.7969;559.8633;559.8633;0.4977863;527.8822;2.657268;79007.32;11.62751;261.1742;-0.3656969;0.5527033;1.162302;31.59998;1.36393;6.071598;-22.9863;-9.844837;-17.29036;-15.03667;17.51589;31.36263;5.680246;-2.375994;6.608841;-4.334352;-8.586567
0.0;0.649018;0.0;0.0;0.0;-100.0;1.984418;1.138687;0.1126148;0.08289242;0.1473895;0.2396368;0.3245392;0.41016;0.4829363;0.5325322;0.8011095;0.8729851;1.432043;2.223855;2.349654;1.993499;1.941514;1.698762;1.307937;1.257061;1.315459;1.320557;1.910431;1.954478;1.406195;1.001813;0.7945356;0.7143585;0.5836379;0.5887814;0.563659;1.295126;574.2188;1033.594;1234.57;1536.035;1.128073;1013.09;4.841535;671286.3;6.147776;63.59672;-0.2823485;0.8836809;0.7138069;24.67182;-15.83856;-11.03037;2.226075;7.946162;4.950204;-26.82065;2.515829;-17.2291;-9.941545;3.564443;-0.2412053;-0.02698716;5.119149
170.9044;0.8346722;0.01070036;0.01502621;0.0724935;15.63216;1.601109;1.082238;0.1454777;0.05643739;0.1771608;0.3903187;0.4588199;1.01604;1.039932;1.519692;1.315035;1.270422;1.274927;1.848235;1.812466;0.9579814;1.138356;2.093402;3.112263;1.950709;1.56901;1.056486;0.8147886;0.7677155;0.5589314;0.39647;0.4613689;0.4386374;0.3834791;0.3155396;2.725127;0.3389346;344.5313;473.7305;559.8633;918.75;0.5836447;523.348;3.507896;155064.3;7.233999;120.5152;-0.467767;0.5292669;1.857443;40.20875;-7.43039;2.553317;-13.78723;-34.3441;20.60488;-26.12913;0.5735387;-17.27048;-7.99386;33.70663;-6.176758;-14.06254;-8.305847
0.0;0.6979429;0.0;0.0;0.0;-66.10794;0.4434359;0.4843349;0.02253365;0.06878307;0.133515;0.3188289;0.3570495;0.3785958;0.4275302;0.3439753;0.340728;0.3309829;0.5182898;0.416399;0.346231;0.3038522;0.3861287;0.5227157;0.841112;0.8039414;0.5591257;0.7242401;0.6063326;0.4787243;0.5748539;0.4095277;0.2766024;0.4916598;0.9089942;0.7927697;0.03643152;0.002224539;186.6211;258.3984;344.5313;473.7305;0.1687529;344.2674;3.278367;279460.3;10.40562;154.7994;-0.01123187;0.3431526;0.02748511;26.83395;8.029567;14.80374;-5.789176;-2.990302;-1.951603;-7.477176;-4.519342;-5.860572;-1.566805;-6.85393;4.377954;-5.050565;-2.873557
250.3249;0.8846748;0.01311005;0.00903286;0.179464;10.90691;0.8080435;0.6048861;0.08946844;0.04509952;0.06019161;0.1704666;0.4075649;0.3274349;0.5662031;0.9609457;0.6524499;0.9609334;0.8541744;1.017889;0.5665536;0.5891315;0.6240355;0.6671498;0.7323501;0.963064;0.9223903;0.8127074;0.6641639;0.6313024;0.6354662;0.6407041;0.4604115;0.349031;0.2724814;0.2178439;1.084322;0.01560515;401.9531;430.6641;516.7969;617.2852;0.8011236;461.7795;2.698827;40130.89;9.901255;318.3156;-0.1597192;0.4912837;0.617176;35.04473;9.228461;-14.23164;-44.50084;-28.29296;-16.75683;-4.960714;-28.60753;-29.11731;-5.833786;-15.94066;-11.87584;-20.28567;-19.19649
145.3818;0.8040541;0.0;0.0;0.7083333;2.170462;0.3442017;1.052632;0.009444325;0.1111111;0.08566079;0.1780576;0.2521819;0.2952737;0.3782703;0.3862284;0.470222;0.5999071;0.7360282;0.8033277;0.9653609;0.8765535;1.110904;1.385324;1.413337;1.882981;2.074185;2.278391;2.113829;1.676712;1.396646;1.49527;1.536911;1.050954;0.9649366;0.9609768;0.008523548;0.002889013;1004.883;1492.969;2325.586;3057.715;0.09988665;1786.926;5.16071;2120516.0;1.583191;8.028581;-0.001709722;1.164678;0.00531684;4.733173;9.577958;29.24679;-9.054527;-26.83611;-0.7726591;-6.528051;0.7374485;8.934799;-12.79792;2.501693;-1.672495;-1.868845;-0.007687251
0.0;0.591629;0.0;0.0;0.0;-100.0;0.4570775;1.280786;0.01120617;0.3602923;0.1085217;0.1717231;0.2569923;0.2616704;0.2584068;0.3176844;0.3277224;0.4333473;0.4572204;0.4602974;0.4757725;0.7389889;1.318671;2.316829;2.483858;1.539504;2.105844;3.044198;2.386137;1.789627;2.233018;2.672727;2.468786;1.805346;1.414599;1.452934;0.002860302;0.00498604;373.2422;2325.586;5799.609;7393.066;0.09127021;3195.125;6.064824;8398621.0;0.4755177;1.960257;-0.001337416;2.199989;0.00560689;-3.150546;16.90487;12.74702;5.000839;-9.522034;-2.199441;-11.80531;27.33032;18.89767;-4.991539;6.623794;-0.6980872;-13.28132;4.449966
99.07424;0.8191819;0.04749684;0.03279212;0.08089831;16.26764;0.277694;0.7046707;0.0305431;0.02141597;0.1304032;0.3027489;0.5074616;0.6179173;0.6741721;0.4800352;0.4040256;0.4145087;0.5119864;0.4487984;0.4151679;0.404135;0.8218939;1.133072;1.062108;0.7376656;0.9543335;1.013241;0.8900302;0.9147783;0.8970027;1.271888;1.241437;0.9031343;0.6739702;0.4955246;0.04412336;1.154993E-4;172.2656;215.332;229.6875;287.1094;0.08406744;216.8053;2.414353;32964.28;34.63482;1588.935;-0.02184792;0.233809;0.03403288;34.1911;33.35859;14.65378;13.43856;-9.046624;-6.413507;-5.830913;-8.972806;-11.00655;-5.821609;-1.341941;-10.48819;-6.228893;-5.493028
0.0;0.6955152;0.0;0.0;0.0;-65.61014;0.0916576;0.4808424;0.002744485;0.05064248;0.04568074;0.09304574;0.1323176;0.1509598;0.1637193;0.258589;0.3414457;0.3846486;0.4627257;0.5281504;0.5515874;0.6498781;0.5715184;0.6072944;0.6131601;0.6064104;0.6765673;0.8190692;0.7939618;0.5390193;0.6883898;0.9098374;0.6928042;0.5066548;0.3860368;0.328429;3.155179E-4;1.180519E-5;114.8438;143.5547;287.1094;445.0195;0.0217169;277.9818;3.353661;504424.1;10.72233;133.9052;-1.630344E-4;0.2695416;1.544412E-4;23.57968;21.8812;9.575644;7.995439;-4.459553;-12.39809;1.852228;13.88227;6.945692;4.036173;-3.980005;-0.5625629;-1.166363;-1.455366
406.3586;0.7260043;0.09461322;0.06497549;0.1058173;3.877489;2.497278;1.257749;0.1677448;0.106324;0.1597319;0.2848037;0.4716989;0.8122866;1.11627;1.104537;0.5905209;0.7076293;0.8477893;0.924237;1.034896;1.049461;1.160432;1.517279;1.952139;2.33187;1.775407;1.903148;1.761129;1.950396;2.216547;2.235932;1.641225;1.234838;1.041393;0.8758766;3.326193;1.142634;445.0195;588.5742;1019.238;1894.922;1.619627;924.2791;3.862904;745097.2;3.35446;21.55489;-0.5956954;0.7835242;2.122094;7.951562;-22.05202;-11.92504;-18.50018;-31.56419;-40.30207;-9.771645;-10.1204;-9.409882;9.813243;-2.65228;24.24523;19.06649;2.645597
387.8796;0.9123425;0.009435341;0.008899613;0.07271086;14.29073;3.03503;1.637831;0.2695021;0.1153943;0.1177932;0.4019809;0.4711897;0.459268;0.5808747;0.5665045;0.7425327;1.024469;0.9400353;1.842136;1.780719;3.102496;3.07479;2.736661;2.236199;2.268822;1.96959;1.848107;2.347942;3.781419;2.935319;1.516801;1.624321;2.0141;1.304585;0.8949429;0.0720062;10.79287;1134.082;1492.969;1521.68;1550.391;1.892782;1356.201;3.058613;237545.3;6.683726;91.1514;-1.333108;1.13231;7.112108;7.968811;-34.36691;-28.28392;-5.377488;18.19982;-5.469554;-12.56763;7.015628;4.549723;-2.677297;-28.82295;-18.79083;13.86321;-4.952757
159.5635;0.8619232;0.01614223;0.08617779;0.2081997;18.1238;0.5035198;1.077715;0.04238265;0.04434367;0.2359807;0.554967;0.7825732;1.469055;3.194978;2.775971;1.244672;1.319196;1.799936;1.394576;1.003784;0.6616823;0.5477661;0.5540366;0.7674053;0.8344352;1.04943;1.170754;1.060704;1.059258;1.214967;0.9659357;0.6845276;0.6064076;0.5272234;0.5403611;0.2641809;0.001065337;387.5977;473.7305;473.7305;516.7969;0.08324625;450.2644;2.877614;26818.02;7.854399;307.9267;-0.03913203;0.4842172;0.1758793;46.35115;15.94994;-7.548576;-28.2795;-18.14633;-7.949806;-2.098499;-6.723347;-8.496322;-0.6063129;-1.002134;14.14109;8.411307;-7.583343
227.5135;0.8771245;0.005630421;0.003252174;0.02192068;22.89474;0.3803087;1.194191;0.02982177;0.04132023;0.09315294;0.5336257;1.088824;1.218462;2.555565;2.000659;2.077194;2.683813;3.083086;1.210439;0.8382401;0.9158465;0.9054008;0.8103027;0.8359187;0.9974949;1.404485;1.436641;1.181946;1.63423;1.215169;0.7585277;0.5210581;0.3982622;0.3740777;0.276556;0.1233866;1.143296E-4;373.2422;430.6641;473.7305;473.7305;0.05058824;425.8511;2.538554;59506.64;21.97073;807.8896;-0.01987512;0.4582855;0.08566504;40.65794;22.66319;-9.686666;-32.64955;-25.01805;-14.83785;-5.39247;-3.450225;-23.77183;-12.51774;-17.26245;8.814515;6.864369;-18.34326
0.0;0.6394067;0.0;0.0;0.0;-100.0;0.7136638;0.9571629;0.0449592;0.05996473;0.1405229;0.279931;0.4725156;0.5827915;0.7795854;0.7316586;0.9518733;1.065674;0.8576469;1.017953;1.566558;1.337209;1.100112;1.127866;0.9638;0.999449;1.073667;1.017605;1.135017;1.709101;1.438019;1.346539;0.9611752;0.9955342;0.6740251;0.5604046;0.1203139;0.01963406;200.9766;344.5313;631.6406;803.9063;0.3149444;445.5825;4.139732;148426.6;6.072831;105.5442;-0.04191123;0.4496454;0.06986538;36.56102;3.380141;-3.3812;-9.634132;7.298078;1.263586;-9.112477;-1.930526;9.826244;6.272021;-13.31691;-20.98672;2.823903;5.576874
165.9236;0.8220584;0.0;0.0;0.1351674;1.884225;0.2502525;1.052322;0.01449031;0.07432603;0.1032011;0.1796899;0.2936629;0.4088813;0.591488;0.6362289;0.7595596;0.7282709;0.8735299;1.100124;1.055445;1.346434;1.58138;1.573323;1.530854;2.188098;2.627393;2.199764;1.403682;1.300746;1.406561;1.114014;0.8368726;0.6562257;0.4995778;0.3653577;0.04844916;4.326059E-4;301.4648;473.7305;1191.504;1693.945;0.1410759;894.0971;4.122011;1360598.0;7.388694;200.6196;-0.007014679;0.703837;0.01263509;18.17208;12.76326;27.03461;-5.565053;-33.73489;-17.60491;-0.7274665;-15.2527;7.616076;18.04502;-1.249388;6.126862;6.752777;-6.025841
0.0;0.7064683;0.0;0.0;0.0;-100.0;1.576459;0.992266;0.1443866;0.06374402;0.1045194;0.1351165;0.2150237;0.3489817;0.9269192;1.464418;1.293065;1.220109;1.056504;1.143301;1.405089;2.325134;1.957515;1.65746;2.510716;1.78922;0.8470587;1.090374;1.315957;0.7514579;0.5655537;0.3286656;0.3175899;0.4062755;0.3035487;0.3193412;2.552651;0.2395301;488.0859;516.7969;602.9297;976.1719;0.9379918;634.6496;3.443553;185018.1;7.752562;127.7665;-0.3784129;0.6280323;0.9675471;26.2211;-22.90385;-23.73719;-13.50486;-56.95582;-25.63214;-43.81818;7.671614;-2.482714;-8.215993;14.91557;-19.32399;-8.964385;12.34649
181.882;0.7613943;0.2160286;0.09351385;0.2042476;6.413525;1.624588;1.405634;0.1054762;0.1053162;0.1326337;0.2200975;0.3245057;0.4731809;0.6040188;1.366525;2.01786;1.658193;1.253656;1.488515;1.256399;1.426937;1.957554;2.195276;2.296496;2.37701;2.26229;2.578099;2.133503;1.96234;1.679381;1.44784;1.30124;0.8959715;0.6785045;0.5584581;1.228373;0.3882393;559.8633;645.9961;1119.727;1765.723;0.8324568;945.0518;3.648517;433864.8;2.681242;19.07566;-0.2460019;0.8224586;0.9068298;19.80014;-27.22604;1.732884;-16.09036;-49.07479;-14.53761;16.53724;20.26866;10.70351;-1.962669;-9.772355;3.440881;-15.26073;-17.53455
127.2957;0.8230317;0.09837652;0.02012893;0.03874283;18.02456;0.8460708;1.526069;0.08748492;0.03376165;0.3087927;0.6437293;1.0863;1.394199;2.165685;2.650454;2.528175;3.128363;2.055434;2.594985;2.281374;1.515411;1.439887;1.527541;2.139818;2.219736;1.45123;1.889777;1.423028;1.071197;1.181105;0.7234525;0.5991585;0.6029481;0.6011211;0.4549024;0.8758469;0.01145954;215.332;387.5977;488.0859;559.8633;0.3583577;377.292;3.505528;43439.57;4.697665;114.1688;-0.1723321;0.403064;0.4324093;43.64674;17.11053;4.343482;-17.98864;-19.42704;9.81005;2.111839;-11.76934;8.033069;13.20591;13.55708;-15.78486;-8.855876;-1.18759
150.6068;0.8708474;5.445349E-4;0.01023699;0.01462172;22.25503;2.063523;1.235471;0.1595759;0.05593349;0.1302581;0.2878889;0.3897189;0.6102245;0.8738847;1.096093;1.249687;0.8955207;1.03413;1.28356;0.967001;1.375019;1.878531;2.109438;1.800857;1.820855;1.534927;2.091296;1.971949;2.110962;2.267608;1.363461;0.9581838;0.7975067;0.6628343;0.5608538;3.295722;0.5615447;488.0859;602.9297;617.2852;1406.836;0.2834742;714.6725;3.394983;243894.5;3.61175;25.23127;-0.5475039;0.6820069;2.310402;26.86871;-18.28782;2.025779;-15.19694;-24.46445;-16.41126;-10.30844;34.19335;12.44373;-6.617426;18.61431;4.415934;-2.009459;-19.31465
253.3436;0.8087158;0.1224267;0.2347883;0.3877606;4.119425;1.41223;1.576272;0.07640979;0.08541194;0.1440661;0.3130302;0.4186223;0.5549673;1.758265;2.308194;1.20884;1.027277;1.166991;1.567942;1.587715;2.754395;3.923214;2.424465;1.343716;1.425748;2.702037;2.781614;2.139323;1.925397;2.177989;2.337366;1.186087;0.6176264;0.6248326;0.5633643;0.5437338;0.1938416;516.7969;574.2188;818.2617;1981.055;0.6263554;919.6166;3.707206;669416.0;2.714148;11.30929;-0.114512;0.7972927;0.4687685;19.24158;-28.16186;5.539851;-37.60316;-3.643882;-28.71598;-0.2499158;29.16969;18.05022;21.81106;-26.12015;33.54359;-8.760942;-22.83119
183.5919;0.8821817;0.01104568;0.01093412;0.1100388;10.42484;1.769615;1.002084;0.1443932;0.07231041;0.3371076;0.5190694;0.5216591;1.128257;1.046178;1.051556;0.8911334;1.14242;1.040358;0.911221;1.93245;2.318599;1.391933;1.230044;1.652336;2.142349;0.9592749;0.6615827;0.666938;0.9331972;0.9436663;0.7352979;0.5357987;0.5200731;0.4322046;0.4094806;2.540463;0.578406;373.2422;502.4414;689.0625;1320.703;0.7673483;630.8365;3.758596;176733.5;4.449384;66.11604;-0.464655;0.6181965;1.974689;37.24692;-13.9613;-16.1757;-2.06308;-22.79434;-8.936174;-16.82085;-9.770902;-2.862675;12.21085;-2.88456;-15.97921;0.5724878;4.216931
167.61;0.8565494;0.006105492;0.007329064;0.0821695;18.15351;1.283308;1.150846;0.1473984;0.03149408;0.2221147;0.3668202;0.5956767;0.8595274;0.6672767;0.8484139;0.9115512;0.7672972;0.9021544;0.9273793;0.7371821;1.084085;2.238948;2.307851;1.752056;1.95521;1.795811;1.676301;1.863794;1.749529;1.235884;1.044701;1.133473;0.8502705;0.7079332;0.7207574;3.219922;0.05494322;301.4648;344.5313;344.5313;488.0859;0.3020548;363.755;2.664739;95336.04;14.16197;317.0081;-0.5009733;0.3867935;1.967785;31.19949;10.31998;14.99144;8.071162;-36.98468;-24.24446;-4.17083;-1.901059;-11.0125;-12.46828;0.7236869;2.062895;-5.26988;0.4492162
99.79348;0.8040066;0.0;0.0;0.3201989;12.26181;0.3931049;0.8370954;0.03673593;0.02721088;0.1146974;0.2627736;0.4797069;0.5795907;0.4737708;0.4756912;0.6371422;0.8120105;0.8617104;0.9616445;0.9621331;1.364787;1.420932;1.177206;0.9919559;1.005169;0.9269228;1.280717;1.192442;1.131969;0.8860266;1.143222;0.7494184;0.696029;0.6087505;0.5680634;0.04627649;7.397268E-4;86.13281;172.2656;215.332;330.1758;0.1724842;216.8988;2.895707;184523.7;14.75076;257.6858;-0.0276117;0.2217104;0.03445417;25.17628;31.89524;11.30869;15.10084;6.025953;-16.0808;-2.468594;-1.879743;-5.070729;11.55807;-5.994356;8.861282;-7.036381;-3.414819
71.05074;0.7610108;0.01887632;0.0218615;0.1307177;6.048439;0.5111068;1.333644;0.01986279;0.08566389;0.1959729;0.3050791;0.5156041;0.872466;1.507484;1.624826;1.020612;0.5173284;0.4725471;0.5521303;0.6467505;0.6193371;1.095916;3.202234;3.682824;2.191308;2.021689;2.228868;2.442569;2.939432;1.882144;1.068412;0.9164593;0.7956828;0.7983971;0.5586594;0.03498699;0.01377893;373.2422;473.7305;832.6172;2138.965;0.1526091;830.9995;4.157176;766794.3;1.707378;6.356993;-0.007215979;0.674748;0.01831616;24.32281;-11.85251;42.92598;-5.727339;-34.57571;-13.60626;-14.28259;35.44669;-5.735854;14.9162;23.85459;5.029734;-4.576662;-1.5179
316.8757;0.8900752;0.004385264;0.004749953;0.05120699;13.9071;0.8145797;1.195437;0.03689874;0.09070295;0.1243917;0.2033384;0.5843468;0.9824216;0.792373;0.6208327;1.120954;1.124602;2.714741;2.818002;1.135857;1.383941;1.800449;2.149261;1.823803;1.845863;1.156371;0.9197734;1.08051;1.273536;1.365523;1.356898;0.8538073;0.7047437;0.585395;0.5596161;0.1412679;0.04005018;301.4648;430.6641;947.4609;1492.969;0.1082818;792.4725;3.323264;915546.3;4.232928;26.48438;-0.02926108;0.6965368;0.1286043;10.79422;-6.570665;-15.13456;-16.19088;-52.37146;2.611614;-2.407276;-44.61334;-29.84424;-22.57815;-8.668204;-0.1586116;9.490842;-6.092529
379.0099;0.7841157;0.06013593;0.04898354;0.378299;5.935785;2.832358;1.384125;0.2507387;0.07634164;0.1934012;0.2506626;0.2512665;0.7666659;0.9800275;0.5593731;1.004343;1.65925;1.367594;1.935711;2.379664;1.744443;2.043728;1.756313;2.11497;2.990134;2.309773;1.2131;1.35107;1.881589;1.533741;1.106291;1.118819;1.317943;1.206755;0.9506267;1.989466;4.227512;717.7734;789.5508;1134.082;1291.992;2.018853;900.6624;3.888696;191990.1;3.880074;47.27986;-1.418459;0.8364372;4.693798;22.86165;-24.27462;-29.96323;-16.76797;-17.01826;-0.8902883;-12.836;-13.48058;-11.39406;16.7705;-0.5802458;-21.39882;24.11166;22.95335
