codebookNumeric
128;65;10;0.0;0.0
139.4988;0.8167679;0.2127746;0.0;0.5710453;6.342506;0.5687301;0.9738633;0.02475202;0.06374402;0.1633255;0.340775;0.5221612;0.6564251;0.8942669;0.79526;0.8612847;1.054911;1.070923;1.046719;1.043834;0.9937215;1.181164;1.432137;1.330164;1.347409;1.402296;1.45413;1.672425;1.188311;1.184814;0.9049429;0.8785877;0.739811;0.6276816;0.5329657;0.09560544;0.00688554;287.1094;430.6641;473.7305;645.9961;0.1563161;576.856;3.625436;581897.7;4.263161;25.01483;-0.01460808;0.5218789;0.0561762;18.13202;7.893004;27.14309;-13.75646;-28.2713;-17.56463;-13.8397;8.46548;1.255084;-16.01187;14.56866;-6.482259;8.063661;-7.854801
220.0654;0.8834797;0.009053579;0.006571263;0.08997513;16.61987;0.8195159;2.249997;0.05127172;0.05971278;0.1268493;0.2661735;0.4415459;0.5336967;0.6558731;1.498608;2.695584;2.519376;3.39875;4.188923;3.623792;4.196051;7.014601;5.630686;3.193455;2.8571;2.523623;1.823905;1.976724;2.456728;1.600014;1.3983;0.9239635;0.9719396;1.115216;0.8684444;0.0349621;0.02926755;645.9961;689.0625;689.0625;846.9727;0.1270491;716.2154;2.622856;108414.8;5.067176;68.72582;-0.05632918;0.7081648;0.2598284;30.48478;-15.41243;-20.87;-12.45047;-7.338337;-15.16515;7.361435;36.62508;-24.40724;-27.16328;-21.4083;-30.0091;-6.857386;-34.51944
0.0;0.588829;0.0;0.0;0.0;-100.0;0.2631659;2.733388;0.004050823;0.2680776;0.07458452;0.1571565;0.2574242;0.3597783;0.3850569;0.5491275;0.7161725;1.004999;0.8812637;1.304761;2.214651;2.901254;2.780804;4.961148;5.040574;5.157907;6.267458;5.851354;4.825203;4.431942;4.671928;4.942056;4.564222;3.592465;1.942212;1.232584;2.424991E-4;0.001478976;1263.281;2325.586;3703.711;5555.566;0.03167398;2586.511;5.847294;3643180.0;0.6295497;2.732293;-2.095591E-4;1.7322;0.001031583;-5.409086;2.031511;26.95496;24.46795;-4.762119;-27.75782;11.21342;-12.63791;12.66141;-8.581235;-1.250304;-5.175722;0.547883;7.256105
0.0;0.618133;0.0;0.0;0.0;-65.99961;0.8277049;0.7877446;0.02261575;0.3066263;0.09579453;0.1401694;0.2435818;0.2185382;0.2323142;0.4424663;0.3431799;0.2844157;0.2924221;0.3657328;0.436974;0.5238656;0.5176122;0.6437172;0.8090827;0.8780541;1.112823;1.381841;1.606228;1.965863;1.867838;1.612793;1.160674;1.177784;1.297445;0.8301523;0.01561315;0.02278879;990.5273;3646.289;6273.34;6761.426;0.1850632;3725.807;6.548727;7010682.0;0.156833;1.898889;-0.003731741;2.581464;0.02827598;-5.750199;4.871047;-12.61189;-7.729606;-5.683947;-13.17744;-17.69048;0.734966;1.206796;-4.61488;1.539034;-10.1176;-3.149402;-4.186068
106.6685;0.7833932;0.05364765;0.1160585;0.6690779;5.899856;0.3600049;1.488918;0.02093646;0.03275384;0.2428666;0.5570173;0.9050713;1.519574;1.539309;1.947102;2.199963;2.006543;1.963202;2.415883;2.169173;1.615644;1.398224;1.642399;1.516592;1.21086;1.519275;1.573703;1.691946;1.41047;1.454525;1.548869;1.591519;1.351627;1.057801;0.6627162;0.02820691;0.003376859;129.1992;229.6875;416.3086;674.707;0.1466053;327.0441;3.665312;124368.3;8.223767;161.7668;-0.01214567;0.3352549;0.01939634;37.41736;18.99986;-15.00087;-0.04874063;11.25206;6.421107;7.377421;-8.356476;11.64271;-7.004023;7.055212;-11.95484;-18.99138;-3.571434
192.4883;0.8325601;0.1692121;0.5333595;0.6472927;0.0;0.4443868;1.948857;0.03167239;0.03930461;0.3107605;1.841986;2.653122;2.285234;2.304765;4.155227;5.278424;2.885422;2.416912;2.624642;2.903486;2.80442;1.580414;1.068389;1.204542;1.420404;1.316093;1.199358;1.421122;1.692801;2.225751;1.315119;1.357205;1.103119;0.6908088;0.6107546;0.0952872;6.708679E-4;186.6211;229.6875;387.5977;574.2188;0.1964742;344.1476;2.876942;295536.4;12.28284;252.6213;-0.0260614;0.350916;0.05806961;25.10138;31.26264;6.900295;-6.495703;-10.98435;-26.62882;-4.918708;-3.729679;15.50179;10.21833;-21.16039;-34.92556;-11.71359;-9.785617
88.8447;0.7876232;0.07163282;0.0;0.03875112;10.42489;1.27476;1.559831;0.1204092;0.05668934;0.2570095;0.5391007;0.6362066;0.6673501;1.225579;2.060426;1.825974;1.626444;1.740009;1.743261;1.92254;3.15713;2.626473;1.292337;1.51009;1.22518;1.647145;2.970175;1.970403;2.420065;1.627502;1.654811;1.68396;0.9931784;0.8350213;0.6982258;2.591731;0.04959929;502.4414;516.7969;559.8633;559.8633;0.4977863;527.8822;2.657268;79007.32;11.62751;261.1742;-0.3656969;0.5527033;1.162302;31.59998;1.36393;6.071598;-22.9863;-9.844837;-17.29036;-15.03667;17.51589;31.36263;5.680246;-2.375994;6.608841;-4.334352;-8.586567
0.0;0.649018;0.0;0.0;0.0;-100.0;1.984418;1.138687;0.1126148;0.08289242;0.1473895;0.2396368;0.3245392;0.41016;0.4829363;0.5325322;0.8011095;0.8729851;1.432043;2.223855;2.349654;1.993499;1.941514;1.698762;1.307937;1.257061;1.315459;1.320557;1.910431;1.954478;1.406195;1.001813;0.7945356;0.7143585;0.5836379;0.5887814;0.563659;1.295126;574.2188;1033.594;1234.57;1536.035;1.128073;1013.09;4.841535;671286.3;6.147776;63.59672;-0.2823485;0.8836809;0.7138069;24.67182;-15.83856;-11.03037;2.226075;7.946162;4.950204;-26.82065;2.515829;-17.2291;-9.941545;3.564443;-0.2412053;-0.02698716;5.119149
170.9044;0.8346722;0.01070036;0.01502621;0.0724935;15.63216;1.601109;1.082238;0.1454777;0.05643739;0.1771608;0.3903187;0.4588199;1.01604;1.039932;1.519692;1.315035;1.270422;1.274927;1.848235;1.812466;0.9579814;1.138356;2.093402;3.112263;1.950709;1.56901;1.056486;0.8147886;0.7677155;0.5589314;0.39647;0.4613689;0.4386374;0.3834791;0.3155396;2.725127;0.3389346;344.5313;473.7305;559.8633;918.75;0.5836447;523.348;3.507896;155064.3;7.233999;120.5152;-0.467767;0.5292669;1.857443;40.20875;-7.43039;2.553317;-13.78723;-34.3441;20.60488;-26.12913;0.5735387;-17.27048;-7.99386;33.70663;-6.176758;-14.06254;-8.305847
0.0;0.6979429;0.0;0.0;0.0;-66.10794;0.4434359;0.4843349;0.02253365;0.06878307;0.133515;0.3188289;0.3570495;0.3785958;0.4275302;0.3439753;0.340728;0.3309829;0.5182898;0.416399;0.346231;0.3038522;0.3861287;0.5227157;0.841112;0.8039414;0.5591257;0.7242401;0.6063326;0.4787243;0.5748539;0.4095277;0.2766024;0.4916598;0.9089942;0.7927697;0.03643152;0.002224539;186.6211;258.3984;344.5313;473.7305;0.1687529;344.2674;3.278367;279460.3;10.40562;154.7994;-0.01123187;0.3431526;0.02748511;26.83395;8.029567;14.80374;-5.789176;-2.990302;-1.951603;-7.477176;-4.519342;-5.860572;-1.566805;-6.85393;4.377954;-5.050565;-2.873557
250.3249;0.8846748;0.01311005;0.00903286;0.179464;10.90691;0.8080435;0.6048861;0.08946844;0.04509952;0.06019161;0.1704666;0.4075649;0.3274349;0.5662031;0.9609457;0.6524499;0.9609334;0.8541744;1.017889;0.5665536;0.5891315;0.6240355;0.6671498;0.7323501;0.963064;0.9223903;0.8127074;0.6641639;0.6313024;0.6354662;0.6407041;0.4604115;0.349031;0.2724814;0.2178439;1.084322;0.01560515;401.9531;430.6641;516.7969;617.2852;0.8011236;461.7795;2.698827;40130.89;9.901255;318.3156;-0.1597192;0.4912837;0.617176;35.04473;9.228461;-14.23164;-44.50084;-28.29296;-16.75683;-4.960714;-28.60753;-29.11731;-5.833786;-15.94066;-11.87584;-20.28567;-19.19649
145.3818;0.8040541;0.0;0.0;0.7083333;2.170462;0.3442017;1.052632;0.009444325;0.1111111;0.08566079;0.1780576;0.2521819;0.2952737;0.3782703;0.3862284;0.470222;0.5999071;0.7360282;0.8033277;0.9653609;0.8765535;1.110904;1.385324;1.413337;1.882981;2.074185;2.278391;2.113829;1.676712;1.396646;1.49527;1.536911;1.050954;0.9649366;0.9609768;0.008523548;0.002889013;1004.883;1492.969;2325.586;3057.715;0.09988665;1786.926;5.16071;2120516.0;1.583191;8.028581;-0.001709722;1.164678;0.00531684;4.733173;9.577958;29.24679;-9.054527;-26.83611;-0.7726591;-6.528051;0.7374485;8.934799;-12.79792;2.501693;-1.672495;-1.868845;-0.007687251
0.0;0.591629;0.0;0.0;0.0;-100.0;0.4570775;1.280786;0.01120617;0.3602923;0.1085217;0.1717231;0.2569923;0.2616704;0.2584068;0.3176844;0.3277224;0.4333473;0.4572204;0.4602974;0.4757725;0.7389889;1.318671;2.316829;2.483858;1.539504;2.105844;3.044198;2.386137;1.789627;2.233018;2.672727;2.468786;1.805346;1.414599;1.452934;0.002860302;0.00498604;373.2422;2325.586;5799.609;7393.066;0.09127021;3195.125;6.064824;8398621.0;0.4755177;1.960257;-0.001337416;2.199989;0.00560689;-3.150546;16.90487;12.74702;5.000839;-9.522034;-2.199441;-11.80531;27.33032;18.89767;-4.991539;6.623794;-0.6980872;-13.28132;4.449966
99.07424;0.8191819;0.04749684;0.03279212;0.08089831;16.26764;0.277694;0.7046707;0.0305431;0.02141597;0.1304032;0.3027489;0.5074616;0.6179173;0.6741721;0.4800352;0.4040256;0.4145087;0.5119864;0.4487984;0.4151679;0.404135;0.8218939;1.133072;1.062108;0.7376656;0.9543335;1.013241;0.8900302;0.9147783;0.8970027;1.271888;1.241437;0.9031343;0.6739702;0.4955246;0.04412336;1.154993E-4;172.2656;215.332;229.6875;287.1094;0.08406744;216.8053;2.414353;32964.28;34.63482;1588.935;-0.02184792;0.233809;0.03403288;34.1911;33.35859;14.65378;13.43856;-9.046624;-6.413507;-5.830913;-8.972806;-11.00655;-5.821609;-1.341941;-10.48819;-6.228893;-5.493028
0.0;0.6955152;0.0;0.0;0.0;-65.61014;0.0916576;0.4808424;0.002744485;0.05064248;0.04568074;0.09304574;0.1323176;0.1509598;0.1637193;0.258589;0.3414457;0.3846486;0.4627257;0.5281504;0.5515874;0.6498781;0.5715184;0.6072944;0.6131601;0.6064104;0.6765673;0.8190692;0.7939618;0.5390193;0.6883898;0.9098374;0.6928042;0.5066548;0.3860368;0.328429;3.155179E-4;1.180519E-5;114.8438;143.5547;287.1094;445.0195;0.0217169;277.9818;3.353661;504424.1;10.72233;133.9052;-1.630344E-4;0.2695416;1.544412E-4;23.57968;21.8812;9.575644;7.995439;-4.459553;-12.39809;1.852228;13.88227;6.945692;4.036173;-3.980005;-0.5625629;-1.166363;-1.455366
406.3586;0.7260043;0.09461322;0.06497549;0.1058173;3.877489;2.497278;1.257749;0.1677448;0.106324;0.1597319;0.2848037;0.4716989;0.8122866;1.11627;1.104537;0.5905209;0.7076293;0.8477893;0.924237;1.034896;1.049461;1.160432;1.517279;1.952139;2.33187;1.775407;1.903148;1.761129;1.950396;2.216547;2.235932;1.641225;1.234838;1.041393;0.8758766;3.326193;1.142634;445.0195;588.5742;1019.238;1894.922;1.619627;924.2791;3.862904;745097.2;3.35446;21.55489;-0.5956954;0.7835242;2.122094;7.951562;-22.05202;-11.92504;-18.50018;-31.56419;-40.30207;-9.771645;-10.1204;-9.409882;9.813243;-2.65228;24.24523;19.06649;2.645597
387.8796;0.9123425;0.009435341;0.008899613;0.07271086;14.29073;3.03503;1.637831;0.2695021;0.1153943;0.1177932;0.4019809;0.4711897;0.459268;0.5808747;0.5665045;0.7425327;1.024469;0.9400353;1.842136;1.780719;3.102496;3.07479;2.736661;2.236199;2.268822;1.96959;1.848107;2.347942;3.781419;2.935319;1.516801;1.624321;2.0141;1.304585;0.8949429;0.0720062;10.79287;1134.082;1492.969;1521.68;1550.391;1.892782;1356.201;3.058613;237545.3;6.683726;91.1514;-1.333108;1.13231;7.112108;7.968811;-34.36691;-28.28392;-5.377488;18.19982;-5.469554;-12.56763;7.015628;4.549723;-2.677297;-28.82295;-18.79083;13.86321;-4.952757
159.5635;0.8619232;0.01614223;0.08617779;0.2081997;18.1238;0.5035198;1.077715;0.04238265;0.04434367;0.2359807;0.554967;0.7825732;1.469055;3.194978;2.775971;1.244672;1.319196;1.799936;1.394576;1.003784;0.6616823;0.5477661;0.5540366;0.7674053;0.8344352;1.04943;1.170754;1.060704;1.059258;1.214967;0.9659357;0.6845276;0.6064076;0.5272234;0.5403611;0.2641809;0.001065337;387.5977;473.7305;473.7305;516.7969;0.08324625;450.2644;2.877614;26818.02;7.854399;307.9267;-0.03913203;0.4842172;0.1758793;46.35115;15.94994;-7.548576;-28.2795;-18.14633;-7.949806;-2.098499;-6.723347;-8.496322;-0.6063129;-1.002134;14.14109;8.411307;-7.583343
227.5135;0.8771245;0.005630421;0.003252174;0.02192068;22.89474;0.3803087;1.194191;0.02982177;0.04132023;0.09315294;0.5336257;1.088824;1.218462;2.555565;2.000659;2.077194;2.683813;3.083086;1.210439;0.8382401;0.9158465;0.9054008;0.8103027;0.8359187;0.9974949;1.404485;1.436641;1.181946;1.63423;1.215169;0.7585277;0.5210581;0.3982622;0.3740777;0.276556;0.1233866;1.143296E-4;373.2422;430.6641;473.7305;473.7305;0.05058824;425.8511;2.538554;59506.64;21.97073;807.8896;-0.01987512;0.4582855;0.08566504;40.65794;22.66319;-9.686666;-32.64955;-25.01805;-14.83785;-5.39247;-3.450225;-23.77183;-12.51774;-17.26245;8.814515;6.864369;-18.34326
0.0;0.6394067;0.0;0.0;0.0;-100.0;0.7136638;0.9571629;0.0449592;0.05996473;0.1405229;0.279931;0.4725156;0.5827915;0.7795854;0.7316586;0.9518733;1.065674;0.8576469;1.017953;1.566558;1.337209;1.100112;1.127866;0.9638;0.999449;1.073667;1.017605;1.135017;1.709101;1.438019;1.346539;0.9611752;0.9955342;0.6740251;0.5604046;0.1203139;0.01963406;200.9766;344.5313;631.6406;803.9063;0.3149444;445.5825;4.139732;148426.6;6.072831;105.5442;-0.04191123;0.4496454;0.06986538;36.56102;3.380141;-3.3812;-9.634132;7.298078;1.263586;-9.112477;-1.930526;9.826244;6.272021;-13.31691;-20.98672;2.823903;5.576874
165.9236;0.8220584;0.0;0.0;0.1351674;1.884225;0.2502525;1.052322;0.01449031;0.07432603;0.1032011;0.1796899;0.2936629;0.4088813;0.591488;0.6362289;0.7595596;0.7282709;0.8735299;1.100124;1.055445;1.346434;1.58138;1.573323;1.530854;2.188098;2.627393;2.199764;1.403682;1.300746;1.406561;1.114014;0.8368726;0.6562257;0.4995778;0.3653577;0.04844916;4.326059E-4;301.4648;473.7305;1191.504;1693.945;0.1410759;894.0971;4.122011;1360598.0;7.388694;200.6196;-0.007014679;0.703837;0.01263509;18.17208;12.76326;27.03461;-5.565053;-33.73489;-17.60491;-0.7274665;-15.2527;7.616076;18.04502;-1.249388;6.126862;6.752777;-6.025841
0.0;0.7064683;0.0;0.0;0.0;-100.0;1.576459;0.992266;0.1443866;0.06374402;0.1045194;0.1351165;0.2150237;0.3489817;0.9269192;1.464418;1.293065;1.220109;1.056504;1.143301;1.405089;2.325134;1.957515;1.65746;2.510716;1.78922;0.8470587;1.090374;1.315957;0.7514579;0.5655537;0.3286656;0.3175899;0.4062755;0.3035487;0.3193412;2.552651;0.2395301;488.0859;516.7969;602.9297;976.1719;0.9379918;634.6496;3.443553;185018.1;7.752562;127.7665;-0.3784129;0.6280323;0.9675471;26.2211;-22.90385;-23.73719;-13.50486;-56.95582;-25.63214;-43.81818;7.671614;-2.482714;-8.215993;14.91557;-19.32399;-8.964385;12.34649
181.882;0.7613943;0.2160286;0.09351385;0.2042476;6.413525;1.624588;1.405634;0.1054762;0.1053162;0.1326337;0.2200975;0.3245057;0.4731809;0.6040188;1.366525;2.01786;1.658193;1.253656;1.488515;1.256399;1.426937;1.957554;2.195276;2.296496;2.37701;2.26229;2.578099;2.133503;1.96234;1.679381;1.44784;1.30124;0.8959715;0.6785045;0.5584581;1.228373;0.3882393;559.8633;645.9961;1119.727;1765.723;0.8324568;945.0518;3.648517;433864.8;2.681242;19.07566;-0.2460019;0.8224586;0.9068298;19.80014;-27.22604;1.732884;-16.09036;-49.07479;-14.53761;16.53724;20.26866;10.70351;-1.962669;-9.772355;3.440881;-15.26073;-17.53455
127.2957;0.8230317;0.09837652;0.02012893;0.03874283;18.02456;0.8460708;1.526069;0.08748492;0.03376165;0.3087927;0.6437293;1.0863;1.394199;2.165685;2.650454;2.528175;3.128363;2.055434;2.594985;2.281374;1.515411;1.439887;1.527541;2.139818;2.219736;1.45123;1.889777;1.423028;1.071197;1.181105;0.7234525;0.5991585;0.6029481;0.6011211;0.4549024;0.8758469;0.01145954;215.332;387.5977;488.0859;559.8633;0.3583577;377.292;3.505528;43439.57;4.697665;114.1688;-0.1723321;0.403064;0.4324093;43.64674;17.11053;4.343482;-17.98864;-19.42704;9.81005;2.111839;-11.76934;8.033069;13.20591;13.55708;-15.78486;-8.855876;-1.18759
150.6068;0.8708474;5.445349E-4;0.01023699;0.01462172;22.25503;2.063523;1.235471;0.1595759;0.05593349;0.1302581;0.2878889;0.3897189;0.6102245;0.8738847;1.096093;1.249687;0.8955207;1.03413;1.28356;0.967001;1.375019;1.878531;2.109438;1.800857;1.820855;1.534927;2.091296;1.971949;2.110962;2.267608;1.363461;0.9581838;0.7975067;0.6628343;0.5608538;3.295722;0.5615447;488.0859;602.9297;617.2852;1406.836;0.2834742;714.6725;3.394983;243894.5;3.61175;25.23127;-0.5475039;0.6820069;2.310402;26.86871;-18.28782;2.025779;-15.19694;-24.46445;-16.41126;-10.30844;34.19335;12.44373;-6.617426;18.61431;4.415934;-2.009459;-19.31465
253.3436;0.8087158;0.1224267;0.2347883;0.3877606;4.119425;1.41223;1.576272;0.07640979;0.08541194;0.1440661;0.3130302;0.4186223;0.5549673;1.758265;2.308194;1.20884;1.027277;1.166991;1.567942;1.587715;2.754395;3.923214;2.424465;1.343716;1.425748;2.702037;2.781614;2.139323;1.925397;2.177989;2.337366;1.186087;0.6176264;0.6248326;0.5633643;0.5437338;0.1938416;516.7969;574.2188;818.2617;1981.055;0.6263554;919.6166;3.707206;669416.0;2.714148;11.30929;-0.114512;0.7972927;0.4687685;19.24158;-28.16186;5.539851;-37.60316;-3.643882;-28.71598;-0.2499158;29.16969;18.05022;21.81106;-26.12015;33.54359;-8.760942;-22.83119
183.5919;0.8821817;0.01104568;0.01093412;0.1100388;10.42484;1.769615;1.002084;0.1443932;0.07231041;0.3371076;0.5190694;0.5216591;1.128257;1.046178;1.051556;0.8911334;1.14242;1.040358;0.911221;1.93245;2.318599;1.391933;1.230044;1.652336;2.142349;0.9592749;0.6615827;0.666938;0.9331972;0.9436663;0.7352979;0.5357987;0.5200731;0.4322046;0.4094806;2.540463;0.578406;373.2422;502.4414;689.0625;1320.703;0.7673483;630.8365;3.758596;176733.5;4.449384;66.11604;-0.464655;0.6181965;1.974689;37.24692;-13.9613;-16.1757;-2.06308;-22.79434;-8.936174;-16.82085;-9.770902;-2.862675;12.21085;-2.88456;-15.97921;0.5724878;4.216931
167.61;0.8565494;0.006105492;0.007329064;0.0821695;18.15351;1.283308;1.150846;0.1473984;0.03149408;0.2221147;0.3668202;0.5956767;0.8595274;0.6672767;0.8484139;0.9115512;0.7672972;0.9021544;0.9273793;0.7371821;1.084085;2.238948;2.307851;1.752056;1.95521;1.795811;1.676301;1.863794;1.749529;1.235884;1.044701;1.133473;0.8502705;0.7079332;0.7207574;3.219922;0.05494322;301.4648;344.5313;344.5313;488.0859;0.3020548;363.755;2.664739;95336.04;14.16197;317.0081;-0.5009733;0.3867935;1.967785;31.19949;10.31998;14.99144;8.071162;-36.98468;-24.24446;-4.17083;-1.901059;-11.0125;-12.46828;0.7236869;2.062895;-5.26988;0.4492162
99.79348;0.8040066;0.0;0.0;0.3201989;12.26181;0.3931049;0.8370954;0.03673593;0.02721088;0.1146974;0.2627736;0.4797069;0.5795907;0.4737708;0.4756912;0.6371422;0.8120105;0.8617104;0.9616445;0.9621331;1.364787;1.420932;1.177206;0.9919559;1.005169;0.9269228;1.280717;1.192442;1.131969;0.8860266;1.143222;0.7494184;0.696029;0.6087505;0.5680634;0.04627649;7.397268E-4;86.13281;172.2656;215.332;330.1758;0.1724842;216.8988;2.895707;184523.7;14.75076;257.6858;-0.0276117;0.2217104;0.03445417;25.17628;31.89524;11.30869;15.10084;6.025953;-16.0808;-2.468594;-1.879743;-5.070729;11.55807;-5.994356;8.861282;-7.036381;-3.414819
71.05074;0.7610108;0.01887632;0.0218615;0.1307177;6.048439;0.5111068;1.333644;0.01986279;0.08566389;0.1959729;0.3050791;0.5156041;0.872466;1.507484;1.624826;1.020612;0.5173284;0.4725471;0.5521303;0.6467505;0.6193371;1.095916;3.202234;3.682824;2.191308;2.021689;2.228868;2.442569;2.939432;1.882144;1.068412;0.9164593;0.7956828;0.7983971;0.5586594;0.03498699;0.01377893;373.2422;473.7305;832.6172;2138.965;0.1526091;830.9995;4.157176;766794.3;1.707378;6.356993;-0.007215979;0.674748;0.01831616;24.32281;-11.85251;42.92598;-5.727339;-34.57571;-13.60626;-14.28259;35.44669;-5.735854;14.9162;23.85459;5.029734;-4.576662;-1.5179
316.8757;0.8900752;0.004385264;0.004749953;0.05120699;13.9071;0.8145797;1.195437;0.03689874;0.09070295;0.1243917;0.2033384;0.5843468;0.9824216;0.792373;0.6208327;1.120954;1.124602;2.714741;2.818002;1.135857;1.383941;1.800449;2.149261;1.823803;1.845863;1.156371;0.9197734;1.08051;1.273536;1.365523;1.356898;0.8538073;0.7047437;0.585395;0.5596161;0.1412679;0.04005018;301.4648;430.6641;947.4609;1492.969;0.1082818;792.4725;3.323264;915546.3;4.232928;26.48438;-0.02926108;0.6965368;0.1286043;10.79422;-6.570665;-15.13456;-16.19088;-52.37146;2.611614;-2.407276;-44.61334;-29.84424;-22.57815;-8.668204;-0.1586116;9.490842;-6.092529
379.0099;0.7841157;0.06013593;0.04898354;0.378299;5.935785;2.832358;1.384125;0.2507387;0.07634164;0.1934012;0.2506626;0.2512665;0.7666659;0.9800275;0.5593731;1.004343;1.65925;1.367594;1.935711;2.379664;1.744443;2.043728;1.756313;2.11497;2.990134;2.309773;1.2131;1.35107;1.881589;1.533741;1.106291;1.118819;1.317943;1.206755;0.9506267;1.989466;4.227512;717.7734;789.5508;1134.082;1291.992;2.018853;900.6624;3.888696;191990.1;3.880074;47.27986;-1.418459;0.8364372;4.693798;22.86165;-24.27462;-29.96323;-16.76797;-17.01826;-0.8902883;-12.836;-13.48058;-11.39406;16.7705;-0.5802458;-21.39882;24.11166;22.95335
0.0;0.6371591;0.0;0.0;0.0;-100.0;0.09562954;0.6257541;0.003672077;0.03552532;0.1107193;0.1567486;0.1438676;0.1616983;0.253626;0.2633344;0.3018245;0.461715;0.5938447;0.6399077;0.7127845;0.9026549;0.9655126;0.8237066;0.7166737;0.7552355;0.9988975;1.045236;0.8358501;0.7163484;0.7980146;1.036226;0.9884959;0.802552;0.6283712;0.4557597;2.260243E-4;3.143407E-5;43.06641;71.77734;200.9766;358.8867;0.01905663;193.2069;2.396309;267276.7;11.59733;178.9345;-2.159065E-4;0.181367;1.179344E-4;21.59833;11.80624;12.67174;10.28736;7.595539;-2.671683;-1.906607;-9.97126;3.466876;20.10741;14.0463;8.601947;8.137211;-0.2927237
90.92466;0.809536;0.1034199;0.1682808;0.2608712;8.307031;0.6718588;1.313202;0.0703171;0.01788864;0.1761861;0.3982195;0.8501723;1.475526;1.553536;1.054842;0.8751206;1.11968;1.170714;1.084759;1.438669;2.424923;2.489823;1.473645;2.259127;2.039967;1.138663;1.384386;1.821107;1.390419;1.509549;1.240738;1.1369;1.057893;0.8990194;0.6796648;0.5712627;0.01003287;143.5547;287.1094;401.9531;445.0195;0.3287925;293.6058;3.364948;55019.03;10.00523;281.4547;-0.115655;0.3144772;0.162719;39.84741;16.71833;4.079422;22.15054;-13.97945;-26.4306;-18.8222;6.364791;11.20506;0.4577499;4.49061;-10.04803;17.1135;22.89628
167.1438;0.7396752;0.04832399;0.02237774;0.04693734;4.725783;1.258674;0.6717229;0.07256693;0.06953893;0.2005143;0.232144;0.2688544;0.3249562;0.5707143;0.7820739;0.3900254;0.4751108;0.3986928;0.3926816;0.4452047;0.4415276;0.5448156;0.7491094;0.7250349;0.7469625;0.908474;1.220364;1.669319;1.738434;1.612009;1.13666;0.6039765;0.4061025;0.2740949;0.2069377;0.6928011;0.143338;473.7305;488.0859;1119.727;2526.563;0.4591384;1007.906;3.461464;1436019.0;3.49996;22.95368;-0.1031982;0.7870544;0.4166732;12.83494;-0.7393481;23.89414;-30.55572;-14.6694;-18.25713;-24.56562;7.054456;5.448884;13.53183;18.83363;0.2305897;4.279129;0.7403798
157.7625;0.8252373;0.0186773;0.02134287;0.0488189;11.85584;1.068767;1.315485;0.05541709;0.1128748;0.09299713;0.1938619;0.2832039;0.5052087;0.7471747;0.9556617;0.9531487;0.975189;1.540169;1.859658;2.303234;2.589331;2.397423;1.472008;1.362292;1.603735;1.471575;1.410256;1.445967;1.892254;2.097113;1.883778;1.53814;1.17465;0.804729;0.6498413;0.01684909;0.4358306;1076.66;1177.148;1421.191;1579.102;0.3105665;1217.07;4.195416;176888.5;4.924546;67.58315;-0.05722542;1.052466;0.2572587;20.63794;-21.66673;-33.22302;11.45876;26.53486;-8.380497;5.598103;-15.84548;15.18276;1.01006;-7.212769;9.372043;0.08421048;-12.92397
153.0766;0.8442034;0.005154001;0.003702037;0.08726066;14.63142;0.5190668;1.122026;0.02992151;0.05064248;0.1633941;0.3425454;0.5366943;0.6419269;0.7561586;1.129307;1.701162;1.320923;0.7503001;1.536105;1.998446;1.50494;1.807339;1.957095;2.066666;1.72332;2.027993;1.27172;1.113328;1.0963;0.9792774;0.7212992;0.6382377;0.5972781;0.4535827;0.3373345;0.103205;0.003108986;358.8867;588.5742;617.2852;689.0625;0.1105454;522.4084;3.441969;87591.9;4.57634;67.87315;-0.01979267;0.5383603;0.07416925;42.33363;-6.357222;7.767647;-6.127066;-32.3219;-13.07168;21.59478;4.197031;7.048643;12.49383;-8.560165;-7.134874;-6.546288;-12.64128
164.7169;0.8116186;0.008875687;0.008284732;0.03202029;17.0355;1.563971;1.138594;0.1115371;0.1098514;0.1129247;0.2900231;0.3070147;0.4915532;0.5322726;0.8239362;1.119005;1.446292;1.206501;1.089829;1.286952;1.429814;1.752129;2.444482;1.980033;1.534821;1.036595;1.305405;1.071538;1.10688;1.536085;1.838125;1.406455;0.9454973;0.8484028;0.6608672;0.4846914;0.09724323;588.5742;674.707;818.2617;861.3281;0.4509939;772.1157;3.705512;448232.4;6.79649;63.32373;-0.2675904;0.7392091;1.191758;23.65948;5.443167;-30.95218;-5.503857;-6.145472;-32.43438;41.64566;5.281568;-10.75877;-8.792218;-14.19191;2.181522;-6.593014;0.7283835
111.7632;0.8097723;0.0;0.0;0.2165605;11.60819;0.1182025;0.9883412;0.009960095;0.02116402;0.1292162;0.2720484;0.4195279;0.5544473;0.6697289;0.7658961;0.8470283;0.9178292;0.9822495;1.043099;1.102099;1.16007;1.217131;1.272837;1.326212;1.375581;1.418056;1.448481;1.457878;1.432704;1.358746;1.23234;1.069155;0.8959276;0.7342484;0.5943311;0.003706045;1.088672E-5;157.9102;200.9766;200.9766;244.043;0.03789246;194.3653;2.199862;24825.22;36.72839;1815.333;-0.002190218;0.208998;0.00394224;31.61989;33.28862;22.37898;11.79561;6.522198;-5.696711;-10.28315;6.759781;-2.855731;-9.045676;-13.40414;-4.28709;-2.828452;-3.811333
100.4731;0.8039388;0.01818211;0.006638364;0.08272146;12.53459;0.5309065;1.291323;0.06078615;0.03728899;0.225174;0.435837;0.8462225;1.250555;1.205009;0.8507352;0.8580568;0.8409403;0.8046566;0.7989523;1.03054;1.121181;1.413664;2.082535;1.674463;1.568925;1.755093;2.176841;2.051154;2.299924;1.891092;1.408762;1.633443;1.341049;1.036173;0.9734293;0.2827788;0.001954336;172.2656;258.3984;315.8203;330.1758;0.270992;296.188;2.909095;341738.5;12.06228;170.7979;-0.06228297;0.3007669;0.1020569;17.47855;37.98481;30.42071;12.13924;-10.91723;-17.49807;-19.30627;2.159205;-4.620821;-13.39493;4.115202;-11.43221;0.1259623;7.049917
125.1512;0.813749;0.0184321;0.009649966;0.1061543;16.7544;0.4664324;0.6112812;0.0635368;0.01511716;0.1605639;0.2690176;0.2964136;0.5112472;0.5321445;0.5776299;0.4683297;0.78184;1.019628;1.217719;0.8885091;0.7061095;0.5902653;0.5317412;0.5018641;0.5727776;0.6371213;0.5671034;0.6159979;0.635021;0.8790463;0.9083366;0.7737191;0.441966;0.4068478;0.4023514;0.2083439;0.001403478;114.8438;129.1992;272.7539;358.8867;0.1676931;191.5441;2.544777;25145.27;17.32633;783.7957;-0.09687863;0.2066939;0.2265107;41.09699;28.21683;9.646228;4.485888;-0.8700897;10.09056;-9.095676;-3.32792;-12.29862;6.591428;12.75972;9.873736;9.065506;5.963377
164.6907;0.8631198;0.00827518;0.002879426;0.1158558;17.60459;0.5349427;1.310708;0.0363504;0.04661124;0.1245751;0.3115273;0.6057667;0.8109519;1.555915;1.683641;1.598049;1.482971;1.724296;2.113552;2.632657;2.183091;1.655049;1.751503;1.932788;1.989546;1.646976;1.658794;1.524104;1.146515;0.9124055;0.9111208;0.7459102;0.5470617;0.4571548;0.3724848;0.1856684;0.004202462;473.7305;502.4414;516.7969;674.707;0.1254809;522.5447;2.87652;30409.15;8.340644;254.626;-0.02914738;0.5539128;0.1164683;43.61816;-6.991335;-11.93807;-21.8962;-31.01407;-6.369173;-17.61204;-0.5522807;3.637357;10.8774;5.099099;-7.503186;-6.303261;4.196751
183.2729;0.8092658;0.01125457;0.01702824;0.1366869;11.26279;1.241596;0.8113139;0.09914118;0.090451;0.1222223;0.3519429;0.4310255;0.5390963;0.7151763;1.477648;1.55906;0.8837247;1.246154;1.199936;0.702162;0.6075348;0.5794925;0.5880682;0.7075562;1.224599;1.357278;0.9685892;1.119561;0.8272089;0.7297092;0.6443313;0.5464708;0.5660021;0.7698281;0.6297805;0.7020152;0.5041895;631.6406;846.9727;1033.594;1062.305;0.8415077;841.722;3.517411;106794.4;4.148665;70.38029;-0.216408;0.804821;0.9668717;34.21347;-15.24446;-19.69609;-27.98558;-16.71319;47.7594;-18.93125;-8.341905;4.244745;6.036395;-11.54057;0.1949959;-10.10379;-17.56963
163.0445;0.7964118;0.6123459;0.4917576;0.4373186;5.950791;1.222161;1.700239;0.1287854;0.06525573;0.1665578;0.2983714;0.4375887;0.7023489;1.327641;2.367093;2.827751;1.972505;1.452878;1.537055;1.597571;2.406045;3.537013;2.526623;2.086412;1.991549;3.028746;1.919347;1.635266;1.681558;1.932087;1.589484;1.807128;1.404394;1.252573;0.7206237;1.456797;0.03417755;574.2188;617.2852;617.2852;674.707;0.9969082;615.2011;2.514555;105208.3;12.68539;254.7216;-0.2953425;0.6325691;1.179056;24.43616;3.148986;-3.909678;-15.45291;-23.58269;-19.60362;27.37726;17.3499;31.80731;11.24185;-14.09928;-8.481492;-3.294423;-18.55355
107.3142;0.8243386;0.004284244;0.007010249;0.05700165;21.46148;0.3378583;0.5698854;0.05789736;0.01688083;0.137969;0.2823643;0.4610871;0.4468012;0.3362737;0.4212576;0.4554538;0.3453231;0.2766692;0.4036134;0.4405702;0.5697865;0.6186373;0.6726504;0.6144219;0.7448525;1.092496;0.7666221;0.8747131;1.009276;0.8016872;0.7440971;0.8617765;0.6133559;0.4320562;0.3932086;0.09069055;2.05798E-4;86.13281;129.1992;215.332;258.3984;0.07376307;157.028;2.450147;12933.82;31.72038;2105.059;-0.07731608;0.1682395;0.06646224;35.56503;34.09558;34.13492;8.771779;-3.548533;2.736345;-2.042116;1.491332;8.497788;0.601065;-12.43375;-14.38693;3.207663;-3.565902
0.0;0.7124579;0.0;0.0;0.0;-63.7063;0.1840651;0.5193152;0.003315017;0.1300076;0.1319371;0.1198419;0.1652202;0.3076554;0.3693226;0.3070588;0.2487833;0.4648551;0.5477346;0.6485329;0.5935364;0.6702094;0.9123579;0.7497099;0.6497884;0.6341807;0.689018;0.7288316;0.8281372;0.6886693;0.6539662;0.5102451;0.5090272;0.5804396;0.4898256;0.3033127;4.94283E-4;3.692699E-4;373.2422;602.9297;1507.324;2598.34;0.02159666;1136.928;5.038786;1718966.0;2.580071;14.13554;-1.42828E-4;0.900256;5.325399E-4;15.71097;-8.125025;7.433718;-3.357137;-8.766831;-10.70221;3.765917;7.914071;-9.399053;-4.966123;-3.1221;17.42567;11.09037;-6.242713
313.0786;0.8438419;0.06217903;0.04403862;0.1853771;4.312867;1.325698;0.7009118;0.1236878;0.0622323;0.1586924;0.3181293;0.476274;0.4866571;0.4021163;0.579012;0.6474478;0.703326;0.8457925;0.7925024;0.6607692;0.709541;0.8415487;0.9180307;1.212136;0.9572037;0.9783359;0.8815901;0.8149991;0.7363617;0.7508499;0.8445082;0.827566;0.6864114;0.5257151;0.4681896;1.796839;0.2075053;301.4648;430.6641;645.9961;904.3945;0.8296992;508.9004;3.338272;99971.75;4.193451;65.82617;-0.3229093;0.5192962;1.090861;37.63485;-7.849731;-17.95149;-8.506082;-11.34309;-7.0998;0.08828672;-22.23048;-17.74473;-20.51282;-8.452818;-3.494003;-11.10868;7.508291
480.2928;0.9126231;0.01612312;0.01422847;0.07414579;7.948924;3.430214;1.683871;0.2405299;0.1237087;0.3385229;0.7499346;0.6300981;0.6743975;0.7920897;0.9137278;1.342701;1.065939;1.227034;1.482093;1.70826;1.832651;2.745637;3.369103;2.170275;2.153503;2.418005;2.638904;2.844069;2.106583;2.108599;2.511453;1.942143;1.737117;1.378244;0.8995696;0.8936214;6.625841;947.4609;1435.547;1894.922;1937.988;0.8659208;1447.731;4.031874;471304.4;1.497464;11.6464;-1.061139;1.138733;5.332125;9.710443;-33.08485;-5.947615;-3.968674;-1.051011;-0.8543725;0.06686211;5.235479;6.386127;2.805947;22.46136;39.75704;11.8157;-9.69202
173.0733;0.8377463;0.04560481;0.0;0.3722236;1.992392;0.8140492;1.551848;0.08623957;0.047871;0.1673053;0.4883696;0.6632779;0.8263044;1.269827;1.742288;2.107833;1.940775;1.795288;2.726392;3.885745;2.348554;1.185352;1.111516;1.393679;2.003068;2.172704;1.683603;1.875943;1.968329;1.876935;1.807532;1.148063;0.8666317;0.7746294;0.5181066;0.9562429;0.03083874;244.043;373.2422;459.375;531.1523;0.6506909;368.4386;3.104927;40100.93;6.347507;168.6863;-0.1783027;0.39188;0.6401626;46.05668;12.65128;-7.839792;-15.29954;-1.423817;-3.983829;-3.372089;-19.24082;-14.26817;26.40672;-6.367621;-21.14764;-2.936137;-11.55577
331.3252;0.8655763;0.01564271;0.01130105;0.1736396;6.456744;1.427022;0.6103764;0.1261007;0.06349207;0.1190233;0.2483182;0.6472749;0.7128425;0.6829963;0.481525;0.5549021;0.5352493;0.429804;0.3909912;0.5315585;0.5868658;0.473598;0.7281661;0.8731423;0.689712;0.7720928;0.8757057;0.915487;1.005067;0.9123742;0.6313182;0.5836914;0.5624347;0.5100258;0.4156207;3.089902;0.1773264;344.5313;344.5313;373.2422;1047.949;0.8616665;569.6941;2.479913;571764.1;4.949904;36.61876;-0.428395;0.5195626;1.911924;12.05203;-4.968699;11.00773;-19.84957;-44.21808;-11.5293;-23.78761;-30.2763;-28.79439;-3.299533;-14.42725;-4.101979;14.58181;16.95828
112.3534;0.785228;0.1010323;0.1804955;0.3309167;4.156126;0.1929191;1.092149;0.008739462;0.03728899;0.09646072;0.1988052;0.3359559;0.4478821;0.9806013;0.9718711;0.940931;0.9119576;1.08527;1.389305;1.573938;1.77157;1.084717;1.008896;1.070774;1.179863;1.49055;1.209057;1.287047;1.853233;1.658338;1.773599;1.377036;1.166064;0.8727807;0.6593609;0.01032181;1.575455E-4;215.332;387.5977;473.7305;545.5078;0.06381184;389.071;3.549796;179914.3;11.3555;226.0428;-0.002053769;0.4066197;0.004219421;30.77191;25.72724;-5.708608;-6.070938;0.3694231;-20.50953;-14.07058;-9.543193;21.15153;9.591342;-0.8920649;-14.47685;0.5615148;1.479202
99.78231;0.8134882;0.07654422;0.06537569;0.3033818;11.63466;0.6485184;1.019617;0.04411872;0.0713026;0.2041456;0.4617999;1.012547;1.266697;1.111881;0.9504868;0.8307859;0.8352726;1.114174;1.102926;1.498347;1.222688;1.102102;1.506883;1.711792;1.63226;1.425505;0.8262909;1.062135;0.9127321;0.8293527;0.9222247;0.9156101;0.8749685;0.6492683;0.5271602;0.3641551;0.008674179;258.3984;301.4648;387.5977;430.6641;0.2382209;424.3617;3.317186;507772.1;7.289887;63.01863;-0.05753804;0.4147236;0.0595226;16.51661;28.18941;22.94076;28.19132;-37.75716;-41.02439;4.833827;-28.16294;-4.419479;-0.709599;17.61561;-13.41526;5.139947;11.56406
211.3596;0.8444545;0.01610694;0.06766271;0.04468705;12.39529;1.382371;3.059659;0.04987408;0.1186697;0.133653;0.7006721;1.092734;1.225719;1.41493;1.589074;3.260502;5.175234;5.394618;4.564592;4.378649;3.839402;5.122902;6.608685;6.378251;5.919062;5.244455;3.814765;2.859643;3.825427;2.990979;1.561936;0.8568712;0.4380272;0.5741571;0.5861943;0.05077438;0.2312881;803.9063;1406.836;2167.676;2670.117;0.2269735;1562.668;4.909087;946046.8;1.161944;5.408798;-0.04473342;1.162957;0.2358116;13.06875;-34.71921;7.013446;-27.24944;-17.0743;-14.90139;0.7011814;17.91837;-41.78867;5.114881;-25.80198;1.322487;-0.3541888;-11.33189
138.7919;0.8324463;0.06541266;0.06349596;0.1773768;10.53484;1.24729;1.154708;0.1483198;0.04484757;0.2399323;0.4127912;0.8084469;0.8073841;0.9154522;0.9593677;0.9439623;0.7142574;0.6640648;0.8265958;1.659089;2.271939;2.007824;2.18921;2.291972;2.130456;1.661775;1.186607;1.028324;1.120596;1.116223;1.28787;0.885371;0.9166967;0.5793841;0.3968227;3.612788;0.08545046;330.1758;416.3086;488.0859;531.1523;1.030597;420.8571;3.18789;32385.72;5.311479;141.2946;-0.5170577;0.4505735;1.875517;50.25452;2.617427;-11.09925;-0.5965876;-11.05746;-19.06128;-12.17196;-15.39954;-3.05832;12.51998;2.716585;-13.51321;5.293763;-5.347456
0.0;0.6746122;0.0;0.0;0.0;-100.0;0.6325824;0.65698;0.02156096;0.08767951;0.05512798;0.1222688;0.2621097;0.2919108;0.329335;0.3258357;0.3730599;0.5709936;0.7435439;0.6465172;0.9435794;1.13255;0.7321728;0.6646466;0.6459245;0.92218;1.058928;1.040932;1.20333;1.167291;0.7504878;1.095306;0.7798299;0.5147493;0.4068522;0.302016;0.0456464;0.01063411;287.1094;373.2422;645.9961;1794.434;0.1728584;744.0379;4.336514;1069097.0;4.053389;25.37491;-0.009222231;0.6335073;0.02483102;15.65385;0.7100338;5.768045;-9.62686;-6.436185;-14.0587;-12.00927;-4.962919;-0.1891637;-5.789902;-11.20269;-17.49243;12.45456;7.99095
79.7617;0.6833495;0.0;0.04181105;0.5032195;5.887588;0.2031498;0.7593524;0.01160707;0.2204586;0.1547694;0.2391625;0.3028177;0.3988434;0.5146065;0.4533836;0.4674541;0.3864912;0.5570859;0.5837455;0.5906969;0.9929506;0.9494242;1.007288;1.40796;1.508886;1.167832;1.041353;1.330042;1.014792;0.9570578;0.8170437;0.8263966;0.7689484;0.7207282;0.5834004;0.002349607;2.685627E-4;71.77734;86.13281;2239.453;3344.824;0.1044902;1152.28;3.03055;6820818.0;4.266383;27.88385;-0.002976765;0.8700578;0.001575608;9.136685;23.32085;17.86356;34.34776;-10.50938;-5.433769;-0.9450407;12.87737;11.34945;9.8645;11.14414;-1.562531;9.820602;6.17069
92.90774;0.7927205;0.03172205;0.04289117;0.1241262;15.71587;0.484673;1.214687;0.04401612;0.02947846;0.136743;0.281525;0.3937472;0.6569855;1.054981;1.154654;1.01423;1.054299;0.9845066;1.953205;3.343165;1.974412;1.336759;1.12647;1.381296;1.610837;1.496662;1.465711;1.753904;1.180054;1.175464;1.294157;1.271946;0.9909902;0.881872;0.613301;0.1703338;0.00410891;157.9102;330.1758;430.6641;488.0859;0.1794138;312.9615;3.433439;47002.51;8.846395;299.4259;-0.041276;0.3344449;0.06392024;46.20116;20.12572;-5.724436;-6.714224;5.276613;1.454223;-22.83323;-4.499568;17.65156;15.99339;5.07298;-6.329979;-2.392759;11.29449
65.54797;0.7321508;0.03460807;0.01336892;0.3115162;7.517775;0.1231264;0.8615533;0.005374982;0.0760897;0.1780237;0.357153;0.5736449;0.7889884;0.6544835;0.4329309;0.5112818;0.7188146;0.7588439;0.8416058;0.7557395;0.8417502;1.151275;1.121442;1.037942;1.00132;0.965333;1.076163;1.204531;1.081969;1.929906;1.661646;1.032563;0.7348769;0.5502235;0.4379345;0.002540962;9.945993E-6;129.1992;215.332;287.1094;373.2422;0.04384974;378.5649;3.210001;786187.3;8.343965;95.91572;-7.547142E-4;0.3361591;0.001272431;18.71578;39.56483;15.841;8.800943;10.40795;-31.31152;12.9503;-13.8015;-14.70089;0.4322529;-13.87232;9.952949;1.358544;2.253657
0.0;0.6732998;0.0;0.0;0.0;-100.0;0.8182883;0.572816;0.04328282;0.1242127;0.1184922;0.3412728;0.346125;0.2490381;0.3904878;0.5852795;0.4498117;0.4244969;0.4269092;0.4806983;0.53591;0.4677024;0.4520846;0.5278515;0.5767552;0.573139;0.6967481;0.639455;0.6387262;0.6187162;0.7530661;0.7822871;0.8836491;1.123103;0.9446111;0.866802;0.1417596;0.02037715;416.3086;574.2188;717.7734;846.9727;0.3775788;727.6078;4.002172;1090585.0;6.938034;55.467;-0.04277038;0.6939657;0.08936741;23.69005;6.947815;-25.66935;-4.719538;-18.63488;6.855503;-4.653524;2.353773;12.47221;3.814751;-16.69558;-25.52554;-3.766782;-5.023098
63.54595;0.6900938;0.2768748;0.4699422;0.09980181;-26.72748;0.2820943;0.7990131;0.01104947;0.1788864;0.1272229;0.2582093;0.4283752;0.4430278;0.4012918;0.3571724;0.595033;0.6037949;0.6466495;0.938516;1.120304;1.145966;1.17223;1.070845;1.053181;1.04601;0.8967708;1.002679;1.280422;1.21569;1.031455;0.8849446;0.7990207;0.8950068;0.7677147;0.5928062;0.0061842;9.671099E-4;129.1992;186.6211;258.3984;803.9063;0.06019441;583.7086;3.502531;2436610.0;5.969909;55.87913;-0.002623121;0.4927997;0.006488056;20.75329;16.44195;-2.509406;17.28258;10.12439;5.960631;-7.474854;2.365661;-4.87254;-3.085832;2.697101;-6.126865;-2.636681;-1.703804
0.0;0.6940258;0.0;0.0;0.0;-64.36237;1.761549;0.9212444;0.1172966;0.09649786;0.07879275;0.4302688;0.473555;0.6023769;1.628459;0.9740691;0.4251646;0.6277449;1.088934;0.8799863;0.9603431;0.881842;1.418409;1.21297;1.7594;1.685505;1.100263;1.471733;1.565659;1.022123;0.8854658;0.5941358;0.5381657;0.6104851;0.5894423;0.4470631;1.770989;0.7091756;459.375;488.0859;1119.727;2828.027;0.9905724;1033.928;3.357112;963541.1;1.556702;5.465199;-0.2812861;0.8014746;1.289222;12.4213;-24.08541;18.52715;-22.12954;-59.06337;-23.05443;-29.10342;-23.13295;1.400955;-10.36876;14.76146;2.297151;-6.657975;-15.99516
0.0;0.6474415;0.0;0.0;0.0;-66.21177;0.2314145;0.5372114;0.004039247;0.1783825;0.03542527;0.06655999;0.1072412;0.1140183;0.1355021;0.2694417;0.2616631;0.2735418;0.2851438;0.3852298;0.4982792;0.7978527;0.819387;0.8675215;0.8032318;1.018391;0.8528821;0.8517739;0.9770575;1.106182;0.9807615;0.7915115;0.5671435;0.4013467;0.3247937;0.3756105;5.014027E-4;0.002176502;545.5078;1019.238;2196.387;4981.348;0.03762566;1777.007;5.29372;5031544.0;2.069646;8.160651;-2.982213E-4;1.236812;6.527959E-4;3.532998;6.858604;14.66877;-4.52101;-5.46442;-8.505966;-9.127617;19.6147;17.67609;8.036607;-5.207962;-6.959806;3.12338;-2.539788
0.0;0.6440301;0.0;0.0;0.0;-100.0;0.2074974;0.7101767;0.004923891;0.1307634;0.08625583;0.1124878;0.1343485;0.1787465;0.2178427;0.2845275;0.3394796;0.5367432;0.6158462;0.4904626;0.6729534;0.9646993;0.8898175;1.044873;0.8950526;0.9051278;1.162616;1.003545;1.347206;1.13324;1.286495;1.13677;0.9064412;0.7474254;0.7176016;0.6539901;5.716862E-4;4.439417E-4;157.9102;272.7539;990.5273;5986.23;0.03606991;1506.039;4.508299;7844102.0;2.271857;7.047793;-4.131205E-4;1.139178;5.782185E-4;10.56142;8.422959;7.112446;17.17567;-3.042541;-2.040089;4.045525;8.888313;5.49715;6.151706;-6.619497;0.8401054;8.217748;11.90315
142.9028;0.8301055;0.01492693;0.00430367;0.0449591;15.40414;0.5590325;1.022617;0.05882736;0.02368355;0.1637951;0.338095;0.4358704;0.5057164;0.5606828;0.5749381;0.656997;0.8538854;0.805677;0.9102414;0.8282807;1.00797;1.175474;1.208036;1.190327;1.231652;1.421241;1.519936;1.576337;1.750132;1.958356;1.847835;1.468753;1.025175;0.7928347;0.7798133;0.3677248;0.001899811;143.5547;215.332;301.4648;373.2422;0.2683448;266.0943;2.913457;195691.0;15.86287;376.1803;-0.08601745;0.2754543;0.232576;22.78255;32.87047;31.88824;16.14883;-16.28859;-28.60983;-6.191974;-3.225102;4.840572;1.053928;-1.62968;-4.437359;7.616542;-0.9280987
185.3918;0.8637955;0.008032638;0.004186661;0.1120443;20.79846;0.3297217;0.9719585;0.02342851;0.03552532;0.1108004;0.2861515;0.4723455;1.018406;1.267534;1.194661;0.9251146;0.8622686;1.203158;1.325692;1.566206;1.025433;0.6715396;0.5502531;0.6695498;0.8910491;1.30727;1.31107;1.381511;1.492344;1.347973;1.21895;0.9699685;0.8527926;0.7856258;0.5632574;0.07441174;5.586485E-4;287.1094;387.5977;387.5977;559.8633;0.03956151;368.3435;2.747884;77207.99;23.92264;800.458;-0.01284147;0.398314;0.04977065;44.41621;19.48444;-11.40931;-15.80271;-9.516174;-9.306422;-23.21664;-16.1493;-6.517442;10.1951;-11.00415;-7.578537;1.681911;-2.359133
0.0;0.0;0.0;0.0;0.0;-100.0;0.1369652;0.9795108;0.003240794;0.25548;0.05055276;0.06149391;0.1019626;0.1237213;0.1521649;0.1614659;0.1758933;0.1921476;0.2575811;0.3129165;0.2951054;0.4031872;0.5054624;0.8034543;0.8278391;0.7713532;0.937188;1.227019;1.411411;1.883318;2.909526;3.318406;2.869118;2.007863;1.921217;1.785916;2.908582E-4;4.357942E-5;2627.051;3086.426;5900.098;8986.523;0.04699947;4185.408;5.251192;8895497.0;0.1681234;3.920427;5.178939E-5;3.119252;7.421485E-4;2.95809;20.08509;-11.76916;-1.338641;-8.428406;-15.9431;1.971729;3.332366;12.64908;17.3252;3.2247;11.84608;-4.594463;-11.52847
198.0907;0.7948594;0.02489859;0.01788253;0.1274631;13.18988;1.475993;1.259295;0.07471115;0.03691106;0.1098251;0.3389565;0.4629759;1.300051;1.686408;1.109573;0.7241923;0.7643687;0.9379031;1.135118;1.125852;1.003788;1.110111;1.552597;1.849658;1.85721;2.199454;1.893265;1.393659;1.809997;2.588635;1.819748;1.370135;0.8774036;0.6948608;1.025923;2.01689;0.06484961;401.9531;416.3086;430.6641;933.1055;0.8883133;563.356;2.711494;501525.6;5.525535;47.55632;-0.2918524;0.5259015;1.189787;23.26433;-2.157572;41.55915;-32.58581;-13.57918;-36.97744;-11.55621;-8.485833;-11.78526;24.45434;-8.033153;24.99047;-13.9121;-0.8032243
128.1573;0.8249416;0.004845514;0.003793383;0.0336153;19.82108;0.4294413;0.787241;0.04936915;0.01990426;0.1261904;0.2539139;0.5712897;0.5224354;0.4520895;0.6095611;0.682781;0.4866048;0.6280842;0.5533627;0.6055282;0.5477465;0.4995807;0.6736934;1.462759;1.472049;1.623253;1.464264;1.025895;0.943377;1.145219;1.123785;0.9373562;0.8459568;0.6395492;0.5719417;0.1329226;9.037808E-4;129.1992;143.5547;258.3984;315.8203;0.08649746;203.9527;2.699767;37353.72;19.60222;773.0684;-0.05663154;0.2180429;0.1142257;38.38823;25.2396;25.01279;10.18744;-29.04545;-6.357899;25.91004;-8.102217;-1.734326;20.38678;-13.96872;-7.744057;-10.63067;-0.9037858
82.00678;0.7052673;0.0;0.0;0.0;3.663487;0.3100306;0.8599891;0.01272845;0.03955656;0.1442794;0.2679237;0.4384323;0.4417454;0.3888049;0.4868317;0.49007;0.500576;0.500818;0.5738248;0.7363647;0.9934316;1.315189;1.702574;1.127257;0.9600282;1.143799;1.494843;1.549873;1.576546;1.390757;1.105718;1.018663;0.7826586;0.6391361;0.5895722;0.008142562;0.001326115;186.6211;200.9766;315.8203;559.8633;0.0843837;335.6299;3.195729;275447.6;8.317538;106.3744;-0.003584679;0.3274356;0.007864387;25.52663;7.005935;9.838253;3.81929;-0.679216;-0.1473227;4.663518;-3.921256;-6.996627;-4.44524;-0.5301113;-3.518285;-13.52259;-9.750917
154.531;0.7629426;0.0;0.0;0.3232099;4.164676;2.008254;2.626276;0.1661181;0.05139834;0.1514274;0.3752428;0.5905171;0.9323546;1.627714;2.142382;2.653455;3.842675;2.884515;1.743391;1.733685;2.160802;3.659146;3.795908;2.335246;3.843726;7.766032;5.45481;3.157975;3.428712;3.581746;2.72134;2.272252;1.961325;1.974017;1.492779;4.121657;0.3519568;358.8867;416.3086;559.8633;1291.992;1.300377;638.8442;3.825526;657809.5;6.706545;81.24763;-0.6690294;0.5780077;1.781573;21.6797;0.78394;12.82852;-10.05551;-31.0991;-10.32352;-19.08743;9.559299;-8.573792;-2.638217;-16.14407;8.124412;27.87424;-17.29876
78.82468;0.757512;0.05988492;0.04460658;0.2002192;5.642445;0.3830353;1.414718;0.01917849;0.05013857;0.1350612;0.2902758;0.4923557;0.6796725;0.8077536;0.9634636;0.8507385;0.8762637;0.8388538;1.087876;2.614038;2.917356;2.116982;1.628769;1.473914;2.250746;2.424696;1.864175;2.600993;2.732459;2.121009;1.349786;1.150101;1.058533;0.7982232;0.6585763;0.04588186;0.003421868;200.9766;315.8203;416.3086;473.7305;0.1149019;362.5833;3.491055;136907.2;6.609554;69.60931;-0.00946281;0.3671931;0.01866588;33.95916;4.817824;24.33274;-13.36634;11.39702;-2.220945;-41.56566;-7.336237;15.54117;22.16249;-10.74006;-25.32267;10.68973;-1.836435
106.6805;0.7322142;0.0186448;0.005353909;0.04753457;15.10609;0.3306813;1.006447;0.02338693;0.1370622;0.1212888;0.2130238;0.2540613;0.3676497;0.5740044;0.7619793;0.8599625;1.032116;1.015908;1.09439;1.207056;1.099262;1.14047;1.390545;1.489673;1.379831;1.541764;1.296414;1.538859;1.646429;1.270811;1.136657;1.189425;0.9536573;0.8246635;0.7677281;0.0139571;8.403962E-4;86.13281;114.8438;172.2656;1837.5;0.2183687;478.3383;2.666029;1828971.0;8.888638;120.5496;-0.01024478;0.3755063;0.01290448;11.33593;28.81759;28.44254;11.56739;-0.5320823;-9.17989;7.076631;12.38824;12.50721;8.254762;7.698776;3.033629;-3.839807;-2.874328
179.238;0.8031039;0.01473631;0.02944451;0.08924828;13.78661;3.172031;1.94424;0.2608997;0.1237087;0.1134713;0.3232031;0.4194832;0.8628553;1.591243;2.153577;2.871754;1.691561;1.436531;1.696802;2.474013;3.112359;3.020731;4.785491;3.049244;1.585039;2.447841;3.327442;1.494496;1.407291;2.41242;2.512214;2.048594;0.8620427;1.584554;1.265988;1.660593;3.843134;645.9961;703.418;1421.191;1765.723;1.556864;1027.577;3.935282;572170.2;4.229776;32.38642;-1.346944;0.9030223;5.950978;17.90037;-15.77237;-28.21185;4.728516;-8.995852;-32.70564;12.576;23.9619;9.039598;14.14611;-24.22812;4.915764;-28.51786;5.960449
431.718;0.8212623;0.003561487;0.002445478;0.05674319;9.666617;1.374655;0.9384916;0.06672286;0.09775762;0.09579635;0.2127993;0.2771463;0.8067479;0.6668956;0.3742804;0.8300344;0.7912828;0.4628228;0.6252753;0.5157301;0.4469902;0.6710143;1.814623;2.209648;1.705792;1.5366;1.407332;1.425114;1.064739;1.816776;1.659821;1.526464;0.6636418;0.4725514;0.3208655;0.3318603;0.2144828;401.9531;689.0625;1880.566;2469.141;0.3912322;1148.931;3.760524;1173982.0;2.3277;14.26976;-0.08525702;0.8849611;0.4182915;10.48973;-4.602147;19.24191;-18.9892;-17.47687;-17.78583;28.86534;-1.046756;-24.10606;-19.38967;7.48299;30.71319;17.10443;23.66506
126.5986;0.7517034;0.08048901;0.07745671;0.1571533;13.79358;0.7351578;1.938232;0.05958484;0.05013857;0.3639408;1.046062;1.305422;1.655076;1.565;1.795441;2.120856;2.010308;2.403542;2.571239;3.473108;4.533701;3.806248;3.49184;2.170831;1.88583;2.028147;1.581812;1.519405;1.611482;2.02348;1.67205;0.9146993;1.077453;0.9200645;0.8469985;0.2782934;0.01787441;129.1992;215.332;272.7539;416.3086;0.4154203;313.4039;3.173728;515934.6;10.30915;123.7228;-0.08933544;0.3077981;0.1715066;27.1657;19.64008;-0.05356343;18.35719;6.911803;-2.703877;-19.18885;0.04612017;4.139639;2.785778;-17.9428;-6.224773;5.148138;-6.690217
92.45194;0.8102891;0.006279517;0.002287226;0.1088223;18.01743;0.4272566;1.27253;0.047615;0.02771479;0.1620026;0.3408761;0.6591145;0.9510196;0.9464304;0.6925547;0.6098401;0.7810776;0.9285693;0.7678683;0.730423;0.9809597;1.744714;2.221987;2.664368;2.554444;2.658129;2.583627;1.826116;1.390524;1.199142;1.215572;1.255365;1.322241;1.100997;0.7978263;0.120964;8.103627E-4;157.9102;215.332;287.1094;401.9531;0.09663129;225.2735;2.999715;38306.7;20.10677;803.4041;-0.05036855;0.2419977;0.1005316;38.95222;17.84001;30.6641;12.17664;-17.23147;-15.77232;-6.899098;-1.221771;-1.337556;6.857668;-0.8808978;1.329853;2.012838;-6.45535
181.641;0.838754;0.06808263;0.0476057;0.3024105;5.663452;1.121116;1.090476;0.07984262;0.01927438;0.1207635;0.2653473;0.4187934;0.4667034;0.712325;0.6894722;0.8158824;0.6339724;0.5671299;0.8215391;1.591772;2.250881;2.288341;2.921922;2.061774;1.104028;1.142783;1.574369;1.627472;1.187305;1.117021;1.270635;0.9173208;0.7458944;0.5816441;0.4572871;1.04556;0.04524472;172.2656;200.9766;287.1094;401.9531;0.780087;286.2515;2.696206;188827.6;20.54594;842.6306;-0.3300109;0.2944108;0.7806066;38.29146;1.939249;12.94492;28.96107;-4.344877;-24.25061;-13.96027;-10.12984;-10.17498;-7.416536;-2.777028;-3.753429;-6.547819;5.740707
259.5559;0.8613822;0.008911528;0.005346256;0.03468119;21.76295;1.342459;1.01711;0.1771613;0.0282187;0.06928685;0.4683776;1.172222;1.339648;0.8398035;1.799781;1.227312;1.579097;1.314313;1.072779;0.8904972;0.9622857;1.266516;1.174537;1.407057;0.9454882;0.6556769;0.6477193;0.7824822;1.310201;1.413152;1.841038;1.124217;0.4900085;0.3271964;0.3241546;5.04582;0.06873805;258.3984;272.7539;301.4648;315.8203;0.4411959;321.4431;1.857433;112016.4;12.82556;216.4765;-0.7219658;0.338891;2.634106;23.14179;8.091304;4.775727;-24.03355;-9.501782;-40.49919;-4.764953;-29.34386;-54.0913;-17.63759;-25.46874;-21.69038;-23.44952;-11.1416
193.6471;0.7037305;0.0;0.0;0.0;-30.65453;0.6347272;2.75233;0.01659722;0.1496599;0.05958142;0.08633348;0.1751537;0.2372983;0.4728325;0.6601898;0.8286188;0.9197548;0.8518105;1.176233;1.557584;2.351642;2.3542;3.427303;4.048127;4.039826;8.779243;8.065225;5.624621;5.942036;4.741567;4.662344;4.577574;2.639633;1.835467;1.446372;0.004680166;0.02798895;1191.504;2497.852;2985.938;4809.082;0.1577423;2549.521;5.654171;3917876.0;1.208031;5.424854;-0.003229094;1.671889;0.01382887;1.801195;-4.939171;26.5571;-11.02924;-13.13732;1.646839;13.86292;-1.265353;3.378833;4.70309;-2.261749;1.092514;-2.480179;-3.36456
191.7692;0.7374966;8.9223E-4;0.0;0.5193924;5.485167;0.1354472;0.9883412;0.009013962;0.03754094;0.1292162;0.2720484;0.4195279;0.5544473;0.6697289;0.7658961;0.8470283;0.9178292;0.9822495;1.043099;1.102099;1.16007;1.217131;1.272837;1.326212;1.375581;1.418056;1.448481;1.457878;1.432704;1.358746;1.23234;1.069155;0.8959276;0.7342484;0.5943311;0.00173916;2.54195E-5;157.9102;186.6211;200.9766;229.6875;0.03007257;198.1263;1.954628;68955.96;25.58736;775.4973;-0.001978346;0.2096921;0.004200728;27.68209;28.68207;19.04618;4.556546;-2.158054;10.40179;1.299544;-5.715968;-3.841694;-8.64191;-18.65912;-10.69366;-3.543712;-2.73908
207.4386;0.6933773;0.02533098;0.03078019;0.1959088;2.351362;0.6459459;0.6307834;0.03114699;0.1075838;0.1313545;0.4397332;0.3120639;0.5747823;0.7407618;0.369431;0.3965434;0.423832;0.4118852;0.6217721;0.7736651;0.6183029;0.5853963;0.5274907;0.4756404;0.5600469;0.5884508;0.5574166;0.8012522;0.7212386;0.57128;0.9128411;1.213157;1.349041;1.010427;0.7125612;0.1006114;0.01383289;315.8203;445.0195;602.9297;803.9063;0.2386916;553.6532;3.869533;367464.7;6.97251;70.41772;-0.02096726;0.5435907;0.06736118;24.58468;4.282543;-13.84774;-4.875695;-11.15976;-16.0293;-18.9449;-15.59724;10.63225;-7.101753;-9.794109;-23.92969;-0.01312415;-6.574212
270.0042;0.8361953;0.02035862;0.01018878;0.1485407;16.2707;1.013513;2.453548;0.1424989;0.03325775;0.1529695;0.4023037;1.510959;2.352405;1.466581;1.743374;1.980545;1.245506;1.575815;1.993003;2.27665;2.627961;3.049999;2.993323;5.330175;6.514555;4.665896;3.786439;2.518371;3.343203;3.57232;2.590986;1.944796;1.391671;1.517103;1.245342;3.791175;0.01873088;258.3984;272.7539;301.4648;330.1758;0.9615414;315.0688;1.91373;89978.16;16.89449;404.4976;-0.5165176;0.3375494;2.241354;24.91765;14.52363;5.586231;-8.856487;-23.34776;-22.14017;-10.8347;-28.94348;-35.00058;2.555123;-28.68805;-20.82336;-11.2866;-2.944263
87.58027;0.7799423;0.07349136;0.05224112;0.0921061;10.44221;0.5621758;1.839166;0.04666846;0.03073822;0.151472;0.3104572;0.3782646;0.4592525;1.135475;2.149873;2.906908;2.353647;1.821843;2.324938;2.316503;2.813108;3.250748;2.901095;2.147702;2.458509;2.495495;2.527203;2.931614;2.387162;1.251857;1.478138;1.511647;1.279394;1.057652;1.018359;0.1626624;0.005466127;315.8203;445.0195;574.2188;645.9961;0.2725329;441.9176;3.403367;64335.52;4.018323;100.3977;-0.04345452;0.4621373;0.0843781;43.82905;7.43213;-11.49006;7.145168;-15.34091;-5.076394;-3.289683;23.14854;34.56681;5.797807;5.756475;-18.36026;-9.202205;9.638802
0.0;0.6528277;0.0;0.0;0.0;-100.0;0.5994141;0.642168;0.02136651;0.09196272;0.06178165;0.09434211;0.1372004;0.2009751;0.359331;0.4645634;0.6080015;0.9318016;1.173705;0.8364317;1.030432;0.8779895;0.8962445;0.6279198;0.5149636;0.5087573;0.6878197;0.727043;0.7356164;0.9515731;1.176471;0.7795779;0.6095614;0.5879081;0.5313867;0.5849695;0.05144334;0.008334515;301.4648;401.9531;890.0391;1062.305;0.1539335;661.0223;4.121161;544715.4;7.014508;79.69587;-0.01103375;0.6181509;0.03240838;24.9909;-8.443693;-1.42177;-8.856904;-3.044161;-11.82005;-0.5011513;-0.4278447;-24.44668;-15.59767;-10.24969;0.4397524;11.71851;6.931295
0.0;0.6311641;0.0;0.0;0.0;-100.0;0.4694265;0.9763367;0.01197382;0.1204334;0.0992761;0.1418655;0.1761991;0.2505817;0.3703422;0.5687112;0.618623;0.7426355;0.8276505;1.052757;0.9141977;1.233087;1.528776;1.211037;1.223117;1.259587;1.8619;1.805305;1.442922;1.300182;1.186798;1.613571;1.333522;1.085624;0.8637176;0.6727688;0.008456496;0.005461043;229.6875;516.7969;1306.348;2741.895;0.1454231;1078.522;5.206424;2171543.0;2.982508;14.18904;-0.002479936;0.8373714;0.006016474;11.46405;0.9564325;7.861895;3.206451;-9.841125;-5.376115;-1.805875;-0.2645591;8.702809;-4.39597;-8.520135;-4.944222;1.697927;-6.953861
95.52239;0.7737703;0.01626284;0.01045127;0.267497;12.13246;0.4258486;1.612951;0.01831583;0.2506929;0.2078568;0.528034;0.8461817;1.425191;1.560371;1.159416;1.343352;1.425702;1.475451;1.522994;2.141112;2.523395;1.762613;1.424129;1.328115;2.140082;2.610491;1.722098;1.932712;2.475349;2.61395;2.170717;1.64383;1.849842;1.236411;0.8673342;0.05040653;0.004229356;229.6875;330.1758;401.9531;459.375;0.1384369;480.0134;3.529336;685623.9;6.721239;63.71844;-0.009051694;0.4503974;0.02118902;19.22544;10.96248;19.6913;3.889182;5.457157;-28.33638;-29.12857;-21.11707;9.656306;10.6879;-17.11627;-15.19217;22.34437;4.272602
316.8953;0.7329447;0.01512855;0.01267542;0.1795453;10.48014;2.768479;1.346251;0.2412369;0.101033;0.2094274;0.5964774;0.6104521;0.6829639;0.7398924;1.248773;1.006966;0.8181071;1.063987;0.8790995;1.301194;1.488091;1.541642;1.624258;2.342686;2.507249;2.24254;2.699597;2.144178;1.725028;1.712685;1.609314;1.153252;1.109574;1.017092;0.9280128;3.425951;1.277472;602.9297;631.6406;990.5273;1564.746;1.988472;872.8865;3.096922;442726.3;3.399195;21.16341;-1.296646;0.7810413;5.671808;14.85076;-15.29966;2.814425;-16.38776;-27.80449;-25.44978;11.66673;8.881999;12.43569;3.604091;-18.91349;-22.41903;-14.44527;0.8898101
379.416;0.8681016;0.01294281;0.01785277;0.1822919;6.141421;1.032868;0.6105577;0.05996099;0.08843537;0.08846972;0.1736922;0.2410672;0.4437152;0.6871858;0.6201808;0.4017793;0.630235;0.5878583;0.486779;0.7602703;0.6164082;0.6387962;0.81723;0.6467759;0.8517363;0.8196884;0.7390257;0.9013334;0.8704042;0.5786021;0.9844535;0.6837592;0.5189367;0.5569753;0.5291425;0.05021741;0.0761872;645.9961;760.8398;818.2617;1435.547;0.4667498;901.7178;2.975512;388613.0;4.609778;39.65884;-0.09050632;0.8207105;0.4141962;12.12864;-28.75593;-23.89209;-10.56146;-42.60414;-11.76613;23.8273;-15.77045;-6.423077;-10.46488;-10.08203;25.01431;7.88894;41.49781
222.8865;0.8575028;0.0;0.0;0.07876945;1.520182;0.3870135;0.6363802;0.01556499;0.08616779;0.09895667;0.1647557;0.2872132;0.3125493;0.3179487;0.4059235;0.3390063;0.3930459;0.3094367;0.3659271;0.4890485;0.4864163;0.5602166;0.6381101;0.7327903;0.8586172;0.7524986;0.7209284;1.1158;1.326868;0.9693778;1.113181;1.130362;1.203262;0.8791882;0.5744565;0.02982787;0.002582305;545.5078;1105.371;2124.609;2770.605;0.1455802;1492.42;5.033497;2705039.0;4.895228;65.51728;-0.006905692;1.150466;0.02263454;14.67745;2.136685;-10.33529;-3.787871;-10.95458;-18.3302;-0.3857374;6.818859;-4.115013;-5.087624;-12.13238;-5.02886;0.9766356;-8.852752
0.0;0.6821125;0.0;0.0;0.0;-100.0;0.8351477;1.861185;0.04514864;0.08818343;0.1885174;0.3267531;0.416077;0.6383923;0.9173161;1.292252;1.764316;2.76932;2.150099;1.724567;2.161159;4.098693;4.180998;3.111596;2.672549;1.914987;1.420574;1.49679;1.564447;2.264103;2.468535;2.121313;1.790239;1.685748;2.057361;1.194112;0.06283627;0.05172928;272.7539;760.8398;1062.305;1593.457;0.4219801;888.0427;4.650931;1146209.0;4.203901;26.9088;-0.02862787;0.7618032;0.06793971;20.34191;7.335908;-24.63097;14.41128;17.81219;-29.12144;14.86393;22.72257;6.202863;3.229015;-6.235846;-7.066133;14.58964;-2.982538
112.557;0.7273626;0.0;0.0;0.0;-31.78091;0.3808812;0.6847436;0.008715317;0.185941;0.06268473;0.0991658;0.1146654;0.1453707;0.2102851;0.2519332;0.3402456;0.5325235;0.5253959;0.6529966;0.6319761;0.8537016;0.9345422;1.129882;1.186083;1.041286;1.05295;1.156748;1.090083;1.003677;1.331981;1.063027;0.8234097;0.5758974;0.5041134;0.4887081;0.001706153;0.002828578;401.9531;2985.938;6115.43;8412.305;0.0758681;3633.073;6.553042;1.1674373E7;0.7870128;2.814393;-4.768683E-4;2.551027;0.002627546;0.4466022;7.701342;15.00365;-2.44309;-1.253597;-4.041742;-13.373;7.065083;5.212401;2.534989;3.608651;-1.238097;-1.709612;2.953563
102.969;0.7039916;0.0;0.0;0.0;-29.69308;0.4589489;0.5062289;0.01892566;0.06601159;0.07879964;0.1594235;0.2197615;0.3136144;0.3299603;0.3509498;0.4302651;0.4192372;0.4203821;0.4603166;0.5786863;0.5733897;0.6068907;0.7113733;0.4985901;0.5426251;0.6776593;0.7377979;0.920778;0.8930845;0.7769279;0.6228072;0.536036;0.5013529;0.4265814;0.3746606;0.04527673;0.007810836;373.2422;473.7305;574.2188;1234.57;0.1554834;614.5948;3.795848;299227.4;6.19902;83.26678;-0.007630162;0.5896323;0.01981893;27.7402;-2.699899;-1.050446;3.409677;-10.44586;-34.06243;-20.49618;13.96603;18.13975;-0.4027735;-14.37487;0.7615461;-0.04835703;-7.545551
0.0;0.0;0.0;0.0;0.0;-100.0;0.08236022;1.066991;0.001194951;0.1657848;0.1901384;0.3569568;0.49994;0.5333312;0.6009319;0.8098063;0.9227991;0.9422067;1.032435;0.9329447;0.9167054;1.341241;1.364929;1.683401;1.795086;1.495431;1.528886;1.426566;1.423911;1.710493;1.558909;1.275084;1.089783;0.9362152;0.7314233;0.642222;1.882143E-5;1.703536E-5;57.42188;114.8438;1464.258;6244.629;0.007720942;1488.56;4.440808;7033224.0;1.864173;5.298925;-2.427335E-5;1.064458;2.275973E-5;1.83862;16.62352;14.41101;13.7523;6.483017;-1.423237;5.354074;6.603897;3.266184;2.963622;-1.473866;1.521782;-0.8226442;2.526789
274.4041;0.7437348;0.1414134;0.2410314;0.2203625;3.931962;0.7550781;0.497993;0.03540047;0.06777526;0.1367285;0.1779404;0.163956;0.2006314;0.2388916;0.2761239;0.4188721;0.4214597;0.3450825;0.3939717;0.4828993;0.5313905;0.4900557;0.5414969;0.5409693;0.4852924;0.5980987;0.5963492;0.6593456;0.859752;1.121937;1.022992;0.8262293;0.5973166;0.4223898;0.3976465;0.02693871;0.01326333;645.9961;703.418;746.4844;1091.016;0.2895866;844.0115;3.463596;537844.7;4.260091;27.24627;-0.02573645;0.7718725;0.1005535;18.52479;-8.293773;-3.358742;-20.06023;-3.878617;-17.88891;25.61423;18.43483;-6.363662;-3.416813;-23.84305;-3.318424;-4.213788;7.607904
126.1739;0.8456283;0.01327142;0.001815889;0.04907969;19.33624;1.320002;1.03548;0.1394542;0.05291005;0.2344204;0.4099599;0.629472;0.5375066;0.6694897;0.9697488;1.748552;1.128703;1.376195;1.587985;1.402422;1.047384;1.170264;1.412699;1.474811;1.32521;1.179837;1.279464;1.183795;0.9334324;0.9487115;1.081774;0.9583964;0.6975409;0.8863165;0.6483878;1.937363;0.06546587;229.6875;430.6641;588.5742;645.9961;0.2564669;424.7613;3.647273;122522.5;8.834588;201.247;-0.4321324;0.4393607;1.417123;42.64529;3.661409;6.48831;4.153102;-37.60117;14.75676;-3.112098;-5.118786;14.76803;20.05921;1.828935;-24.42731;-14.77435;-2.781612
0.0;0.6923008;0.0;0.0;0.0;-100.0;0.2237695;0.6432404;0.01466432;0.04661123;0.151165;0.2365968;0.2456074;0.3967797;0.5711055;0.5010242;0.4561528;0.451987;0.5501533;0.5407419;0.5543817;0.6885938;0.8554115;0.8460181;0.8195341;1.076868;0.9429364;0.8679743;0.8060886;0.9956531;1.017867;0.8649982;0.6660702;0.5781694;0.5619206;0.4804527;0.005991804;2.436863E-4;86.13281;100.4883;186.6211;473.7305;0.1074593;208.7712;2.704286;166694.5;14.1265;362.6876;-0.005352455;0.2063923;0.002995413;28.77861;15.57679;8.001852;18.70931;-7.166082;-12.00783;18.12784;7.305724;11.56864;10.95468;2.484895;2.105171;14.94846;6.186263
0.0;0.7099276;0.0;0.0;0.0;-100.0;0.3794352;0.4483933;0.006775093;0.1587302;0.09662915;0.1338492;0.2216256;0.2633857;0.3124601;0.4780246;0.4908239;0.6583855;0.7170379;0.5841787;0.6091416;0.5668316;0.481942;0.4262513;0.5057632;0.7332909;0.6383187;0.5119407;0.5158646;0.5929237;0.6322855;0.4186757;0.3009544;0.3011013;0.2592079;0.2073316;8.031878E-4;0.00397017;746.4844;1105.371;2339.941;2770.605;0.05589226;1521.35;5.489126;1186440.0;1.728297;8.100945;-8.188125E-4;1.139328;0.002665529;7.453769;-19.5454;-2.430732;-11.88588;-14.59364;8.313069;4.67443;3.058147;6.502341;4.712835;-18.48089;-10.02124;10.86029;4.743917
0.0;0.7087615;0.0;0.0;0.0;-63.83701;0.4451106;1.039305;0.02705764;0.04988663;0.2313414;0.4623948;0.7093729;1.397356;1.844413;1.518323;1.531818;1.738548;2.692756;2.001696;0.9620655;0.782801;0.8594391;0.944769;0.7811034;0.6515093;0.7021359;0.9108033;1.064826;1.11059;1.045292;0.8135278;0.6484777;0.5832998;0.540783;0.4924845;0.1012248;0.003473419;200.9766;387.5977;445.0195;488.0859;0.2655062;380.8877;3.505092;139553.3;11.48549;216.9276;-0.01950636;0.3996322;0.03850253;30.0069;27.04654;0.1101129;-21.83947;1.617531;1.839155;-7.693977;-10.27475;-13.02024;8.737164;19.50772;12.04796;9.360641;-13.51087
232.4515;0.8612566;0.2012909;0.1311481;0.5945041;1.9416;0.8931723;1.835027;0.09160903;0.08692366;0.1406119;0.5069626;1.112586;1.235678;1.898159;1.56796;1.2711;1.459272;1.118171;1.085933;1.120622;1.584931;2.651423;3.734263;3.078828;3.001552;3.514262;2.711324;2.021682;2.294636;2.110771;2.10034;2.435375;1.745079;0.9912252;1.217953;1.119774;0.02535511;215.332;287.1094;401.9531;473.7305;0.7637258;391.6897;2.916401;359249.3;9.486705;176.9922;-0.2021462;0.3957198;0.5430518;26.07804;14.01474;11.25476;2.884324;-40.6431;-42.25966;5.622694;-19.00725;-26.20673;-6.172428;-11.64603;-14.33941;-3.015301;-24.53436
202.8996;0.7536218;0.09828443;0.04575124;0.5609358;3.675139;0.4952827;0.6306868;0.01957871;0.08012093;0.1098102;0.2096954;0.2746397;0.5265572;0.4747972;0.4222896;0.4402572;0.4134199;0.4619412;0.4801381;0.5625053;0.5590051;0.5469918;0.8048485;1.218942;1.317338;1.113419;0.6924996;0.8696623;0.7914217;0.7881141;0.8200271;0.7477215;0.7193359;0.6101501;0.4223295;0.0247066;0.008413506;387.5977;516.7969;1019.238;1665.234;0.2876271;759.8762;3.980656;561779.8;4.177252;36.9386;-0.006275406;0.6633264;0.01942463;22.00561;-7.210251;8.545622;1.428866;-29.89236;-19.1932;9.561824;11.52344;-11.39859;0.4408388;2.122456;-7.51706;-7.700654;-3.993338
0.0;0.6107986;0.0;0.0;0.0;-100.0;0.7554572;2.672445;0.02202048;0.3222474;0.08269989;0.1277076;0.1863145;0.2696136;0.2870964;0.3456394;0.4713028;0.6269763;0.843509;0.8168146;0.9278275;1.275834;1.877548;3.079409;3.082569;4.347467;5.796492;5.146372;6.840313;5.768279;5.03098;6.676524;5.475574;4.254285;3.375046;2.471368;8.04668E-4;0.04172707;3029.004;4091.309;6431.25;7651.465;0.1983343;4645.303;6.538901;4751088.0;0.2073685;2.45504;-0.001976789;3.063886;0.02948854;-18.93308;11.59053;24.17171;6.087492;-4.834184;5.787586;1.622378;8.314018;3.234162;0.8138165;6.292493;-4.192057;-3.080571;-2.639888
0.0;0.6372653;0.0;0.0;0.0;-100.0;0.1682362;0.5691245;0.009294473;0.02066012;0.1579898;0.2654999;0.3642548;0.4247549;0.5038815;0.4700705;0.5694637;0.7798295;0.5793765;0.6525654;0.6989136;0.4892003;0.5148306;0.6306689;0.6275454;0.6114312;0.8424731;0.866244;0.8059935;0.5977603;0.6234911;0.6834163;0.6932264;0.5798921;0.4286424;0.3358219;0.003035825;1.197887E-4;43.06641;157.9102;401.9531;473.7305;0.03846283;245.3434;2.726301;155816.9;11.97854;263.2262;-0.001158406;0.2490496;0.001446007;28.99466;12.09894;3.566555;-5.566364;-0.6593702;-10.03073;-5.305952;3.37474;12.02868;17.87236;17.26286;-0.9352621;9.962658;15.40404
130.9144;0.6868706;0.02641937;0.008719745;0.02486842;14.3163;1.468;1.728213;0.1222642;0.08969513;0.1011788;0.1914652;0.2438964;0.3279143;0.9383079;1.615209;1.695279;1.324947;0.9596488;1.204138;2.481439;3.697306;4.046163;3.194892;2.140725;2.999818;4.097175;2.921179;2.848253;1.714462;1.186857;0.9144161;1.125992;1.06547;1.060979;0.8364438;2.820398;0.1983219;430.6641;473.7305;545.5078;660.3516;0.95789;551.4571;3.320516;144273.6;5.762825;77.66116;-0.3985745;0.5565394;1.270276;32.06901;-7.654653;-2.18025;-2.492559;-25.74734;-24.96535;-17.36112;2.514757;11.51963;8.333813;-21.38862;-2.596306;10.45515;-7.116149
223.4979;0.805177;0.00713685;0.008814131;0.05959399;18.05433;0.7114703;1.420837;0.05241786;0.218191;0.1188052;0.4900618;0.6269215;1.034916;1.775319;1.597632;1.876161;1.324056;0.8862756;1.002306;1.155256;1.317531;1.32829;1.372867;2.157085;2.954176;2.658298;2.758819;1.671892;1.621245;1.573633;1.624359;1.129085;1.036648;0.9919818;0.8581412;0.3766936;0.009185524;373.2422;445.0195;473.7305;660.3516;0.2193379;472.5354;2.723894;123184.8;9.931651;168.3833;-0.06120053;0.4918892;0.2376874;30.78863;-3.034758;0.6621286;-5.956568;-62.18318;-27.07871;-5.447892;-24.94928;-0.1741006;-6.19391;-23.7192;-22.23294;-14.1006;-13.32146
327.5825;0.7813631;0.05591755;0.0247718;0.1540802;4.363445;1.266251;0.808368;0.09158746;0.07634165;0.09573921;0.2515445;0.2821818;0.3917437;0.3931097;0.3770612;0.3876175;0.497088;0.6093719;0.7086349;1.140139;1.129502;0.9963555;1.013735;1.068863;1.305511;1.011831;0.9914054;1.36139;1.211117;0.9845726;1.135738;1.021945;0.9895518;0.8764308;0.7853882;1.251218;0.2571498;301.4648;344.5313;660.3516;1177.148;0.5568549;574.4807;2.957825;411120.2;7.134338;98.6814;-0.1948506;0.5387918;0.4951423;22.22154;-10.73468;-5.182333;17.29801;-4.405887;-33.02033;-34.71002;-23.03747;-25.4664;-10.41195;-9.402944;-8.560884;6.799;13.15187
173.355;0.784135;0.005392555;0.0178725;0.04292594;15.02155;0.3257473;0.8217109;0.01607001;0.04837491;0.1311532;0.2562312;0.4632579;0.8778105;0.7830895;0.9013514;0.8497593;0.8780792;0.8156163;0.4195182;0.5797324;0.9838657;0.9027438;1.004009;1.039431;0.8059198;0.9716091;1.132648;1.386578;1.178337;1.358009;1.030155;0.7880387;0.6404259;0.6236709;0.5634457;0.03722098;2.667411E-4;330.1758;401.9531;602.9297;717.7734;0.1049688;476.8701;3.246003;117300.0;9.805512;152.0729;-0.005959192;0.4971267;0.02344669;28.70043;11.27329;-2.498935;-36.52298;-14.34967;-12.16238;-9.196143;7.163188;-17.2253;4.974956;-22.75726;0.00660642;3.970119;2.189997
0.0;0.7074015;0.0;0.0;0.0;-100.0;0.9723312;0.789983;0.0450456;0.08390022;0.07612151;0.1993393;0.4830023;0.417916;0.3775291;0.9639081;0.6688756;0.5175239;0.8939044;1.110897;1.052429;0.8032999;0.90627;0.8735792;0.9719356;1.346056;0.9958589;1.191231;1.882649;1.608325;0.9467492;0.6503304;0.4872262;0.3960159;0.3818131;0.3367733;0.111396;0.1553997;588.5742;732.1289;1119.727;1205.859;0.4945427;925.4214;4.202055;488723.5;4.406971;37.27667;-0.04177736;0.8282704;0.1447768;17.75385;-17.53073;-16.66333;-30.7068;-14.92358;8.964108;-35.86804;-6.056892;-25.77102;-11.69068;-8.576904;-33.91719;-21.5335;-18.66536
0.0;0.659164;0.0;0.0;0.0;-100.0;0.3257759;0.5816276;0.008293682;0.1133787;0.07861075;0.1919329;0.2944404;0.4365423;0.54477;0.5547078;0.4278646;0.5061463;0.5783635;0.7171554;0.7889304;0.8400822;0.9537907;0.7594652;0.9364602;0.9237649;0.7924625;0.7606039;0.7089478;0.7525653;0.6775799;0.5852364;0.4454497;0.354957;0.2757479;0.2357407;0.009732856;0.001080435;401.9531;473.7305;516.7969;1378.125;0.07690489;790.2892;3.927302;1809487.0;4.855604;29.08643;-0.001545008;0.6986564;0.004867383;14.05807;5.670369;1.899336;-2.054203;-17.48531;-14.60822;-17.86119;-2.032197;-4.155794;3.982257;10.37856;5.919778;0.4552599;-6.942902
104.2582;0.7875404;0.01013025;0.0066606;0.02980964;13.5916;0.2858323;0.9494572;0.0143053;0.1143865;0.1251119;0.2635738;0.4573936;0.5051705;1.017392;1.336102;0.9166877;0.9682196;1.286431;1.619533;1.852363;1.587264;1.143257;0.861742;0.9798276;1.130948;1.025782;1.325308;1.379357;0.9922941;1.149399;0.8971894;0.5937865;0.4427358;0.4206356;0.4083824;0.0177574;5.058756E-4;157.9102;373.2422;516.7969;588.5742;0.05464967;376.7404;3.594437;85226.7;7.831375;176.1355;-0.00445548;0.3958615;0.008950061;37.33854;14.85557;-2.19741;-13.22911;3.224318;-5.447113;1.122236;1.93494;11.47259;15.72189;2.181855;-7.823994;-12.1489;7.699946
97.33546;0.7225161;0.0;0.0;0.0;-31.0631;0.1530347;0.5820153;0.005052356;0.04812295;0.08693407;0.1303185;0.2117574;0.2083696;0.2394482;0.3574369;0.4225816;0.5534814;0.5341319;0.581234;0.5725428;0.5811751;0.6009987;0.6553378;0.6221777;0.7288378;1.077576;0.97403;0.912457;0.8506801;0.7814541;0.6954961;0.7400926;0.6659493;0.6808932;0.6670038;0.001689151;1.278311E-4;272.7539;401.9531;516.7969;760.8398;0.03428344;485.6429;3.841383;253027.5;8.242688;116.6572;-3.055898E-4;0.4861898;7.838001E-4;27.41155;3.840797;0.1624609;-9.767658;-14.13385;-1.879935;-6.831707;-2.822718;2.395875;5.365651;7.02521;7.369868;1.403714;0.2263015
258.9769;0.7920976;0.06036971;0.04049321;0.2113105;4.848815;0.7457892;0.8056879;0.04961943;0.05517763;0.116104;0.5968148;0.8038107;0.6579475;1.770218;1.607366;0.9324012;0.6494833;0.5976972;0.8659111;1.174202;0.9100249;0.6900072;0.6690006;0.5910813;0.7374832;0.7090446;0.8367684;1.176525;1.177721;1.249022;0.7160773;0.5273912;0.4830445;0.3982547;0.3044831;0.3445508;0.0244637;258.3984;488.0859;545.5078;645.9961;0.7130473;487.287;3.281724;140834.0;5.858902;75.43722;-0.05659382;0.4951903;0.1962463;32.7918;-0.4005951;0.03246089;-32.49813;-3.313195;-9.411101;-42.01221;-15.70343;3.837731;0.6573874;2.538478;-30.35328;-28.06106;-15.59358
0.0;0.6615341;0.0;0.0;0.0;-100.0;0.9553204;1.040951;0.0331142;0.2829428;0.1239332;0.1986877;0.1853082;0.2382277;0.2638111;0.4519661;0.4107408;0.4419704;0.4360586;0.6889555;0.5230649;0.5091342;0.5935943;0.5748141;0.6511586;0.960252;0.8744913;0.8858673;1.312139;1.591843;1.822974;1.883352;2.44683;3.5775;3.047973;2.370092;0.03862413;0.02045308;617.2852;4794.727;5598.633;6732.715;0.2508813;3763.84;6.080735;7252462.0;0.01273276;1.85996;-0.008749583;2.581786;0.06669393;-2.279383;15.63061;-2.122586;-9.865844;-3.131637;-14.28445;19.94278;8.921472;9.113923;-9.521495;11.91034;-2.713528;-4.827424;-6.579936
96.03138;0.8188448;0.02789974;0.01240367;0.287863;11.552;0.9142094;1.208063;0.08462957;0.03451751;0.1643267;0.3671611;0.5434908;1.024287;2.080171;2.609624;2.150026;1.92728;2.430923;3.008942;2.002014;1.218104;0.8723614;0.6918047;1.162108;1.381392;1.198221;1.401247;0.9435876;0.8207872;1.001961;0.8146076;0.4939535;0.4396629;0.3804249;0.2811555;0.8525352;0.02207242;200.9766;416.3086;516.7969;574.2188;0.3159967;389.1164;3.760799;75584.85;10.42776;272.1531;-0.1725544;0.4126009;0.2811448;38.82981;18.29925;3.73284;-22.2656;-13.85158;4.042281;11.95827;-17.7497;-6.28529;31.02144;7.382332;-0.8078523;-6.151415;-6.844391
93.55356;0.7468583;0.09370894;0.0;0.4020383;6.781106;0.2120826;1.294827;0.01284383;0.04106828;0.1394355;0.521759;1.011448;1.184009;1.365423;1.317246;1.14468;1.475906;1.32041;1.293915;1.407167;1.896084;1.802886;1.600879;1.279827;1.441463;1.81493;1.862382;1.882403;1.620222;1.450391;1.334555;1.139844;0.9334166;0.7705691;0.654244;0.01295711;1.067421E-4;157.9102;200.9766;244.043;315.8203;0.0907172;236.2799;2.799631;136546.7;18.62383;403.7175;-0.005042967;0.2485189;0.006081704;24.11318;32.51983;22.43445;16.78006;-5.792133;-20.86724;-17.97896;-1.218852;8.497265;-4.841247;-13.71947;-5.595222;2.751061;-2.186287
105.9901;0.7658574;0.1148238;0.0;0.150965;10.87443;0.9483122;1.532052;0.07317676;0.03703704;0.2558597;0.5275456;1.030056;1.154671;1.425098;1.486889;0.9930472;1.124855;1.369874;1.385023;1.732635;3.069224;2.901291;2.39375;2.279639;2.611665;2.154994;1.705489;1.470905;1.853169;1.978593;1.491621;1.201599;0.8374413;0.8150513;0.5833547;0.5701348;0.02514079;172.2656;358.8867;502.4414;545.5078;0.3723884;387.6267;3.593435;205915.6;11.06077;200.4839;-0.1228967;0.3968161;0.2396746;30.76019;6.554307;11.85828;1.798521;-4.170076;-21.59397;-10.2507;16.95441;3.862681;19.10859;2.097728;-3.76514;9.261195;-4.634214
0.0;0.6723702;0.0;0.0;0.0;-100.0;0.5704173;0.8151827;0.03376216;0.04257999;0.1817585;0.3326178;0.4660963;0.5597893;0.5298354;0.5990803;0.7163579;0.8099299;0.8291112;0.8473085;0.8402125;0.8626625;0.8349249;1.121649;1.238597;1.411267;1.19257;0.974083;1.000359;0.948108;0.8927331;0.895941;0.9562803;0.8192318;0.7249671;0.6092762;0.1276606;0.01064457;200.9766;301.4648;430.6641;531.1523;0.2865504;406.9539;3.61048;399525.9;8.918433;105.6481;-0.02580574;0.4024839;0.04107558;26.61239;9.67076;10.8864;11.10956;-16.99358;-21.11279;-22.54461;11.05176;-6.38716;-0.8178437;-1.103281;-13.48547;-3.06304;6.813214
214.0824;0.8066585;0.0;0.0;0.501065;0.3708481;2.066609;0.9883412;0.1308864;0.1678005;0.1292162;0.2720484;0.4195279;0.5544473;0.6697289;0.7658961;0.8470283;0.9178292;0.9822495;1.043099;1.102099;1.16007;1.217131;1.272837;1.326212;1.375581;1.418056;1.448481;1.457878;1.432704;1.358746;1.23234;1.069155;0.8959276;0.7342484;0.5943311;0.4175211;0.6269879;1937.988;5426.367;6560.449;8254.395;0.5689926;4742.865;6.133627;1.0131248E7;0.6178999;4.162062;-0.08846388;3.475605;0.7703333;0.7763217;-1.788607;4.593554;6.457619;-7.065365;9.318371;-13.04572;-2.17021;12.91415;8.290107;-19.10278;-13.39949;-2.098984;-5.641933
138.1198;0.844961;0.02332672;0.02747571;0.1331974;15.14727;1.614375;1.066002;0.1575552;0.04081633;0.1157897;0.2526193;0.4089338;0.5689051;0.6899651;0.8285363;0.9184771;0.9091117;0.9246815;1.074057;1.515995;1.52861;1.477716;1.413145;1.630302;1.670182;1.353941;1.385117;1.464078;1.582642;1.40554;1.260029;1.115441;0.9088678;0.7520044;0.5613725;3.399051;0.3035304;401.9531;502.4414;559.8633;760.8398;0.559347;535.0632;3.677743;75340.95;4.404954;66.42938;-0.5376212;0.5532323;1.617723;42.37519;-4.473103;-6.335318;-25.91934;3.319586;-12.52547;-20.08413;1.981914;-5.065372;15.4978;18.97135;-19.73811;-2.465499;3.6096
339.2533;0.9100227;0.006799951;0.005753856;0.05754687;16.16427;1.214079;1.852049;0.06348772;0.1214412;0.126456;0.221189;0.7139713;0.6957247;0.3717155;0.6301683;0.80285;0.9012096;2.112298;2.124101;4.05913;3.663752;4.599992;2.625863;2.766052;2.357309;1.941971;1.724048;3.143617;2.819902;2.14974;1.636445;1.397005;1.616335;1.695084;1.257331;0.00885177;0.6310183;1220.215;1335.059;1622.168;1650.879;0.3486346;1420.096;3.391546;297287.9;6.567375;69.19583;-0.07191956;1.169802;0.3983657;4.130046;-38.03305;-36.35336;7.658276;-0.2819661;-8.156184;-42.1755;5.079062;-18.99846;-12.2385;-2.255812;-10.13842;0.6276568;6.888329
130.406;0.7799994;0.05414168;0.03631053;0.4431457;6.003195;0.4621127;1.010261;0.01948462;0.05971278;0.1168354;0.2521527;0.4017266;0.5286493;0.7242355;0.7027264;0.8618111;1.044431;0.9748443;0.947024;1.175419;1.54195;1.455336;1.569052;1.497169;1.170158;1.289309;1.318109;1.37768;1.364918;1.297173;1.071112;0.9898906;0.8174791;0.9339998;0.8435872;0.04455538;0.009298652;200.9766;459.375;531.1523;1406.836;0.1259278;575.0332;3.773999;572432.7;6.315311;58.38861;-0.009399609;0.545688;0.02437519;25.37393;10.40851;-6.488463;15.42551;-5.427146;-17.37715;-24.47149;13.03151;15.38841;40.38052;-11.25882;-11.65918;8.110216;0.7635166
93.30328;0.8023205;0.02077992;0.02199635;0.2458866;9.912162;0.6067784;1.186575;0.04585404;0.04862686;0.1546467;0.3065349;0.4527104;0.7727221;1.267595;1.361425;1.277365;1.325803;1.079795;1.368794;1.394078;1.641238;1.674581;1.31118;1.646317;2.0313;1.18268;1.271201;1.305443;1.624584;1.170104;0.9755948;1.399152;1.151138;1.071436;0.6335364;0.1796082;0.006328209;215.332;330.1758;430.6641;502.4414;0.2741736;373.7061;3.697042;272499.7;10.41753;141.095;-0.0354436;0.379832;0.05768822;25.72251;18.76937;5.960684;15.01733;-17.31207;-21.19029;-13.33353;0.8902645;19.19736;-0.5597116;5.447402;-29.23008;6.351176;14.05714
125.3113;0.7630286;0.02526587;0.01461459;0.1416847;8.873397;0.812699;4.052011;0.03588713;0.07432603;0.2718362;0.6154683;1.174513;1.655864;2.327557;3.229919;3.901201;4.186354;4.508586;3.641838;3.795785;4.114079;5.788062;8.881419;7.508987;7.19836;5.513381;6.959931;7.416893;5.40883;4.146418;4.848794;3.82544;2.18812;1.332426;0.9122379;0.1395653;0.03697386;445.0195;559.8633;602.9297;2024.121;0.2814336;783.6788;4.070444;523406.3;2.84682;15.7404;-0.0274034;0.6934071;0.09703242;22.20639;-7.032297;16.11941;-8.836105;-29.01503;-35.34287;24.61519;-2.227841;5.752403;-3.470179;4.330369;4.265304;-17.21464;1.35473
142.8163;0.8193614;0.0155857;0.01240811;0.06797164;9.998558;1.476863;1.245919;0.129607;0.06626354;0.1420164;0.2566738;0.4253743;0.4760801;0.4645108;1.207875;1.802559;2.367135;2.228337;2.291781;3.023361;2.563412;0.6836689;0.741817;0.8516868;1.380432;2.396876;2.172252;1.244214;0.913928;0.9178188;0.7920796;0.7685416;1.028252;0.7840756;0.4691335;0.3591985;0.3269447;689.0625;746.4844;760.8398;1091.016;0.8901553;778.7132;3.119921;87039.65;7.393377;157.7983;-0.3461536;0.7631671;1.48951;32.22037;-11.15061;-19.38587;-29.70877;-2.63659;38.89671;-1.341366;-0.8929355;38.39055;-0.6747079;-14.38349;-28.42336;4.715091;-3.942991
132.1587;0.8223035;0.03821223;0.03319917;0.3030479;13.34662;0.5720798;0.6069731;0.0669155;0.04686319;0.1561394;0.3837825;0.6887087;0.8097989;0.4979964;0.4295981;0.4208174;0.4945334;0.47293;0.4579204;0.635105;0.7656491;0.799719;0.7756264;0.7671866;0.7605745;0.7590412;0.9541145;1.034644;0.7987833;0.7757704;0.608468;0.4604086;0.4042802;0.3616181;0.3080854;0.4005463;0.003664609;143.5547;244.043;287.1094;301.4648;0.2282327;240.9533;2.635633;62384.42;23.26553;774.798;-0.09780159;0.2585899;0.2889481;36.53806;22.35132;1.918551;7.807764;11.29978;3.094751;-7.264145;-2.679131;0.8693463;-10.07921;-19.79518;-22.24865;-2.672585;7.691018
226.7992;0.8574337;0.07617106;0.05861645;0.2180463;2.837119;1.402665;1.667294;0.2039034;0.03804485;0.2434692;1.037946;1.379569;1.584378;2.153036;2.404982;2.923401;2.355074;2.154406;2.605657;2.991747;2.501382;2.055856;1.812632;1.630995;1.60627;1.3171;1.155748;1.403141;1.195837;1.256617;1.361306;1.322096;1.020056;1.017459;0.8594835;4.561524;0.03469256;244.043;330.1758;416.3086;531.1523;1.439166;349.4526;3.005198;55533.53;11.42213;286.2609;-0.8585489;0.3740258;2.912028;35.48764;16.90213;-0.1271097;-9.547172;-22.15474;-6.370402;-8.846953;-13.47797;6.713971;-3.731769;-3.192493;-12.00187;-8.768901;-6.020402
0.0;0.5961538;0.0;0.0;0.0;-100.0;0.3012969;0.5472703;0.01250751;0.2068531;0.1272371;0.1657439;0.2067587;0.3156677;0.3778192;0.3490626;0.4082692;0.4801639;0.5209948;0.4884194;0.5384074;0.7422915;0.6158091;0.6210189;0.6867809;0.6486307;0.7732189;0.8023707;0.9696696;1.002584;0.8308754;0.679754;0.5257084;0.4917345;0.465445;0.394593;0.001113617;0.001441564;43.06641;57.42188;559.8633;1105.371;0.08336789;613.756;3.025971;2560229.0;4.145695;21.67062;-0.002472094;0.4630588;0.001163066;9.093258;6.0557;8.787925;16.87603;-0.9857998;6.549322;3.500459;13.82398;17.93099;10.03881;-1.50455;3.182493;11.68056;3.812425
146.1661;0.7701993;0.3542356;0.0;0.8741528;4.756601;0.9084619;1.285935;0.04680735;0.06953893;0.1339739;0.1569573;0.260162;0.4526846;0.3825537;0.492016;1.130034;1.17899;1.161659;1.808623;2.12633;2.804209;2.447365;1.869651;1.252001;1.55245;1.722129;1.769685;1.962581;1.426137;1.56691;1.785889;1.565016;0.9854211;0.7891428;0.6517369;0.2681039;0.03662404;459.375;531.1523;703.418;760.8398;0.3780795;683.7858;3.806885;347455.0;4.992396;40.23172;-0.05740469;0.6501163;0.09032359;20.81096;-11.62243;9.100899;-28.18527;-29.81006;-25.10345;-10.765;17.6602;4.186448;4.632075;-36.05255;-10.64303;8.123375;-1.148717
62.27765;0.7326115;0.08576868;0.04330444;0.6093838;4.669496;0.2625281;1.098657;0.01993872;0.03275384;0.1166315;0.2954187;0.380411;0.5669603;0.6405204;0.4290452;0.4816104;0.7328901;0.998484;1.59526;1.456929;0.8826074;0.8759009;1.15195;1.286163;1.455591;2.132666;2.149876;2.119168;1.892073;1.897133;1.541506;1.230823;0.9343231;0.7415242;0.5796152;0.05043665;3.430777E-4;186.6211;244.043;358.8867;416.3086;0.1551958;283.4435;3.144272;88184.15;18.08263;704.6661;-0.01031632;0.3024172;0.01702721;36.31194;21.89652;10.47278;1.122497;0.5313949;-3.46631;-12.2024;-24.23672;-6.541071;-2.656191;14.90287;-0.08530593;-0.0808365;-1.878993
