normalizeInput
Infinity;0.0;0.0;0.0;0.0;0.0;-100.0;0.04025327;0.0958029;3.995282E-4;0.002771479;0.01724346;0.01241297;0.01381118;0.02869348;0.02841226;0.02146699;0.03047282;0.04005529;0.04743753;0.03613685;0.04914695;0.07618792;0.07428113;0.06901136;0.08587926;0.1050197;0.1057608;0.1292238;0.1642371;0.1150425;0.1470356;0.1429559;0.09871451;0.08602386;0.09493292;0.08405855;1.721807E-6;1.284539E-6;43.06641;43.06641;43.06641;57.42188;8.274766E-4;62.43022;0.6428832;2331.836;-4.958148;1.077751;-6.48191;0.05741347;3.326225E-6;-38.95215;-61.98112;-58.81648;-81.4014;-89.48617;-82.57594;-64.31179;-76.43185;-72.62421;-63.18184;-64.91129;-61.9453;-51.49325;-57.98985
1.0;616.4218;0.9427915;1.0;1.0;1.0;133.57207;4.763084;11.251677;0.53182465;0.7999495;1.5230474;4.872265;13.350819;20.839445;23.843618;22.580004;21.068996;30.697023;25.036263;24.625633;20.560913;20.714184;21.665499;21.888058;31.981203;22.25936;20.542109;24.326027;20.009123;22.572878;20.864374;18.344374;14.770895;12.945286;10.174658;8.250806;46.82788;26.195957;10450.783;10565.624;10838.384;10924.508;4.7053857;10282.819;6.5202665;2.2454382E7;91.76769;13989.162;6.7733946;7.6125603;26.397627;95.83652;121.84958;124.05209;133.64075;134.34927;141.60297;117.617096;141.46152;137.40266;132.12378;132.81506;132.71155;113.96886;109.770035
codebookNumeric
64;65;10;0.0;0.0
0.22630411;0.86632925;0.2127746;0.0;0.5710453;0.7961433;0.11095266;0.078038186;0.045790456;0.07622049;0.09591431;0.06739413;0.03807632;0.03012228;0.036313895;0.03426895;0.03943291;0.033060394;0.04088012;0.041037813;0.04837757;0.044294942;0.05108966;0.062277142;0.038906753;0.055814244;0.06311597;0.054464556;0.07537501;0.04754682;0.049739253;0.041537914;0.052797966;0.05050388;0.052360356;0.054407675;0.0020415983;2.627984E-4;0.023351647;0.03668479;0.039735083;0.053876497;0.03304482;0.0500277;0.45742807;0.025810814;0.10048536;0.0017111159;0.9548096;0.06101304;0.0021279517;0.5956411;0.57344574;0.6929312;0.50617;0.45563972;0.45910984;0.42912206;0.6001443;0.53768456;0.35701346;0.59842575;0.41792175;0.5225718;0.45672798
0.19636601;0.74304444;0.0294114;0.04163139;0.1165793;0.55680084;0.06683945;0.05040737;0.097488865;0.13984248;0.12859668;0.0832345;0.045472;0.03419534;0.029710848;0.034434326;0.030078327;0.018794496;0.026433432;0.03415241;0.0474335;0.032104634;0.02010564;0.025011495;0.027605688;0.064799726;0.052656725;0.025000444;0.01972181;0.023288222;0.015929958;0.018606948;0.023786454;0.024067821;0.022303974;0.010999828;0.0022194295;1.5066919E-5;0.0054945056;0.008152173;0.011920522;0.01839685;0.07973752;0.0088848965;0.23780742;9.993272E-4;0.35536066;0.09245973;0.94658995;0.01398991;0.0050475895;0.74050677;0.79337186;0.69003755;0.64999914;0.64328736;0.59811354;0.55394197;0.48622847;0.5864374;0.5855528;0.55183846;0.40582615;0.49402347;0.5306567
0.0;0.6993181;0.0;0.0;0.0;0.0;0.06576452;0.046116844;0.017794024;0.11370078;0.025905924;0.019269217;0.0069089863;0.0070503806;0.007912672;0.009560163;0.010686683;0.009673828;0.01907668;0.018172238;0.02494923;0.026968569;0.028559778;0.037935343;0.023643617;0.035517234;0.04489423;0.048210304;0.053971622;0.04486497;0.04502217;0.056110177;0.03876424;0.02962247;0.031999473;0.042267986;1.3587983E-4;9.525105E-5;0.010989013;0.031250004;0.059602622;0.103810824;0.02298847;0.05753764;0.5718505;0.047372628;0.10755582;0.0023921623;0.9566629;0.06632206;1.4415337E-4;0.5848545;0.5375318;0.5278829;0.62097883;0.7043766;0.53134644;0.45868647;0.53584015;0.5681655;0.5280633;0.50894994;0.46385923;0.50036424;0.5143592
0.22618943;0.7918039;0.0;0.0;0.0;0.5335075;0.256649;0.09771549;0.11953512;0.11590552;0.03513353;0.036419395;0.026991291;0.022727847;0.023217948;0.029545793;0.041914534;0.02294619;0.024158098;0.034437016;0.043696795;0.04435227;0.060999792;0.12154287;0.063929416;0.09385981;0.09542031;0.066496894;0.07718654;0.09220493;0.09597769;0.07516169;0.0818841;0.076221034;0.0648288;0.05741379;0.01098809;0.0054411036;0.026098896;0.03668479;0.09536418;0.18002634;0.096651524;0.074415386;0.5320885;0.05322191;0.09647087;0.0016394698;0.94425666;0.08248618;0.008590067;0.53763765;0.5248846;0.58458793;0.571248;0.44559017;0.33551714;0.55094755;0.48500538;0.41748208;0.4137686;0.4923651;0.4292245;0.39993235;0.48474646
0.0;0.0;0.0;0.0;0.0;0.0;0.20419726;0.15328348;0.13405569;0.70519704;0.0154927205;0.010589859;0.007385317;0.006049073;0.0056053386;0.00865445;0.018032093;0.0145469885;0.021832522;0.028338509;0.034545887;0.035618108;0.045646023;0.058107883;0.045553815;0.058794204;0.093641765;0.07981151;0.12510483;0.14355563;0.25925854;0.35816187;0.35012737;0.2533924;0.3074175;0.3741286;4.2138447E-5;6.4447714E-4;0.5151098;0.6263588;0.7788076;0.9014458;0.13284801;0.6737036;0.9281022;0.16013713;0.05629055;1.0296386E-4;0.9616925;0.63914824;0.0103112515;0.076916486;0.75907123;0.55901855;0.66682047;0.59559375;0.33657885;0.44752854;0.5455309;0.56396323;0.49280068;0.40566012;0.43346086;0.40568018;0.51757485
0.48225534;0.83825946;0.0104232;0.01246399;0.08435967;0.8566031;0.0925129;0.0895736;0.057516817;0.2582677;0.0838915;0.0466361;0.061193228;0.057798445;0.019061618;0.026225448;0.037250537;0.017937643;0.023770165;0.019320557;0.027929101;0.031643208;0.029840363;0.044522803;0.059922665;0.07856831;0.06169153;0.0890034;0.08298654;0.05330067;0.10056181;0.11992592;0.096975334;0.08129386;0.07304868;0.075595714;0.0034629428;8.934953E-5;0.024725268;0.024456521;0.026490057;0.034165587;0.026463576;0.037106954;0.22807854;0.027898185;0.14698145;0.006595789;0.95375353;0.04942113;0.0035698086;0.5287326;0.6126098;0.5427257;0.4728952;0.34379914;0.35074437;0.52452505;0.3031512;0.35817474;0.4149907;0.26302606;0.43153048;0.34052303;0.52075475
0.0;0.67302084;0.0;0.0;0.0;0.25739044;0.36366326;0.27631244;0.141397;0.26015744;0.03247638;0.027934039;0.013849586;0.012304917;0.01265975;0.01882563;0.02797088;0.019862058;0.027835917;0.033102512;0.05346451;0.058301404;0.056022845;0.08229801;0.0886308;0.1526465;0.39129442;0.4562145;0.46808758;0.28942657;0.24256574;0.39868742;0.5127244;0.37179613;0.3360212;0.31345344;6.061058E-4;0.029969698;0.2733516;0.29891312;0.36026475;0.49277288;0.17350963;0.33785412;0.76834244;0.077824146;0.06549509;3.614776E-4;0.949223;0.27610782;0.014133436;0.21638504;0.52559006;0.6637;0.46643347;0.4539278;0.51820594;0.5034615;0.49561286;0.65585226;0.42805648;0.52452415;0.43683168;0.38091013;0.51950157
0.30531657;0.90625393;0.0649948;0.1143173;0.04972425;0.83466387;0.118838795;0.14459793;0.056167804;0.078425206;0.14677891;0.10961687;0.052365247;0.04680607;0.043360062;0.03772309;0.064245924;0.07697602;0.107008725;0.124156;0.12738131;0.1347638;0.15709502;0.12838943;0.05145719;0.10126051;0.12157764;0.080022946;0.10405194;0.06275481;0.061636038;0.06590555;0.07694777;0.06279349;0.067175835;0.06338377;4.8401122E-4;0.001039388;0.041208785;0.069293484;0.071523145;0.093298316;0.043531444;0.06326563;0.45939687;0.006201781;0.06734073;0.0011604462;0.95393676;0.08284155;0.0031127266;0.91083914;0.32476273;0.38932803;0.60375464;0.67746735;0.6263478;0.54882234;0.55785215;0.47907692;0.26981282;0.28967267;0.55018157;0.5196768;0.4097322
0.7904576;0.9914229;0.005982552;0.003686512;0.0272285;0.8432502;0.7101065;0.11726733;0.49377283;0.14740157;0.057927046;0.064782485;0.03884613;0.020330518;0.027271245;0.034340277;0.042531308;0.03303505;0.059077486;0.062764406;0.063218005;0.08413023;0.049586296;0.0847144;0.05385219;0.077773005;0.08891279;0.099210866;0.14510876;0.094921865;0.07746618;0.09465644;0.11378488;0.11285601;0.11233175;0.10163115;0.014475157;0.2561683;0.08653844;0.089673914;0.14172183;0.1865966;0.13724451;0.11827406;0.40081167;0.021047426;0.0844883;0.0011280903;0.7622874;0.13117866;0.24100162;0.46365213;0.22973539;0.3988776;0.49672917;0.6620288;0.66746455;0.46360245;0.48355561;0.53276414;0.45151258;0.7173314;0.7159835;0.49559048;0.48722476
0.30289665;0.906224;0.004909484;0.003724788;0.05368983;0.8830732;0.15999201;0.10138935;0.12911214;0.08787401;0.10377;0.09235804;0.04909888;0.054611314;0.0496919;0.07024295;0.058228076;0.032676775;0.050774287;0.040008035;0.04601459;0.039717823;0.042472735;0.055502627;0.06255567;0.098065905;0.10485716;0.06361976;0.05788839;0.058571957;0.07029372;0.07294689;0.07731864;0.07476568;0.07052229;0.08332725;0.015521716;2.41289E-4;0.028846154;0.032608703;0.046357594;0.045992132;0.029777968;0.04182362;0.3622076;0.023939224;0.17078492;0.009074636;0.94084734;0.058669712;0.016648855;0.7027243;0.6731735;0.49827635;0.56969917;0.26737717;0.5199406;0.5996889;0.4431024;0.45747313;0.61280435;0.4478998;0.4524938;0.43900865;0.4121287
0.0;0.6262653;0.0;0.0;0.0;0.0;0.40499744;0.15073355;0.19256623;0.38236228;0.054232538;0.0379901;0.021387964;0.018472942;0.019333951;0.026190002;0.029512724;0.016618073;0.025559263;0.035203744;0.0423572;0.0473198;0.044598415;0.04288465;0.027930472;0.06287487;0.07412497;0.079535484;0.09105721;0.14904606;0.21328071;0.32803884;0.38783708;0.32774967;0.2870927;0.24254097;0.003107872;0.0069247107;0.31593397;0.44565222;0.48079452;0.5151119;0.21497911;0.4170561;0.79325783;0.111130744;0.046167437;3.098044E-4;0.95010614;0.36229867;0.02180073;0.2413515;0.61432254;0.47407895;0.38326856;0.5754931;0.3586502;0.5317135;0.39100638;0.43140274;0.47159147;0.42252034;0.4708598;0.46373877;0.5667237
0.3389721;0.8658119;0.01106989;0.01495212;0.05612664;0.8483381;0.29477113;0.09389854;0.20271733;0.07433072;0.08375526;0.060815684;0.033984564;0.025092954;0.027372701;0.031993993;0.032775007;0.025891086;0.050537515;0.054447014;0.06435458;0.06698246;0.06365124;0.08693812;0.05529257;0.08272957;0.09521945;0.052915063;0.07414097;0.06583137;0.060617078;0.06315343;0.06846711;0.0516358;0.06152112;0.0782389;0.020622231;0.008559795;0.01648351;0.024456521;0.0476821;0.07490147;0.113604814;0.04079874;0.4183567;0.013494393;0.13080396;0.0062152357;0.916698;0.053711805;0.03181855;0.75353384;0.39834124;0.44245502;0.66592073;0.47872752;0.51110077;0.40035182;0.478643;0.3858528;0.50871974;0.28571987;0.36087403;0.23890185;0.35192278
0.15559614;0.83708906;0.04199806;0.02597528;0.07119989;0.85480255;0.105133936;0.08090235;0.10830823;0.03244095;0.13436544;0.09528025;0.076976165;0.07465005;0.07140849;0.06196248;0.07509262;0.0606588;0.05848079;0.036163367;0.033970054;0.033548597;0.031679995;0.033437666;0.021705538;0.038352825;0.048309654;0.041987218;0.048818924;0.043632694;0.040861398;0.041233733;0.057562705;0.04377499;0.039489307;0.041105375;0.0123565905;1.0289674E-5;0.024725268;0.029891305;0.03443707;0.035479642;0.039063435;0.028044553;0.39875638;7.921427E-4;0.17211372;0.037374392;0.9439131;0.042858582;0.0039580404;0.8755969;0.7864212;0.4694606;0.4814387;0.46170056;0.525351;0.61555445;0.44108388;0.52172536;0.36309317;0.48401242;0.52408445;0.61358356;0.6074254
0.6225487;0.9477236;0.08069429;0.09438864;0.3096857;0.81478494;0.5386713;0.1519595;0.5959095;0.057637803;0.114374004;0.05307768;0.041806333;0.10149917;0.060027752;0.052263014;0.051146865;0.03999993;0.05268316;0.048047867;0.07581526;0.108914025;0.1438679;0.14303286;0.094612345;0.14491796;0.1445566;0.078517474;0.1288946;0.10211722;0.0986198;0.09413966;0.10512163;0.09873974;0.106557205;0.08959726;0.337595;0.04370032;0.03296703;0.03396739;0.039735083;0.051248383;0.46550456;0.045763645;0.2896208;0.009782592;0.113328904;0.0035218135;0.63277465;0.061894227;0.37095734;0.58486503;0.41419858;0.48878774;0.5144158;0.38395777;0.21595249;0.43447655;0.62384105;0.47096166;0.48677257;0.6259163;0.5476366;0.687851;0.67130214
0.118566364;0.7516797;0.01521194;0.0;0.1536775;0.79510576;0.022779072;0.026427198;0.011817997;0.04094488;0.060112927;0.02257891;0.0054189735;0.0041712443;0.008436709;0.008848271;0.007691215;0.005729621;0.009404065;0.010462092;0.020638702;0.019518126;0.017539654;0.016196687;0.009864796;0.016517831;0.02222894;0.015715396;0.024994506;0.02459604;0.01838569;0.0232834;0.020845542;0.031535987;0.064259656;0.0489954;1.1145743E-5;2.1316253E-6;0.008241755;0.009510872;0.011920522;0.014454667;0.004837026;0.015167452;0.27357438;0.01596473;0.1827084;0.011602836;0.9568274;0.019985816;5.331543E-5;0.6129432;0.6788155;0.6104606;0.66176087;0.7017663;0.61437845;0.61710125;0.5779519;0.5525536;0.4499114;0.47566792;0.49046972;0.42673326;0.4863389
0.37337697;0.7775063;0.2116808;0.1809819;0.2760018;0.80972695;0.34868538;0.08856263;0.30358818;0.12188984;0.07228786;0.04847309;0.028908769;0.025236003;0.024681007;0.027801445;0.035271857;0.07413676;0.074967675;0.069735065;0.07058495;0.03972513;0.044619367;0.028388947;0.023322182;0.032351762;0.04224967;0.03789366;0.09496427;0.095665716;0.069268234;0.054917116;0.075075045;0.09048824;0.08309914;0.07903843;0.0032005114;0.06631885;0.09340654;0.096467435;0.10596023;0.10643894;0.37338758;0.09978109;0.32079634;0.007966069;0.17607883;0.01425494;0.8942087;0.12126114;0.069794364;0.56082714;0.32623494;0.2186944;0.5061231;0.70669603;0.7349903;0.37184867;0.37043852;0.6192001;0.4587348;0.5909957;0.57974565;0.6278546;0.67209685
0.5165565;0.9438875;0.003320787;0.00319589;0.1519187;0.8191855;0.33885604;0.12969783;0.16439454;0.1562205;0.053906232;0.044409722;0.04380449;0.035822287;0.017907677;0.034368273;0.063908175;0.0314101;0.048421983;0.054020707;0.11699325;0.12391607;0.16711333;0.16134979;0.06290616;0.11626445;0.0901961;0.08711945;0.116998434;0.08318016;0.05742211;0.08146351;0.07514335;0.057255223;0.074454;0.0760137;0.006707279;0.029177658;0.065934055;0.10461962;0.16158937;0.21156378;0.102217704;0.1233889;0.48412776;0.030530477;0.0693104;7.737782E-4;0.935744;0.12831603;0.026717255;0.5361288;0.29722852;0.517064;0.5977573;0.34916994;0.3084112;0.38500378;0.5560224;0.46411285;0.36575678;0.19456463;0.32058796;0.3001928;0.41602665
0.41851243;0.9606998;0.001881813;0.002832317;0.02161535;0.9118661;0.48571262;0.08953725;0.47867557;0.08850394;0.081648305;0.04770259;0.023173952;0.01693167;0.055931266;0.056922488;0.0695795;0.06129336;0.046397798;0.05215367;0.06696662;0.05258542;0.047805913;0.044337813;0.03413298;0.047977045;0.050328095;0.05964641;0.07871199;0.04883691;0.065761305;0.05239618;0.058815584;0.06801789;0.080510035;0.07922433;0.11938429;0.032991167;0.04532966;0.054347835;0.06754964;0.069645226;0.09667803;0.060677692;0.35178494;0.0033675449;0.13235508;0.010590818;0.7524126;0.083088554;0.26188588;0.7529592;0.36207604;0.31021485;0.40646493;0.4710794;0.5910773;0.4894858;0.5439046;0.48964372;0.6485107;0.35038474;0.38520643;0.38650718;0.5465629
0.0;0.0;0.0;0.0;0.0;0.0;0.035944346;0.20593774;0.0053590517;0.3795276;0.058900226;0.037791774;0.017956592;0.010962193;0.016892573;0.020396343;0.022194473;0.020597031;0.035197776;0.06470478;0.08158997;0.10189584;0.14983845;0.16938257;0.12726378;0.16856313;0.13575453;0.14868525;0.20531166;0.16982573;0.22024529;0.34919095;0.41631037;0.26658154;0.14479917;0.08087413;6.481242E-7;2.2482303E-5;0.22252741;0.42391312;0.46754947;0.49145877;0.007808083;0.3596532;0.7993837;0.15455006;0.047019742;1.0976705E-4;0.95695376;0.31248283;2.7062393E-5;0.32330188;0.5188073;0.6653171;0.6676763;0.78242123;0.42579004;0.7564711;0.4338625;0.64481914;0.4398983;0.53818107;0.46486685;0.3479851;0.5494113
0.0;0.7043451;0.0;0.0;0.0;0.0;0.16992497;0.05834831;0.071401656;0.14803149;0.057466783;0.0381467;0.02377282;0.018261265;0.016230436;0.022987058;0.026404746;0.019995498;0.03671225;0.04166566;0.07770419;0.06460901;0.045636006;0.03666762;0.027825221;0.03475261;0.039882988;0.040385973;0.042217985;0.03571145;0.033576787;0.030786807;0.032592602;0.03201001;0.03538211;0.036302727;0.004693688;0.0018365141;0.0315934;0.03804348;0.05430461;0.120893605;0.08362018;0.055266853;0.5507172;0.013487847;0.10959859;0.0037127463;0.9514074;0.071849264;0.0031342446;0.67782676;0.4703863;0.40545425;0.601541;0.63008577;0.3655773;0.44464207;0.47593138;0.5863977;0.55380225;0.4201167;0.3951347;0.47750756;0.5275926
0.15504028;0.79223156;0.02869927;0.03616247;0.2955559;0.8040388;0.42731786;0.17927945;0.31554642;0.06866142;0.06816836;0.054885138;0.034233626;0.03610544;0.05837498;0.0902793;0.08825442;0.059828594;0.08364246;0.08388917;0.13353239;0.17285311;0.14102457;0.13297893;0.07878029;0.12011986;0.123581775;0.0905762;0.15556274;0.14000946;0.14775394;0.13110325;0.14239383;0.14648423;0.11509891;0.122217335;0.08937664;0.020173864;0.03708791;0.042119566;0.049006607;0.08015772;0.20053607;0.050241802;0.52337515;0.011029057;0.14674038;0.00838829;0.8545965;0.068759866;0.04669858;0.7172744;0.48768738;0.40778556;0.4995922;0.6413084;0.5074945;0.50914645;0.50453943;0.5116252;0.6373235;0.5441211;0.5184272;0.43351305;0.5444221
0.2691647;0.92929983;0.0098222;0.002593932;0.1400927;0.8505988;0.33163822;0.11936907;0.22476238;0.08314961;0.12064675;0.09760757;0.029380515;0.036418226;0.046262223;0.04934534;0.07165145;0.05387831;0.055044938;0.05635275;0.053108927;0.063948065;0.06236219;0.097702526;0.06984336;0.09177395;0.07887487;0.10051391;0.1304632;0.06829916;0.06883213;0.077991605;0.14385265;0.09320692;0.06651534;0.033381216;0.009110047;0.012635356;0.057692297;0.06114131;0.06357613;0.13403425;0.11560747;0.07236445;0.3922043;0.009285144;0.088338815;0.0014535437;0.911046;0.09242217;0.052790303;0.7343085;0.32667345;0.39936435;0.5230652;0.4331241;0.4211639;0.8775576;0.5206846;0.63736546;0.24830942;0.5445142;0.49805987;0.20945022;0.571857
0.20861915;0.8340912;0.02969377;0.02115008;0.2631773;0.82538295;0.29251146;0.055076048;0.23247883;0.070866145;0.10348446;0.05125941;0.044341665;0.02684839;0.023393566;0.028798439;0.028843055;0.023221454;0.028678715;0.031034911;0.045997962;0.04480037;0.027057419;0.0255829;0.024827538;0.025653372;0.030139312;0.03300969;0.047412522;0.027646752;0.028712355;0.0575697;0.07029713;0.042952877;0.028492907;0.025497334;0.04126361;0.0038474416;0.01510989;0.020380434;0.029139057;0.04467807;0.11841831;0.029355975;0.42869228;0.010526571;0.14570706;0.0071993554;0.9010427;0.04036745;0.042624313;0.7031537;0.5843294;0.56195766;0.62732977;0.6766894;0.3874628;0.600726;0.44117513;0.6000269;0.44337606;0.3803318;0.5425116;0.32768357;0.58140016
0.45593372;0.85888934;0.14577;0.2496216;0.143222;0.82170063;0.57359976;0.13075581;0.20353375;0.050393704;0.06431746;0.05002703;0.031442128;0.030872209;0.04487514;0.04134187;0.059994467;0.04297165;0.046426035;0.055052888;0.08697055;0.080771856;0.11558205;0.15259977;0.05190445;0.049053583;0.06878486;0.04877871;0.07752978;0.117431484;0.12971112;0.16757761;0.19033583;0.11114944;0.09606908;0.056016922;0.049246673;0.029541193;0.03846153;0.040760875;0.09139071;0.1681998;0.1951068;0.08424138;0.4679657;0.04513227;0.08445447;8.334301E-4;0.88395834;0.09538103;0.075101435;0.6137003;0.3852867;0.5907232;0.36958426;0.681401;0.14653799;0.6383032;0.59703654;0.54965144;0.51368064;0.3685497;0.6799223;0.30559596;0.5077184
0.20242454;0.8022637;0.5017739;0.5134872;0.4183964;0.81338966;0.095607385;0.041631155;0.053127047;0.034173235;0.053346716;0.02148874;0.02845123;0.029934615;0.0065484075;0.011065517;0.014440995;0.018319603;0.01818966;0.02814293;0.030304274;0.025283718;0.026034141;0.029921154;0.019408016;0.026326247;0.027776044;0.023809988;0.028965535;0.02699086;0.029522361;0.029221432;0.02598028;0.036296267;0.06235626;0.0732424;0.005740725;2.6792697E-5;0.019230768;0.020380434;0.023841046;0.022339033;0.060796168;0.021412306;0.21485348;0.0028176703;0.3380844;0.08423809;0.9509918;0.032427687;0.003034438;0.6947614;0.6550097;0.591095;0.5989534;0.6472227;0.5540188;0.6416683;0.48103216;0.29462025;0.22936149;0.3016417;0.3993513;0.3797702;0.5919511
0.2822522;0.7515895;0.0;0.0;0.0;0.5244951;0.027082441;0.036269877;0.0075915223;0.06834646;0.0886343;0.046977255;0.024802713;0.012310848;0.010143793;0.011888954;0.0156056555;0.010027087;0.009547278;0.01549998;0.024579396;0.033895455;0.038697448;0.04876804;0.024067767;0.028025039;0.027312467;0.024116097;0.023422286;0.016644103;0.015625495;0.016417094;0.028716087;0.034417026;0.027822135;0.024196614;3.1982832E-5;4.7640087E-6;0.01648351;0.027173918;0.0476821;0.060446795;0.0076193702;0.035921082;0.5097459;0.010642661;0.1282762;0.005610887;0.95690536;0.048590638;4.0186635E-5;0.70064056;0.54184824;0.52717525;0.5296364;0.6519821;0.5363026;0.56193423;0.5560571;0.51281494;0.48222816;0.4080924;0.4778731;0.43136746;0.49317634
0.45893914;0.80419225;0.1508752;0.09235242;0.2249396;0.7582281;0.17225313;0.11528799;0.062021382;0.111181125;0.057389177;0.028122883;0.016086439;0.020274144;0.034485098;0.038892902;0.03843703;0.026817977;0.055002477;0.050862577;0.06447666;0.07177763;0.093623914;0.11095788;0.07984258;0.1322229;0.12888974;0.07613928;0.077055946;0.09291206;0.07202216;0.064552985;0.061531376;0.08162997;0.087186575;0.12658612;0.0021789814;0.0033133605;0.050824173;0.096467435;0.13642381;0.18265447;0.06871794;0.10665294;0.5242718;0.02433345;0.08617489;0.0019455918;0.95361924;0.11622954;0.0030645595;0.5807386;0.28756893;0.38065675;0.5660229;0.44803834;0.58985007;0.5331526;0.6061998;0.5878248;0.70375395;0.51597273;0.40156403;0.5295603;0.40796953
0.6331441;0.83108205;0.1451576;0.1197273;0.3265142;0.73107713;0.5202207;0.065836154;0.5440213;0.073385835;0.08257841;0.081956305;0.07446711;0.038986567;0.022144265;0.028455965;0.036507826;0.02363979;0.026615396;0.032396838;0.028835917;0.046916842;0.05815605;0.046453718;0.03304681;0.036168206;0.041074604;0.035908256;0.047320407;0.042175815;0.032955628;0.03791046;0.055432502;0.0610115;0.055059914;0.062350743;0.24450302;0.021901807;0.026098896;0.031250004;0.04370859;0.06176086;0.50809044;0.03939488;0.39934254;0.00648386;0.13870949;0.009119864;0.6765475;0.055079095;0.17437774;0.7148028;0.45423916;0.44992682;0.5446742;0.5032166;0.4714632;0.38232267;0.43319002;0.44130766;0.24540366;0.32945746;0.43864578;0.53932863;0.6275262
0.0;0.6498765;0.0;0.0;0.0;0.0;0.10674867;0.049751148;0.030749012;0.21543312;0.055786535;0.024567677;0.01288387;0.013177881;0.012237988;0.013683938;0.013661556;0.0116232;0.013826852;0.0149371885;0.02226443;0.022687173;0.019133858;0.021668108;0.015806314;0.033639073;0.040955536;0.02916578;0.030854441;0.03540658;0.043982644;0.06327439;0.08667068;0.085134715;0.112138815;0.10798708;9.396015E-5;2.96851E-4;0.06730768;0.07201088;0.07947016;0.1668857;0.04081224;0.11028802;0.56756055;0.10455497;0.097988985;0.001389154;0.9561051;0.12689824;7.746902E-4;0.5193706;0.47297168;0.3060465;0.60885644;0.6213308;0.6209648;0.82359457;0.63937557;0.53976125;0.47435835;0.4579582;0.4880437;0.52944493;0.59867465
0.3009963;0.9017231;0.004538068;0.009039267;0.1046315;0.8328179;0.16144806;0.14129157;0.042556077;0.18236229;0.083276354;0.066447385;0.036760453;0.025038676;0.024939744;0.038868044;0.046413943;0.057095528;0.057068482;0.03706375;0.043703407;0.043326076;0.055243406;0.083810575;0.08354174;0.16246596;0.17623596;0.1705621;0.13733022;0.12280368;0.109814815;0.12358336;0.1603979;0.10229818;0.061449915;0.07658486;3.4490795E-4;0.0016669276;0.050824173;0.15081519;0.23443693;0.28383714;0.02631364;0.15907882;0.69339573;0.073730335;0.06045793;1.159532E-4;0.9556232;0.14532174;0.0016975933;0.52759826;0.39629272;0.7284335;0.34572202;0.5631218;0.48001745;0.8181488;0.4968604;0.42960095;0.45925418;0.28950855;0.4678871;0.33730674;0.5612205
0.6402225;0.84686494;0.05809472;0.04690118;0.2006407;0.818318;0.47842237;0.24386853;0.55096424;0.09102363;0.12300382;0.048352674;0.057555385;0.09063982;0.043715168;0.123028144;0.33906305;0.2097141;0.18959469;0.15792671;0.106889665;0.08742638;0.087974705;0.10400409;0.062898315;0.14775975;0.30367586;0.21661188;0.27437806;0.13823454;0.0924905;0.09777347;0.093832396;0.121063314;0.13552064;0.13898419;0.034359198;0.017566215;0.061813176;0.0652174;0.06622513;0.06570305;0.53523064;0.06772083;0.32684594;0.0074616685;0.12289923;0.0047121462;0.754057;0.089285485;0.19982034;0.63595223;0.42397857;0.38373715;0.25430334;0.3288256;0.75548667;0.49812528;0.4355134;0.59769934;0.32657474;0.3684838;0.4897817;0.490734;0.6523826
0.0;0.0;0.0;0.0;0.0;0.0;0.032087035;0.04080829;0.020975357;0.28283462;0.076664284;0.041463498;0.015859261;0.012967832;0.0138751445;0.018881131;0.021852423;0.019500325;0.020418871;0.023917835;0.029726995;0.030522887;0.030347431;0.023183014;0.015738977;0.0226918;0.03348113;0.02346967;0.026135415;0.029851185;0.037623305;0.032214265;0.035204433;0.030304547;0.030096343;0.04138967;3.954367E-5;6.8276054E-6;0.010989013;0.016304346;0.022516549;0.055190563;0.03456595;0.034936573;0.36416328;0.04721391;0.1586525;0.010102731;0.95653737;0.041183114;3.605347E-5;0.587506;0.6708318;0.5604968;0.5969979;0.653953;0.598716;0.55251503;0.5822536;0.74372315;0.6551247;0.5064714;0.42755887;0.3723765;0.5224313
0.19613162;0.88607913;0.005739393;0.004566281;0.03666999;0.89640737;0.257177;0.0756197;0.23003986;0.07307088;0.15791112;0.09467396;0.052863017;0.050851524;0.042175807;0.04844357;0.056841917;0.04358497;0.05460062;0.060324628;0.061699793;0.054576375;0.061201774;0.036613792;0.022753933;0.04114042;0.046188254;0.04561272;0.047742467;0.031755183;0.036105413;0.028058717;0.028880443;0.03235453;0.04585499;0.033213876;0.04344009;0.0014122009;0.028846154;0.03532609;0.045033086;0.048620254;0.090177074;0.03726861;0.45355752;0.0050766733;0.2268261;0.03362561;0.90898937;0.053885806;0.030112175;0.7768323;0.5628816;0.54817384;0.49492127;0.49154988;0.527165;0.41442963;0.59972167;0.54832995;0.4035083;0.56943953;0.43601674;0.50360936;0.43517393
0.24431662;0.8825035;0.07817733;0.08316204;0.2216313;0.8392676;0.14192064;0.14743742;0.10094835;0.07275592;0.13374747;0.12324765;0.05908443;0.04885219;0.09226916;0.12801053;0.16970704;0.074165754;0.07739771;0.07814463;0.1315104;0.118903555;0.1096595;0.13266571;0.09084163;0.107072;0.0892649;0.058730435;0.0648871;0.066156276;0.055201963;0.050073996;0.06263286;0.051220767;0.04861052;0.04373296;0.0055608083;2.816135E-4;0.024725268;0.04483696;0.051655605;0.053876497;0.062563054;0.04141042;0.40399078;0.003153161;0.11802883;0.009185407;0.94783205;0.059249353;0.008071566;0.8161921;0.5295391;0.48314828;0.5497059;0.5545446;0.36967188;0.75143915;0.6693156;0.51147413;0.5561121;0.5165453;0.40364116;0.37262723;0.41579187
0.23293579;0.82632124;0.0;0.0;1.0;0.77871585;0.15426877;0.1290222;0.17231882;0.04692914;0.18802144;0.14509448;0.09637647;0.06458274;0.055777643;0.051509604;0.06419006;0.041445117;0.044705573;0.05542969;0.075215146;0.09686137;0.08948891;0.07310117;0.0585043;0.10216216;0.113546245;0.06910085;0.07840168;0.10002702;0.10101704;0.09083635;0.10697548;0.09036465;0.08671593;0.075249664;0.020326361;3.5726055E-4;0.01510989;0.017663045;0.021192044;0.023653096;0.13652457;0.018800717;0.2944672;0.0024702044;0.21713631;0.024415776;0.9249194;0.028199729;0.015817875;0.7324935;0.6739412;0.671237;0.6372079;0.7045918;0.37094614;0.5617435;0.40459734;0.508566;0.57427645;0.3060129;0.19401455;0.6738117;0.4882884
0.0;0.7217841;0.0;0.0;0.0;0.26334816;0.20206462;0.09162849;0.18773852;0.061102368;0.09300225;0.07237867;0.041596882;0.035408325;0.042184904;0.046765227;0.058311135;0.039039966;0.0471545;0.051025573;0.062396497;0.062325314;0.057375137;0.0671985;0.041154888;0.055110585;0.06415691;0.06021539;0.071325906;0.062185053;0.06144864;0.0582812;0.06371208;0.062739134;0.06353178;0.058649037;0.039511915;6.199199E-4;0.027472526;0.031250004;0.03443707;0.042049948;0.24476048;0.031886037;0.35040066;0.003159348;0.2556033;0.039300706;0.9162609;0.047547936;0.031500872;0.7370139;0.6440227;0.49139005;0.5280449;0.6016923;0.48484617;0.40709338;0.46700445;0.5413337;0.4904052;0.57122517;0.49930865;0.43632278;0.54482675
0.0;0.0;0.0;0.0;0.0;0.0;0.011471437;0.09197581;0.0016962185;0.152126;0.0486865;0.030303676;0.0169743;0.009746949;0.011872177;0.024271287;0.025545346;0.016076798;0.02417328;0.0317142;0.071333215;0.12770888;0.09671661;0.0986339;0.06842725;0.07767831;0.07212571;0.047506943;0.062655315;0.060372874;0.074960284;0.077356964;0.07096283;0.070581734;0.062926196;0.05706212;2.9779466E-7;2.8917677E-6;0.0013736261;0.005434784;0.1337748;0.26675436;0.0021909478;0.094081864;0.55057406;0.15061182;0.08521754;8.5590826E-4;0.9569612;0.090853885;1.2275203E-6;0.47290507;0.5045538;0.5759806;0.70339555;0.74095744;0.65066075;0.5583924;0.6221506;0.66688514;0.62404746;0.4721872;0.4431564;0.5016029;0.549451
0.24634755;0.900268;0.01122809;0.008313243;0.1065496;0.8752055;0.26561293;0.14506638;0.21759197;0.047559064;0.07514765;0.067299366;0.02972314;0.031995878;0.039947953;0.07246155;0.16048805;0.12998119;0.12925614;0.16585207;0.14623238;0.07511775;0.07071972;0.08477142;0.067805886;0.08938982;0.085052185;0.06715536;0.055154588;0.064326294;0.084576674;0.07554208;0.06035324;0.07419513;0.07205081;0.055594336;0.023000387;0.0042864447;0.012362632;0.028532617;0.051655605;0.06176086;0.06046718;0.034830548;0.47489542;0.004536774;0.10470913;0.005209424;0.9130224;0.04935076;0.03764728;0.82525426;0.5368357;0.45169565;0.5347792;0.6244265;0.6209364;0.5931497;0.5307709;0.4691784;0.6280416;0.52413195;0.35083887;0.44585502;0.3926103
0.23124911;0.7189994;0.3413391;0.6070771;0.7267098;0.5176932;0.02699596;0.0985335;0.014659926;0.20535435;0.1547237;0.12326669;0.060225293;0.05661473;0.028232051;0.03158671;0.045131724;0.036887445;0.044400852;0.046115246;0.05170378;0.06016911;0.06456048;0.07671561;0.051654868;0.065235406;0.06434486;0.080839306;0.081830814;0.065786496;0.07698967;0.06500119;0.069947995;0.07177965;0.06851838;0.062451202;5.3476284E-5;4.9977466E-6;0.008241755;0.010869571;0.017218536;0.022339033;0.013629187;0.023829853;0.2914669;0.03237419;0.15390772;0.0070671733;0.9567304;0.029262746;1.2432052E-4;0.5373587;0.7384595;0.7279207;0.7766219;0.67922884;0.5608263;0.55618536;0.57292247;0.4854824;0.35938767;0.40496215;0.3577961;0.3979686;0.57855844
0.5603849;0.8157947;0.129022;0.1022443;0.1605828;0.7662118;0.43545082;0.12245056;0.21144256;0.15055114;0.083602935;0.05079901;0.040133435;0.03343557;0.027119406;0.023900118;0.031095482;0.02326374;0.029633526;0.03804477;0.04924587;0.05096305;0.05389813;0.07628643;0.07401378;0.13089915;0.16529691;0.09679691;0.13536376;0.12396017;0.08413717;0.0902231;0.0942556;0.1136369;0.14291883;0.16922231;0.012730005;0.054335017;0.12499996;0.21875004;0.23973496;0.26412624;0.202488;0.19002335;0.63965005;0.050947655;0.060820196;5.380535E-4;0.9281899;0.16658516;0.02948218;0.458685;0.31519577;0.6090902;0.460672;0.3553137;0.5548744;0.39624837;0.44912755;0.3305815;0.47487476;0.46122944;0.3899049;0.48997694;0.5792944
0.47310317;0.9324577;0.04403806;0.03795882;0.1870635;0.8009764;0.5935171;0.69491583;0.4097696;0.17417327;0.07773306;0.22327562;0.3079617;0.24302775;0.122911155;0.18497083;0.15796335;0.17425264;0.34839624;0.50072837;0.46678063;0.7028861;0.3458948;0.5078847;0.39016578;0.26892963;0.2918669;0.55896825;0.5759709;0.721673;0.6425337;0.50347024;0.6230002;0.33125582;0.54996514;0.76262957;0.124464765;0.08892627;0.021978017;0.024456521;0.10331121;0.17739822;0.30769116;0.0721618;0.44490147;0.04722032;0.09404409;0.0015917007;0.80269253;0.080837816;0.12508422;0.52104354;0.37170312;0.43355495;0.5980229;0.6553018;0.40197888;0.20929237;0.4137368;0.13484228;0.2883652;0.30220068;0.3507732;0.1813851;0.56191015
0.30443084;0.9156734;0.001656932;0.002442884;0.08329896;0.87099975;0.13465574;0.14967975;0.055219743;0.071811035;0.075136356;0.07736772;0.040044017;0.057514034;0.052987292;0.091380104;0.07450536;0.04215727;0.0385233;0.035105992;0.057321236;0.079425335;0.09799769;0.20767635;0.15838318;0.1748594;0.11368639;0.065430336;0.11183244;0.13258773;0.079767905;0.058492437;0.08588738;0.11193698;0.06384779;0.050724503;0.002691804;7.614391E-4;0.03296703;0.04755435;0.051655605;0.17608419;0.017710328;0.06542802;0.41803196;0.022892047;0.08899801;0.0011075689;0.954207;0.07938791;0.003386535;0.5961649;0.46124023;0.6018997;0.46766752;0.3597608;0.2590953;0.63942116;0.6250177;0.46269578;0.39693937;0.64394534;0.24915512;0.5478988;0.48735198
0.34320864;0.9049823;0.05948531;0.1076484;0.2388219;0.8228139;0.2010028;0.49356532;0.17972657;0.05417323;0.29561782;0.5138253;0.29241756;0.16515678;0.16274442;0.54541725;0.90074986;0.5991836;0.65157455;0.33820206;0.23888923;0.16670023;0.1681866;0.16485372;0.082454585;0.13831212;0.11567154;0.09606341;0.14957936;0.34017897;0.28569615;0.21568774;0.25450605;0.22617324;0.21012078;0.122234054;0.019729013;3.946997E-4;0.04945054;0.05163044;0.052980114;0.06176086;0.1253259;0.04849479;0.34066334;0.0041073407;0.17085335;0.014865098;0.9298059;0.06876816;0.028771073;0.71747017;0.68620324;0.31346098;0.3281308;0.60285187;0.5213002;0.6282232;0.6139261;0.43395743;0.4324128;0.45112467;0.17231342;0.4109935;0.36566764
0.0;0.745456;0.0;0.0;0.0;0.27002278;0.28416604;0.07470024;0.22226606;0.062047254;0.09070928;0.055942304;0.022698827;0.017607678;0.023053782;0.055251896;0.045228392;0.028306749;0.038436905;0.05666738;0.09454673;0.07547071;0.0661976;0.06911612;0.028943526;0.024551963;0.030559037;0.031244934;0.08925293;0.05009178;0.04766059;0.043909397;0.038191833;0.02798388;0.02349431;0.022602623;0.04570645;0.007976274;0.043956034;0.046195652;0.046357594;0.08147177;0.1957448;0.053821057;0.34352562;0.00813319;0.14260949;0.008313225;0.9110394;0.07382245;0.047957327;0.6708913;0.48726177;0.32416728;0.42020515;0.7185499;0.3695714;0.47396716;0.5455507;0.5352329;0.5878873;0.6171272;0.47701806;0.2715793;0.42510217
0.5932715;0.9243655;0.003675892;0.002840531;0.07544219;0.82628214;0.25795215;0.05691495;0.119389154;0.14015749;0.053890992;0.04092299;0.032488056;0.027496621;0.027125526;0.016251393;0.016006714;0.010973881;0.020570265;0.024659943;0.05738442;0.07791304;0.046021365;0.04148424;0.031645145;0.0423834;0.053335965;0.04906704;0.047197018;0.028629761;0.02194858;0.02868789;0.04002762;0.029958406;0.027648183;0.043656845;0.0029129798;0.01810042;0.05494505;0.11277171;0.13245025;0.14323264;0.091899484;0.11179879;0.4355575;0.021385524;0.077770755;0.0013632317;0.9449897;0.123744324;0.015621414;0.6083724;0.22786553;0.4231404;0.5709043;0.5843208;0.50814706;0.35885906;0.380734;0.6507351;0.39295846;0.25585368;0.65682334;0.4520743;0.8115018
0.24322209;0.7397225;0.0;0.0;0.3505451;0.7979276;0.10032977;0.09527364;0.09610167;0.04472441;0.19278121;0.14767128;0.06489329;0.060399573;0.05665712;0.07126553;0.08222476;0.06339985;0.09287599;0.072093785;0.06311894;0.044172674;0.033210978;0.038282767;0.028478157;0.0382746;0.036154646;0.037040334;0.07201524;0.06075227;0.03984875;0.032049216;0.05086111;0.05271985;0.07726801;0.115520895;0.0048643257;3.640713E-5;0.010989013;0.017663045;0.027814563;0.036793705;0.0840608;0.022214334;0.3716181;0.002401554;0.24195844;0.035573386;0.94773114;0.0335228;0.006397521;0.82800233;0.7631085;0.42252058;0.6246909;0.46603683;0.6480297;0.5324024;0.5457486;0.44228843;0.40581292;0.5753018;0.44692394;0.49463952;0.50163335
0.19244258;0.83129656;0.02836864;0.02417164;0.1166373;0.8901865;0.071675666;0.05819101;0.09699011;0.02267717;0.19349997;0.16106461;0.15133843;0.09010286;0.036752928;0.056477763;0.045295052;0.036777627;0.03373383;0.02306779;0.03685721;0.034470595;0.021633178;0.02452645;0.024084408;0.03242852;0.032449383;0.025916765;0.02637585;0.01699536;0.014053506;0.010587098;0.012142927;0.0063760616;0.0040858155;0.0020223532;0.0074943765;9.959323E-6;0.01785714;0.020380434;0.021192044;0.022339033;0.045421127;0.017606463;0.25141746;5.064777E-4;0.37052363;0.11983407;0.9472984;0.027446501;0.006518657;0.8117983;0.75535625;0.6034868;0.72787297;0.49472657;0.54346347;0.6361906;0.4335523;0.48756817;0.37982768;0.34408534;0.33495173;0.47118962;0.6294723
0.19001648;0.87107855;0.04010773;0.01646473;0.1345789;0.8754675;0.015035432;0.082479544;0.018412163;0.02267717;0.13899294;0.09771955;0.06253713;0.032653756;0.02580116;0.04648826;0.06355842;0.03724546;0.03891681;0.040799562;0.07421198;0.06911482;0.047931176;0.050757073;0.049509358;0.050702818;0.042791326;0.054959826;0.063893445;0.045555845;0.049647275;0.044041302;0.041809395;0.045089588;0.053334825;0.055401944;1.2416371E-4;2.212368E-7;0.009615384;0.013586958;0.017218536;0.01839685;0.006519475;0.012822473;0.2762264;5.908991E-4;0.47996238;0.18255757;0.9566182;0.020061534;1.3771723E-4;0.77491355;0.78776485;0.68992186;0.75646037;0.62772393;0.52189916;0.44262925;0.559701;0.5266137;0.43283847;0.47014117;0.36511156;0.35940906;0.5403774
0.0;0.6357152;0.0;0.0;0.0;0.0;0.06341891;0.043270957;0.026602456;0.6907087;0.082573354;0.051374245;0.009659679;0.0075148894;0.012918319;0.011129219;0.012463389;0.009929602;0.010303338;0.018895762;0.015613681;0.014840665;0.020259967;0.022451637;0.015025872;0.017641654;0.024621567;0.020896269;0.038947318;0.03856021;0.035403375;0.051768303;0.06727659;0.08231639;0.09379176;0.1134908;5.0447044E-5;8.164482E-5;0.5192307;0.8247283;0.8794698;0.9080161;0.028227681;0.69161946;0.8385735;0.5715852;0.040956028;1.2349867E-4;0.9571727;0.6943889;4.2317982E-4;0.5196044;0.56428957;0.40226603;0.7219745;0.509077;0.68807024;0.6158344;0.5221393;0.53112787;0.5261445;0.46647194;0.4979906;0.3910837;0.4952786
0.44025227;0.9471308;0.07454271;0.06194951;0.1713051;0.77301043;0.6897921;0.31468004;0.56978977;0.14614174;0.0997591;0.048851028;0.034039397;0.017510444;0.019211613;0.065948926;0.11317574;0.13947013;0.28219464;0.2908545;0.34790906;0.35084814;0.34811452;0.27740377;0.18950383;0.18335602;0.15706252;0.14252016;0.17985122;0.15645513;0.14815012;0.22257218;0.24246179;0.17936239;0.20433119;0.1743211;0.0049593975;0.58914775;0.107142836;0.11684786;0.12582777;0.14454666;0.7057229;0.120762095;0.48062497;0.005814489;0.10835932;0.0048362454;0.6969935;0.13791032;0.26889777;0.55935395;0.20931819;0.25732794;0.633507;0.87708384;0.51842296;0.53348064;0.47970438;0.5582429;0.48791164;0.44253534;0.5456635;0.33991745;0.5052112
0.0;0.7084596;0.0;0.0;0.0;0.0;0.0076631843;0.04863079;0.0016891616;0.07496065;0.036524877;0.02473805;0.015565383;0.015427533;0.01684763;0.020700958;0.020443726;0.015915273;0.029048858;0.033322506;0.035058353;0.031043498;0.030305428;0.02353446;0.022222735;0.026766881;0.02841197;0.031524245;0.039863274;0.04281162;0.03522402;0.04226172;0.04921325;0.049651854;0.04915271;0.052782174;7.694266E-6;4.3269657E-7;0.012362632;0.021739133;0.046357594;0.23521693;0.0029253953;0.07216976;0.5353236;0.11653477;0.12527749;0.006426336;0.9569562;0.0754485;4.4918766E-6;0.55751294;0.67083704;0.53455454;0.60032815;0.6273144;0.57006854;0.604422;0.4611734;0.4947767;0.49248677;0.5157488;0.44955778;0.41819546;0.51820934
0.0;0.6576037;0.0;0.0;0.0;0.0;0.18984464;0.079761304;0.08089486;0.40094495;0.031475693;0.02412119;0.014489338;0.016484559;0.016232358;0.016509434;0.033044692;0.022867335;0.031101726;0.03454414;0.05299449;0.04286912;0.040025376;0.037384007;0.027057102;0.039322585;0.043877203;0.038693257;0.04221419;0.05056704;0.07853446;0.11342774;0.13525866;0.14761591;0.12037723;0.16311067;0.0021507333;0.0014768089;0.03846153;0.21739128;0.50993353;0.8449412;0.07214723;0.32002592;0.75562555;0.60640687;0.06331627;8.4691994E-5;0.9544998;0.32785586;0.0045915483;0.5244738;0.5938252;0.26921093;0.61606705;0.6816286;0.38788527;0.46472192;0.51670915;0.5831828;0.4072316;0.42644295;0.48816472;0.43583566;0.51551884
0.16137293;0.7807424;0.0;0.0;0.0;0.5115914;0.047594212;0.09812184;0.02274549;0.07527561;0.064742856;0.07220119;0.04853167;0.03556822;0.060601406;0.06596797;0.081920326;0.048767064;0.052326;0.058842026;0.07179803;0.07347946;0.08182756;0.07402706;0.03266637;0.054734923;0.06736958;0.041305438;0.055255387;0.05295229;0.06654235;0.0840394;0.065799154;0.042510737;0.041934915;0.037932556;5.4449803E-4;9.629584E-6;0.023351647;0.03668479;0.046357594;0.16425757;0.026053704;0.06351568;0.46680194;0.08162679;0.18805625;0.02004286;0.95634973;0.07603043;4.747432E-4;0.6485344;0.6151428;0.5864112;0.5315227;0.47868744;0.2951954;0.53194386;0.5909494;0.5438768;0.51022667;0.2663582;0.49543345;0.38679448;0.41348413
0.51905495;0.7826214;0.1974898;0.08870411;0.4483237;0.512805;0.26156348;0.11557087;0.22270906;0.099842526;0.04129647;0.04786799;0.03977923;0.028259626;0.017995358;0.05523086;0.07020449;0.04656154;0.083915584;0.08703736;0.10015636;0.06705092;0.07752334;0.068077974;0.036701083;0.067263044;0.07103975;0.07651291;0.08774082;0.067339204;0.07807483;0.066942;0.12713532;0.10970219;0.124369994;0.10255768;0.0120274685;0.0063556912;0.05631867;0.057065222;0.06887414;0.08147177;0.18317498;0.06430963;0.40537217;0.0048643406;0.17240085;0.014692143;0.9150457;0.087525435;0.041799273;0.6805597;0.5500036;0.17171091;0.36019254;0.55949765;0.7428495;0.5583835;0.44476172;0.54627264;0.32061654;0.43723482;0.33069927;0.3267519;0.4288233
0.0;0.58904326;0.0;0.0;0.0;0.0;0.19827925;0.06730211;0.12246272;0.656063;0.03361757;0.023659248;0.014401956;0.010218464;0.010485177;0.013160467;0.014843943;0.009383986;0.011650952;0.013431818;0.023619547;0.018719796;0.015574119;0.023310082;0.018450534;0.027278181;0.040141854;0.043572225;0.054861967;0.047361907;0.043410618;0.07753729;0.11140642;0.14949474;0.2308275;0.3280502;3.0736983E-4;1.7966755E-4;0.5714284;0.6263588;0.6476819;0.6741132;0.13253133;0.6107595;0.7501512;0.086198546;0.026587017;7.5584935E-4;0.9594721;0.5732483;0.010136228;0.2869021;0.7723289;0.23767467;0.59217024;0.5715132;0.5497183;0.6388353;0.5115255;0.54963803;0.3941578;0.40996572;0.42958406;0.42005587;0.53647405
0.15121064;0.86123645;0.0712006;0.2030932;0.2821954;0.80958515;0.031207772;0.044757206;0.021395646;0.02771654;0.11143477;0.07726836;0.0362228;0.029858986;0.020157177;0.020575726;0.01933468;0.013679513;0.017899971;0.018552007;0.030452212;0.033983458;0.037247803;0.030996561;0.045593463;0.05361903;0.039481897;0.031753004;0.028580664;0.02235703;0.014495072;0.015476058;0.015981084;0.013290285;0.012429673;0.012488155;2.0952725E-4;4.9298314E-6;0.010989013;0.014945656;0.023841046;0.03153746;0.012033911;0.017493993;0.3842237;0.0021009126;0.22091706;0.036778834;0.9564837;0.02643307;2.2935664E-4;0.7583954;0.66222876;0.6879712;0.7551581;0.54160726;0.41804656;0.49239674;0.55117226;0.51298696;0.43798342;0.5090542;0.48457077;0.5085512;0.5488614
0.19638419;0.8805809;0.006564286;0.008026649;0.04437812;0.9030722;0.10148673;0.09978007;0.08809225;0.038740158;0.074058585;0.051301792;0.029403899;0.03937534;0.06340358;0.07449786;0.059523724;0.0435648;0.039679423;0.061465025;0.067131594;0.06120362;0.054037713;0.081270926;0.053363964;0.072614506;0.087065704;0.063090704;0.08645216;0.06493689;0.05548934;0.05294496;0.05525691;0.045662563;0.04944294;0.052119948;0.005069405;8.683437E-5;0.009615384;0.024456521;0.03178807;0.04073589;0.041625306;0.023225993;0.4065542;0.0028902842;0.16966775;0.01781087;0.9491967;0.034571502;0.0049295826;0.7534288;0.6756342;0.7582162;0.5954996;0.41517103;0.57851744;0.43594012;0.47291124;0.5792028;0.5819639;0.56438637;0.49759945;0.43943417;0.4847475
0.3888201;0.85330266;0.08930013;0.1092986;0.5505703;0.74347395;0.36838648;0.27132598;0.35843444;0.080000006;0.2338997;0.37938842;0.17172983;0.14442009;0.19232509;0.22446607;0.31536713;0.2085008;0.21742636;0.2646428;0.19945869;0.16555236;0.11571378;0.11020057;0.087541535;0.108078316;0.08386739;0.08290035;0.11691027;0.11551157;0.14982848;0.1568268;0.13243873;0.09763919;0.10521367;0.14066377;0.07287535;0.022908645;0.030219771;0.032608703;0.051655605;0.07358741;0.314365;0.042019807;0.42292687;0.003381075;0.12019914;0.008304275;0.8313704;0.059271745;0.10970178;0.7993003;0.5332699;0.36919764;0.4162698;0.6914964;0.45757833;0.6098032;0.496417;0.3960765;0.5092398;0.4866453;0.44535324;0.33280286;0.4200703
0.13012941;0.76417255;0.0;0.0;0.0;0.79740024;0.13885562;0.10437415;0.053843297;0.1829922;0.12497322;0.07839991;0.024331596;0.0180739;0.02308811;0.020813858;0.020734927;0.017828992;0.021573653;0.024877848;0.03533655;0.036863092;0.024810849;0.030111399;0.035446625;0.059964903;0.0629622;0.06640584;0.13461335;0.1533538;0.15267007;0.12704577;0.15120406;0.16043757;0.1536492;0.13105537;2.6152108E-4;5.2500144E-4;0.009615384;0.013586958;0.09271517;0.39947447;0.04933256;0.107782975;0.5094779;0.18581514;0.07717664;4.2103298E-4;0.9544366;0.101199284;0.0015597172;0.43500575;0.68992746;0.64485973;0.57538295;0.66298914;0.6314815;0.694955;0.55932003;0.59688133;0.41021392;0.5306545;0.36948103;0.37226298;0.524834
0.26570523;0.88608724;0.2039864;0.239046;0.3539909;0.7755419;0.36765817;0.06090602;0.20323028;0.09826773;0.07489532;0.040708736;0.025592681;0.01663972;0.021235514;0.024418116;0.026858088;0.021350224;0.026542906;0.0625108;0.05339033;0.02848032;0.026485786;0.029883955;0.01375045;0.024871238;0.06909978;0.04794458;0.041449897;0.070119396;0.06875545;0.043953173;0.029436056;0.04118114;0.04713675;0.03950022;0.021981357;0.030672137;0.03846153;0.048913047;0.083443664;0.107752964;0.15769213;0.07223073;0.52054614;0.026266998;0.10391958;0.0023971314;0.9187235;0.08715539;0.042811144;0.6030313;0.4970071;0.42554966;0.50068307;0.6947686;0.52315724;0.26854345;0.58986336;0.60303885;0.54746133;0.5928843;0.48116;0.35310018;0.32273215
0.34045017;0.8282051;0.003775651;0.004653271;0.2305435;0.5538442;0.24981645;0.16880481;0.087401405;0.25543314;0.051886532;0.050534945;0.0367787;0.021619977;0.0317044;0.06563798;0.13581677;0.060218696;0.06993566;0.09135022;0.088272735;0.07995642;0.088787936;0.1335831;0.096129455;0.11712859;0.16453959;0.09634316;0.14855294;0.14665957;0.10894016;0.11791495;0.14336339;0.13144578;0.17307472;0.20985846;0.0025211577;0.00638344;0.05494505;0.062500015;0.1788079;0.24310131;0.06009182;0.1283042;0.5543032;0.051543307;0.06902997;2.6370547E-4;0.95043427;0.12999432;0.008250313;0.5058713;0.30000848;0.5675775;0.35854608;0.4673562;0.36491272;0.65865946;0.72247225;0.3348188;0.60525435;0.2610114;0.4822626;0.28655007;0.4109893
0.0;0.0;0.0;0.0;0.0;0.0;0.19352965;0.23057854;0.20894343;0.8910237;0.108210504;0.039728798;0.023447627;0.016696727;0.019755956;0.028522762;0.032166496;0.024876662;0.04108694;0.059571106;0.08501009;0.077099636;0.05522771;0.06770782;0.06738733;0.093371026;0.095852435;0.0925684;0.1202364;0.115988955;0.1911308;0.20552526;0.41717002;0.7819607;1.0;1.0;1.4750319E-4;4.8510637E-4;0.69093394;0.7785327;0.81589365;0.90275985;0.21480885;0.7812227;0.8343278;0.11145799;0.034434408;6.819235E-4;0.9776288;0.76992065;0.026974384;0.2971554;0.717847;0.34073845;0.7695756;0.63721377;0.6464011;0.53447324;0.52243245;0.52050304;0.5696496;0.43685198;0.36372632;0.40371144;0.49584648
0.2147828;0.8849469;0.1287807;0.1296365;0.16962;0.83441484;0.17075512;0.34755498;0.19864625;0.071811035;0.7123623;0.7642517;0.5401259;0.42550278;0.279224;0.1997256;0.19930357;0.08422203;0.120685846;0.09745086;0.102674484;0.10687947;0.11561722;0.15328604;0.1604695;0.14717801;0.14518982;0.09151758;0.2223068;0.34175587;0.2718658;0.22879186;0.3280574;0.302787;0.18838884;0.1800935;0.028630793;6.0095557E-4;0.012362632;0.020380434;0.023841046;0.023653096;0.10278354;0.024460372;0.3131887;0.014028301;0.16496359;0.00945626;0.9181887;0.033036407;0.027278276;0.5747113;0.8962737;0.73918205;0.5902516;0.6439004;0.3654954;0.5242701;0.57263154;0.3313841;0.4105163;0.580675;0.3279399;0.46883377;0.6254069
0.21329859;0.82833797;0.01019705;0.02895315;1.772015E-4;0.9049406;0.13783503;0.14884405;0.16669329;0.029921263;0.13048835;0.123623446;0.077795364;0.073859915;0.08149165;0.043672934;0.04177937;0.029196946;0.04095182;0.054029357;0.072638996;0.07470423;0.07856431;0.14050898;0.15860744;0.18295582;0.1406845;0.08618951;0.09204051;0.10735177;0.11193709;0.091098346;0.079606384;0.06854974;0.062071484;0.093779795;0.015284234;2.8440484E-4;0.010989013;0.017663045;0.027814563;0.032851525;0.07359605;0.01921744;0.3409337;0.0017711284;0.19999401;0.033263102;0.93089074;0.029168177;0.01736262;0.7793987;0.68508434;0.6663566;0.7123082;0.53753406;0.42429277;0.56709665;0.5194449;0.40872392;0.60718393;0.5405081;0.44982457;0.45684758;0.57012326
