standardizeInput
0.0;140.15993;0.7576755;0.038308248;0.03249978;0.1389935;-15.609612;0.94406396;1.2160492;0.07458575;0.09337898;0.14886378;0.33348593;0.53076047;0.7136781;0.8955217;1.0468082;1.1728845;1.2467716;1.2877058;1.340243;1.3959206;1.4613968;1.531053;1.5793667;1.6200439;1.6716424;1.6951056;1.70814;1.7120148;1.6736114;1.5767305;1.4348768;1.246884;1.0445155;0.85559285;0.69289684;0.9445408;0.29542825;487.934;725.75916;1081.328;1604.7234;0.44516093;888.7535;3.6106033;1121253.4;7.894059;203.41382;-0.23135288;0.74144596;0.8501388;24.204084;4.3158474;3.3911908;-6.5025997;-13.510486;-9.99942;-3.6738255;-1.6638507;-1.1592548;-0.7395674;-4.8462906;-4.617513;-1.5306362;-2.4632115
1.0;110.60328;0.13079621;0.07046388;0.067941934;0.16425651;44.432667;0.72016174;0.64271766;0.071038164;0.09239205;0.07800476;0.22302471;0.41041717;0.58664644;0.80163383;0.9486659;1.0913825;1.1499722;1.0872977;1.0595428;1.053908;1.0933526;1.1500001;1.1613866;1.129928;1.1239662;1.0921767;1.0733786;1.0736014;1.0359017;0.9627598;0.91059315;0.8223341;0.69980615;0.5741177;0.46801835;2.0880249;1.0065717;775.21497;1103.1345;1503.2548;1947.3512;0.47268578;1072.5973;0.995304;2211345.2;6.726716;384.38477;0.4193408;0.7292536;1.7002761;13.611746;17.955935;16.794838;15.949906;15.798863;15.740965;14.43774;14.856824;14.8847685;13.072357;13.527387;11.975034;10.629833;10.050073
codebookNumeric
32;65;1;0.0;0.0
-0.0059775156;0.4517894;2.4759686;-0.4783464;2.630348;0.49405357;-0.5211799;-0.37681538;-0.70150644;-0.32075226;0.18539542;0.032682844;-0.020952538;-0.09759371;-0.0015652995;-0.26515996;-0.28550923;-0.1668393;-0.19937761;-0.27702895;-0.33407724;-0.4277443;-0.30425122;-0.1267706;-0.25654724;-0.28847256;-0.26809728;-0.23664527;-0.036875665;-0.46848115;-0.40707612;-0.58196557;-0.44786695;-0.4354127;-0.39697647;-0.34171978;-0.4065734;-0.28665888;-0.25905663;-0.26750597;-0.404188;-0.4923238;-0.6110715;-0.2907871;0.014902718;-0.24390388;-0.53977275;-0.46411565;0.5168703;-0.30108464;-0.46696097;-0.44608998;0.19921862;1.414238;-0.45479017;-0.93429595;-0.48060653;-0.70411813;0.6817965;0.16220197;-1.1682898;1.435233;-0.15571944;0.90258205;-0.5364727
1.1507025;0.82161367;-0.40484655;-0.17006932;-0.38155642;0.79081345;-0.13145053;0.82748747;-0.00739613;-0.49255303;1.0690286;0.004994877;1.7717984;1.0243273;1.4167022;2.3905609;0.53846335;0.2719722;0.18943682;0.9224922;0.43930432;1.1317073;1.0021731;0.2583828;0.30320886;0.57604814;0.81606627;0.6850947;0.3247018;0.33167195;0.07807916;-0.1866781;-0.078494824;0.14954212;0.3346669;0.70392567;0.006417871;-0.27202424;0.037232105;-0.18942593;-0.34689045;-0.5365545;-0.61487365;-0.31415227;-1.6664641;-0.4787962;1.1247422;0.661682;0.25525153;-0.22331995;-0.21580482;0.556181;-0.85098535;-0.20602281;-0.78236693;-1.6876551;-0.91836625;-1.810368;1.3514147;0.34738415;0.8363249;-1.1149071;1.159003;-0.23934321;-2.0646307
0.84115016;0.6238518;-0.34536996;-0.37872997;-0.43103194;0.56172127;0.46740347;1.0625986;0.24717793;-0.49528;-0.092072286;0.0090190815;-0.1745789;-0.17795871;0.1312711;-0.19332069;-0.075220585;-0.15504341;0.0997411;0.108441085;0.014250147;1.0704427;1.9813234;2.1508594;1.1200722;1.3407756;1.4893299;1.4394577;1.8986707;1.8402679;1.2651385;0.62668073;0.52304655;-0.18742318;-0.19974934;0.4914977;-0.07737047;-0.14623037;-0.35164696;-0.345586;-0.45193595;-0.18270837;0.21429858;-0.3837314;-0.38071722;-0.40591523;-0.5955486;-0.4319747;0.08746962;-0.38694602;-0.13162586;0.8750512;-1.3109347;0.65869284;-0.21753319;0.47712475;-0.6990346;-0.9572527;-0.29920986;-0.79428816;-0.54539615;-1.8271303;-0.12068725;-0.5105681;-0.23785096
0.9270491;0.31258893;-0.32774067;-0.23451729;-0.4367829;0.6040335;3.5889037;1.0931141;2.401448;0.29554835;-0.88724434;-0.6629733;-0.59175074;-0.6013411;0.20658599;0.14951496;0.73816514;1.5289782;0.845752;1.2666974;2.7586398;1.9796234;1.0814426;0.69347227;0.9177665;0.23593374;0.3000196;0.96209025;1.2593523;1.3053639;0.2515119;0.30871773;0.7541995;0.11042707;0.1615725;0.3118026;0.2879651;3.6703842;0.3335209;0.057827603;0.19743626;0.20062464;2.7527294;0.2761601;0.62205464;-0.025571935;-0.5273617;-0.45653018;-2.1824877;0.35648093;2.6065216;-1.3072112;-1.6324179;-1.7021087;-0.68584293;-0.9913305;-0.4837549;-0.80041784;-0.94098574;-0.39797118;-1.215475;-1.7598867;-2.4010775;-2.0245929;0.42251968
-1.2672312;-5.792794;-0.54365796;-0.4783464;-0.8461978;-1.8992871;0.31222847;2.7268052;-0.42377996;3.0852635;-1.2449707;-0.9653116;-0.850007;-0.83807826;-0.5330037;-0.3426427;-0.46625173;-0.533591;-0.6064392;-0.31394577;-0.19790493;0.6072261;1.9548721;2.042648;1.17239;3.793409;4.4660883;6.16574;4.764781;3.2911265;3.8207397;4.2650137;5.0179386;4.6638474;4.267648;3.2047696;-0.45151672;-0.12890254;3.0927098;2.9467902;3.3774502;2.7144058;-0.14840667;3.3728478;2.8124359;1.2013382;-1.1130918;-0.52263296;0.5308126;3.0324113;-0.43227848;-3.8685274;0.34559396;2.0642219;1.6646856;-0.81943524;-0.6412789;-0.37330356;0.6265567;2.1463091;-0.85354173;-0.7042742;0.423674;0.17309304;-1.1386702
0.22523622;-0.16754039;10.459945;6.212277;2.3640072;0.47652403;1.187193;-0.013197425;1.0806495;-0.27166638;0.5279629;0.012868366;-0.34440118;-0.06457194;0.16782765;0.52477556;0.45541006;-0.08135028;-0.13813956;-0.1235297;0.48082605;1.1340214;0.8291338;0.10477246;-0.36042726;-0.64010596;-0.64578193;0.18286087;0.06605825;-0.19644184;-0.57012194;-0.5209583;-0.18076223;-0.13067228;-0.39217702;-0.86395013;1.6353087;-0.029815005;0.037232105;-0.16339923;-0.34689045;-0.49969557;1.9320066;-0.22366028;-0.86685514;-0.3770946;-0.20108718;-0.38075712;-0.86833006;-0.140067;0.66218317;-0.66892624;-0.57974815;-0.4796343;-1.4006578;-0.11254317;-2.656764;-0.8202;0.8125923;3.3255255;-1.2800449;0.5989186;0.12862946;-0.33137122;-1.5272406
1.5012392;0.13347681;0.36877126;0.10780724;0.5612131;0.3752421;2.8367145;-0.20678154;1.5095371;0.56824815;-0.13314539;-0.04832439;-0.03283695;-0.014326335;-0.16998585;0.18424371;-0.012824543;-0.26476333;0.124318466;-0.22170222;-0.03357188;-0.06035911;-0.070752986;0.0814882;-0.06951315;0.0073841983;-0.26916486;-0.16133912;-0.56219167;-0.28554773;-0.13615698;-0.3298035;-0.3365341;-0.5381822;-0.41402146;-0.39447507;1.0076303;1.7466315;0.037232105;-0.1503859;0.58896935;0.51024014;3.2379436;0.32287288;0.8165711;0.078966245;-0.90159506;-0.50759166;-1.0658275;0.2969119;0.70349944;-1.4227817;-1.5396763;-0.4553344;-0.8443699;-0.9942725;-1.9605514;-0.5089893;-0.51299214;-0.5616549;-0.32983407;-1.4611114;-0.7112863;0.1041915;-1.4257339
0.57485795;0.36615583;5.4169264;-0.4783464;0.3089685;0.42219815;-0.6484494;-0.6248961;-0.67572385;-0.24439652;-0.10439078;-0.6541088;-0.5382469;-0.49692476;-0.5555705;-0.57938665;-0.45276123;-0.3360783;-0.23853794;-0.16238327;-0.12586263;-0.37809747;-0.26595643;-0.518437;-0.6483095;-0.6365496;-0.5199988;-0.55449873;-0.6175875;-0.68967116;-0.66910255;-0.51216906;-0.34364098;-0.43101794;-0.29784593;-0.34144583;-0.43984154;-0.2762661;-0.27757472;0.005774229;-0.1177003;-0.30802888;-0.43248165;-0.22612546;0.36432958;-0.4506203;-0.8687877;-0.40932032;0.5157902;-0.14623398;-0.46917266;1.5967795;-0.8666526;-1.1996133;-0.011851431;0.97248584;1.3446761;0.21214783;-0.25890428;-1.011748;-1.3284155;-1.1120809;0.7126652;0.24624002;-0.77149576
-0.28408676;0.48515075;-0.4425116;-0.40854245;0.20235972;0.76236886;-0.6713236;-0.8434486;-0.062395297;-0.78979546;0.100247934;0.0562838;-0.0035857141;-0.17124575;-0.6030189;-0.71093714;-0.7893594;-0.6848022;-0.6321783;-0.49039474;-0.6106857;-0.65604365;-0.69125575;-0.5967922;-0.67049885;-0.85704076;-0.6512581;-0.44860226;-0.7297327;-0.6923824;-0.6634198;-0.5469416;-0.50627524;-0.646347;-0.67430586;-0.7320099;-0.36831954;-0.29212934;-0.46275526;-0.5017462;-0.5760806;-0.68399036;-0.677142;-0.66053706;-0.9383919;-0.4976041;2.921341;2.992913;0.28521833;-0.75168175;-0.431173;0.59134334;1.1157092;1.6371803;1.7887164;1.6269927;0.054278556;-1.3329035;-0.28432918;0.03928811;0.040639494;0.40157065;0.21483164;0.10893197;0.16434956
1.9919506;-0.061975133;-0.047429383;-0.09185636;-0.27824745;-0.20558879;0.39636654;6.735489;0.15841976;0.3446349;1.6856091;0.609995;-0.10029935;0.71181697;1.2301193;0.9493223;8.158675;15.54128;4.8484497;5.636879;6.151001;4.3767586;3.944523;4.1982126;5.6547766;6.3524933;4.69308;6.2882533;6.0896945;5.87864;3.8480506;3.4937315;2.7216396;1.5786164;2.7514849;3.169053;-0.44747427;-0.15876839;0.3335209;0.04481426;-0.10815067;-0.27117008;0.16525598;-0.003090062;-0.8552004;-0.43290588;0.0012200372;-0.20783295;0.18487132;0.13022004;-0.105191916;-0.5199814;-1.8842264;-1.2392582;-0.544775;0.49401754;1.6533751;0.8055334;1.6535069;0.09867254;-0.8433829;-1.2299848;-0.62285805;0.61831725;2.4771714
-0.4543725;-0.31338096;-0.54365796;-0.4783464;-0.8461978;0.3928044;0.3273279;3.0719693;-0.26692834;0.5137078;-0.6495777;-0.34752086;-0.42957038;-0.5598264;-0.36413482;-0.2707531;-0.15407747;-0.27753398;-0.13914658;0.38665926;0.33431986;0.49711612;1.6059616;3.425902;2.9002771;3.8864431;4.549246;2.427045;2.728444;3.5304155;4.6904798;4.306705;5.223728;6.939254;7.171495;5.3682537;-0.31410158;-0.20095637;0.5742556;1.085882;2.269698;1.6381245;0.5835174;1.6651753;1.9753009;1.4786558;-0.841824;-0.4779811;0.4123641;1.5665101;-0.40658647;-1.6004777;0.15613739;0.16864547;1.2500042;-0.81370187;-0.2834413;0.32830375;-0.25945157;-0.049196616;-0.26309425;0.47912332;0.76486933;0.8086333;-1.057435
-1.2672312;-0.54319084;-0.54365796;-0.4783464;-0.8461978;-1.8992871;-0.25495285;-1.1046658;-0.56964976;-0.18167563;-0.27991974;-0.59996504;-0.4929625;-0.3496435;-0.53333825;-0.5868344;-0.54298586;-0.7423737;-0.8201255;-0.6147628;-0.6697628;-0.90077037;-0.93799585;-0.82097036;-0.8049664;-0.87346125;-1.0397904;-1.08369;-0.95660734;-0.8240728;-0.86891747;-0.93735576;-0.9493792;-1.0025846;-0.8847658;-0.95745057;-0.406925;-0.24373825;-0.036840092;-0.08531918;-0.13679944;-0.16059324;-0.3603904;-0.14971292;0.5312696;-0.41378218;-0.5852187;-0.3905821;0.4918106;-0.06409546;-0.45347953;0.48757195;-1.1652904;-1.1423494;0.0678592;0.43963978;-0.22546521;-0.41177607;-0.33480468;0.012595985;0.37119266;-0.3480532;-0.32888377;-0.490779;0.6520923
-0.38524002;0.37784198;0.6319455;0.49446854;0.9803258;0.60046977;-0.45590326;0.65093255;-0.31983444;-0.64526474;0.40054378;0.2831766;0.24161324;0.73176944;1.1265996;0.29385346;-0.13209155;-0.086774744;-0.2750327;-0.092755035;0.11704852;0.054518756;0.73162353;2.010267;1.9669659;1.9458677;1.3335447;0.3524293;0.029159049;-0.22400816;-0.1983813;-0.2154484;0.41485807;0.33036083;0.14401132;0.094652414;-0.28600124;-0.28801772;-0.35164696;-0.35859936;-0.43283677;-0.5660417;-0.28861463;-0.5095632;-0.06686928;-0.47521842;-0.015348113;-0.11340933;0.3992325;-0.5190508;-0.43604317;1.1077083;0.43568507;0.35118893;1.7043511;-1.4265105;-1.4077772;1.606749;-0.39171624;0.20815612;0.6480517;0.92404306;0.4552738;0.45314428;0.35644028
0.8086503;0.7397584;-0.26911557;-0.29201403;-0.36998475;0.69982165;-0.7503122;-0.3890831;-0.633838;-0.5716359;-0.68716013;1.159922;0.9630268;0.50697815;0.14759015;-0.24040352;-0.4654522;-0.36377987;-0.13227545;0.24988893;0.06729081;-0.17998931;-0.39822596;-0.26610923;0.17412186;-0.15198803;-0.6128437;-0.54249454;-0.5704164;-0.7233021;-0.84926814;-0.68860376;-0.6796316;-0.6431973;-0.59124714;-0.4493199;-0.40810037;-0.29179737;-0.35164696;-0.42366615;-0.49013427;-0.5807853;-0.73889154;-0.5330428;-1.1243012;-0.48996583;0.11275339;0.114008114;0.5025414;-0.55129784;-0.46734232;1.2659254;-0.17813751;-1.045566;0.32595727;-1.0573307;-0.49243742;-0.9835123;-1.8587512;-2.046094;-0.48231003;-0.52618957;-2.6465602;-2.0068352;-1.2145802
-0.40517113;0.5048532;-0.54365796;-0.124151744;0.060409136;0.7196553;-0.49542376;0.8087591;-0.38889182;-0.56345487;-0.16641766;-0.41941553;-0.20754437;0.046311866;0.8080402;1.1491208;0.83157885;0.14412731;0.3758311;0.90387;1.7936274;1.5872183;0.5574339;0.13532647;0.2696668;0.5163221;0.30008093;0.44074768;0.97710776;0.91056764;1.0041927;0.19710356;-0.023834635;0.20504329;0.123356625;0.12737714;-0.26196608;-0.28965145;-0.09239424;-0.22846593;-0.38508883;-0.5439263;-0.6158476;-0.4155645;-0.42401952;-0.49158713;0.4833429;0.61638236;0.40836152;-0.36379302;-0.3995935;1.4501892;0.54339874;-0.5490778;-0.69777274;0.6151314;-0.21475047;-1.6827561;0.85097265;1.0207781;1.3563;1.0969107;-0.8827973;0.6682844;0.5242987
-0.2514223;-0.4180904;4.608011;2.6084278;1.0739118;0.4235428;1.9754231;5.279932;2.3278565;-0.17622155;2.5184054;6.371352;7.036887;2.822088;2.698553;6.815656;6.424728;5.510714;5.30602;4.2281494;3.01609;2.705532;1.3118486;1.1821173;2.9897916;4.275145;1.627369;2.8654497;4.843388;2.7348344;4.5920444;5.1928506;4.338503;2.9937854;2.9497924;6.944502;0.56438327;0.5217115;0.018714055;-0.16339923;-0.22274576;-0.36700326;3.3876526;-0.22001614;0.01588317;-0.39569128;0.064053975;-0.2660894;-2.2822611;-0.14352123;1.7242159;-0.12672909;-0.20890439;-1.0377129;-1.1703109;-0.5035517;1.206109;1.3221519;-0.86311775;-0.31229025;-0.22252363;-0.6585285;0.2904149;-0.45437172;0.016252082
1.5591905;1.0551864;-0.5211662;-0.45087615;-0.603199;0.647121;0.9407749;1.0417107;0.17481618;0.6200611;-0.8142801;-0.5234713;0.5534336;0.3243251;-0.5299765;-0.6777055;-0.40267614;-0.6840147;-0.38948432;-0.62448144;-0.12704204;0.10118619;0.68324697;0.9909615;3.0268028;1.9550182;2.1262891;2.9480119;2.1665533;1.435218;0.66563684;1.471472;0.64952075;0.47324172;1.0053917;0.63424635;-0.3096604;0.73328084;1.2409048;1.3071089;0.7513124;0.6134448;-0.28783906;0.9021974;0.07188628;-0.09754108;-1.1544883;-0.5107046;0.25021338;0.7268871;-0.120365426;-1.4625835;-1.1665713;1.9496282;0.7840494;-2.032987;-1.439103;-0.6811346;-0.37006032;-1.9301412;-0.18297009;-1.3705397;-0.18812983;-1.6964138;-0.543621
0.16161159;-0.16030149;3.9408708;3.9947906;-0.63093525;0.43817115;1.5600568;-0.34113008;1.140002;-0.06986883;0.45890176;-0.5862737;-0.21811874;-0.11890267;-0.4807987;-0.39048922;0.014517901;0.30480862;0.5854305;0.62764347;0.16376229;-0.068118736;-0.33889818;-0.41529295;-0.30143946;-0.12382081;-0.23876224;-0.4969663;-0.23383711;-0.59517276;-0.742439;-0.8296552;-0.8037507;-0.72805864;-0.8259084;-0.69905233;-0.20648059;0.70742875;0.24093057;0.018787572;-0.1272498;-0.19008048;1.2474674;-0.031202951;0.2503905;-0.41647512;-0.28113648;-0.3184144;-0.5959564;0.09081717;0.529003;-0.05709079;-2.0068822;-1.7180512;-1.1281691;-1.0597175;1.2010252;-0.70800173;-0.80345565;-0.2683506;-0.33905244;-0.53544706;-0.8165411;-0.1384728;1.6639633
0.9260039;0.42585838;1.1812584;1.4327532;-0.14058441;0.5181582;2.016754;0.28759253;2.9697185;-0.09168478;-0.9799686;-0.3463384;0.28118345;-0.27919456;0.04370161;0.42539605;0.67961;1.2726225;2.4461474;1.6346682;0.0105667785;-0.50388545;-0.30897987;-0.19038767;-0.40612128;0.39278108;0.428053;-0.24837841;-0.13031915;0.062567346;-0.033101153;-0.07288303;-0.22196202;-0.38367185;-0.478512;-0.41656154;-0.07281366;6.386454;0.4631473;0.22700107;-0.06040275;-0.29328525;4.431272;0.033629112;-0.6961294;-0.48182148;-0.1434219;-0.1438991;-3.3080306;0.18560603;3.2844384;0.06455344;-1.3732935;-1.5506808;-1.6890959;0.02323179;1.7096277;2.4297225;-1.1113613;-1.5613939;-1.0168236;-0.10291799;0.7809407;0.050114717;-2.3612506
-1.2672312;-0.583329;-0.54365796;-0.4783464;-0.8461978;-1.8992871;-0.10124778;0.58251214;-0.52097267;1.6481377;-0.8829971;-0.6878235;-0.3874927;-0.25299144;-0.3883863;-0.45499656;-0.52361387;-0.33342898;-0.17529581;-0.46756163;-0.20731287;-0.11782279;-0.07407644;0.25412586;0.13450956;0.20164178;0.21477886;0.1498241;0.38515157;1.2561102;1.5595391;1.8935692;2.5883784;2.823164;2.9558034;2.7141716;-0.40791753;-0.28175917;0.0742682;3.1159632;3.61619;3.7169695;-0.17696731;2.9292424;2.435348;5.327447;-1.0909234;-0.52237695;0.53498477;3.07128;-0.45114106;-1.513716;0.7544282;-1.481925;0.23265627;-0.14972183;-0.6147571;-0.12586196;-1.5363075;-1.291999;-0.66050076;0.24127932;0.52163905;0.6677363;0.41097936
-0.6343006;-0.46170375;-0.54365796;-0.4783464;-0.8461978;-0.3045554;-0.9910184;-0.5692425;-0.94132787;-0.24712348;-0.19248547;-0.3123803;-0.16299896;-0.23386063;-0.2096722;-0.59092486;-0.6272159;-0.7086267;-0.8550648;-0.8502147;-0.887001;-0.81178707;-0.71949166;-0.8044646;-0.7894577;-0.7635987;-0.5320097;-0.73543805;-0.29902795;0.3295018;0.51467925;0.41027457;0.32176822;0.14951079;0.06926477;0.5175372;-0.44953585;-0.2932183;-0.38868302;-0.3976394;-0.42328718;0.11953499;-0.8222613;-0.15562616;0.44125682;0.7308034;-0.32820448;-0.40980825;0.5486939;-0.17953354;-0.49871275;-0.43390498;1.1215725;-0.4135454;0.5469126;1.6653455;-1.275662;-0.5831172;0.6142118;-0.24955353;0.930031;-0.2179805;-1.1989658;0.5793704;1.1128716
1.4336373;0.39521074;1.7148736;2.4787095;2.0575225;0.42503276;0.54433197;-0.33542293;0.8153088;-0.30166337;-0.25014982;-0.40863958;-0.38272974;-0.5432102;-0.18538797;-0.14196543;-0.23637624;-0.28900072;-0.41175118;-0.42770448;-0.37376663;-0.29089594;-0.38121727;0.0010696524;0.066006064;-0.091914184;-0.13729051;-0.24884231;-0.3052137;-0.30172974;-0.2790805;-0.19989909;-0.35546502;-0.16694911;-0.013189236;-0.30110106;0.9655825;-0.157045;1.9596695E-4;-0.17641264;-0.35644004;-0.51443917;1.4958987;-0.26957384;-0.9320421;-0.42284378;-0.206609;-0.3356838;-0.3832828;-0.19493422;0.43461248;0.04473679;-0.56183213;-0.4245572;0.50465786;-3.542276;-0.74442196;0.8304642;-1.2585691;0.55694175;0.7952476;0.869693;-0.41562352;-1.0325696;-1.3732796
0.70318776;0.2846072;3.9527106;-0.4783464;1.5886956;0.41369283;3.2777765;-0.077524155;2.928425;0.01466802;-0.04579688;-0.020589788;-0.07683957;-0.06470565;-0.049999613;-0.121272005;-0.13554873;-0.18019614;-0.21100363;-0.18684185;-0.13814361;-0.11376182;-0.11855912;-0.113911875;0.0055677453;0.124076314;0.10890125;-0.0051575094;0.014005409;-0.02295434;-0.03193167;-0.021022283;-0.00940124;0.059314363;0.07036183;-0.03308017;3.3947597;3.2506256;-0.05535818;-0.16339923;0.178337;0.45126566;2.785015;0.14115505;0.5054621;-0.08952834;-0.8652491;-0.5029559;-2.9888318;0.123797566;2.1489093;-0.62514794;-0.80613947;-0.22733256;0.042280607;-2.4966843;-0.20477459;0.875324;-1.5046203;0.5833897;0.85663265;0.57548296;-0.8002555;1.299482;-0.7813295
0.8996575;0.50181;-0.4943564;-0.4206551;0.026603483;0.64253163;1.9182595;1.195797;0.14013757;-0.56345487;-0.27077672;-0.3922697;-0.28156027;-0.4137893;0.048959624;-0.19479582;1.8296385;3.4173534;0.7593433;0.4994211;0.75601226;0.71165526;1.0666225;1.6844274;2.6843069;0.5618627;0.6483251;1.2920147;0.83001304;0.17415898;0.34166107;1.2606676;0.8336965;0.13058123;-0.5267568;-0.48263377;-0.2702587;0.11351866;0.2594487;0.005774229;-0.21319622;0.22274034;0.5115907;0.040282167;-0.1904476;-0.2970428;-0.7631036;-0.49107787;-0.27041256;0.1105495;0.38820237;0.10603386;-1.812883;0.9619085;-1.8558574;0.6436999;-0.7295239;2.5228806;1.1720546;0.31939182;-0.83575994;-0.7433024;1.3217744;-3.0959406;1.6940088
-0.10510111;-0.0013543589;4.08588;-0.4783464;2.7395284;0.52735794;-0.40132204;-0.23342937;-0.15051349;-0.4680101;-0.0070569883;-0.06493193;0.019547008;0.016687166;0.15306155;0.3682537;0.14702508;-0.15829302;-0.13283186;-0.17398734;0.037379336;-0.012886806;-0.39303735;-0.3715461;-0.35323298;-0.36392498;-0.3520315;-0.30947888;-0.27889287;-0.28349936;-0.3730011;-0.26526976;-0.18307398;-0.19587576;-0.14430067;-0.16500147;-0.17648454;-0.29012385;0.018714055;-0.16339923;-0.34689045;-0.5070673;-0.017796626;-0.33935645;-1.0420599;-0.48479924;1.8976111;1.5499172;0.3617318;-0.25372884;-0.30976343;0.90624195;0.3846323;-0.76057696;-0.40693218;-0.8540977;0.018136453;0.023431396;0.43398368;1.5593628;1.6680256;-0.17477143;-0.7464435;0.036048938;-0.29852954
-1.2672312;-0.70381635;-0.54365796;-0.4783464;-0.8461978;-1.1333286;-0.44703054;-0.9723968;-0.8402319;1.3181709;-0.63577396;-0.7123194;-0.7814626;-0.61629796;-0.6597839;-0.6658943;-0.64373296;-0.57257897;-0.6646454;-0.72309065;-0.7360357;-0.6615752;-0.7051563;-0.66978437;-0.59455216;-0.5720754;-0.7267946;-0.6450241;-0.8150232;-0.88560987;-0.8622666;-0.8533629;-0.70770156;-0.7905164;-0.84490204;-0.93751633;-0.4492985;-0.2764617;0.42611113;1.0598552;1.27654;1.1147269;-0.69097704;1.045103;1.9426976;0.6387906;-0.8680141;-0.49520713;0.5444825;0.855191;-0.49322626;-1.5586793;-0.29865912;-0.3596611;-0.45938206;0.55035716;-0.21787165;-0.20774736;-0.23576583;-0.06986963;-1.0899214;-0.6489169;0.49317732;0.5956853;0.12276792
-1.2672312;-0.563164;-0.54365796;-0.4783464;-0.8461978;-1.8992871;0.47952715;-0.4709385;0.6462942;-0.16258663;-0.45730382;0.037913576;0.25521412;0.1644136;-0.33670458;-0.41820705;-0.5273505;-0.6630573;-0.6212258;-0.61826634;-0.5924378;-0.5315496;-0.5943494;-0.81923944;-0.6628914;-0.36611196;-0.19965504;-0.09311349;-0.36694518;-0.19020669;0.15478477;0.029104384;0.24413683;0.045283288;-0.15619361;-0.24778971;0.6363335;-0.1460593;-0.31461078;-0.3976394;-0.49013427;-0.51443917;2.4153168;-0.4252811;-0.59346324;-0.2951507;-0.008317888;-0.29040775;-0.31714976;-0.45942956;-0.14937292;-0.6492462;0.75909567;1.4178433;-0.4325781;-0.391205;-0.80321246;-0.5034468;-2.3200896;-0.76708513;0.16376905;-0.7936329;-0.4049916;-0.6811416;-0.77251565
-0.3859641;0.39857388;-0.07668394;0.2173316;-0.09780376;0.7173326;-0.6091277;0.17924322;-0.6215732;-0.6261758;1.443098;0.7627965;0.59413487;0.8610499;0.89548653;0.9763877;0.4526301;0.6338679;0.4720062;0.58671534;1.4185094;0.7885583;-0.19811296;-0.18456703;0.08090353;-0.03831474;-0.5587626;0.049293924;-0.10485807;-0.66035295;-0.7980467;-0.8445626;-0.5596986;-0.49202922;-0.50895095;-0.027118286;-0.40728045;-0.28654194;-0.25905663;-0.25449267;-0.3755392;-0.46283656;-0.7370443;-0.41501585;0.33106825;-0.4668011;-0.6450285;-0.38447475;0.50808823;-0.3863248;-0.48270476;1.6670489;-0.5146638;-0.52629524;0.54355615;-0.32177663;1.3385386;-0.7995278;-0.16517556;1.3354756;0.49350932;1.8676904;-0.33592308;-0.0122337565;1.717372
0.061687827;0.62559074;6.5355527E-4;0.5330646;-0.069428585;0.6865105;0.65742046;-0.41361648;2.0293112;-0.5661819;1.891299;1.4015287;0.9621242;1.4837419;2.0928824;0.9551621;-0.27954552;-0.5127139;-0.65263367;-0.61157525;-0.6966336;-0.5677695;-0.7267071;-0.85952353;-0.7531889;-0.596569;-0.67300004;-0.56536996;-0.29855105;-0.2977294;-0.47893095;-0.63672245;-0.7549912;-0.5162595;-0.25262237;-0.2534681;3.039487;-0.27334607;-0.07387615;-0.2414793;-0.404188;-0.5660417;1.2378141;-0.4205016;-1.3128805;-0.4891394;1.545842;0.9469332;-1.9074203;-0.36823466;2.0916057;0.51555;1.02542;0.40370023;-0.590122;-1.1444662;-0.30367073;-0.99804497;0.41942772;0.111120805;2.114675;1.0927376;-0.88737845;0.89939654;0.3838286
0.45968056;0.6379144;-0.4362402;-0.3751677;-0.5117463;0.6841751;-0.37020564;0.65480363;-0.6668845;0.4946196;-0.13202636;0.24795845;0.26606813;0.7243578;0.7245868;-0.5645902;-0.58361864;-0.4584687;-0.35155413;-0.48419216;-0.6671603;-0.682156;-0.56595373;-0.32910633;0.36904937;1.2732407;1.6640984;2.409684;2.2344239;1.8761015;1.2705802;1.3785192;1.276328;0.4685119;0.29656658;0.5115585;-0.40936187;-0.27340093;-0.14794838;-0.306546;0.063741654;0.34806082;-0.6464011;0.06292333;0.043570325;0.12289018;-0.8619622;-0.5092394;0.5140412;-0.03812112;-0.45882457;-1.0285914;0.13608606;2.2292445;-1.6833998;-0.33426353;-0.2139551;-0.3922507;-1.7050616;-1.3658503;0.50192887;-0.93534833;1.3779588;0.12631766;0.7082026
1.5484548;0.390316;0.17626975;0.09072924;0.9961706;0.60976493;1.9944439;1.7805747;3.5566568;-0.3725652;0.2788859;1.021459;1.837461;0.68979186;1.153325;3.030137;2.5296407;3.8848615;3.137165;1.9536973;0.5325079;0.5419087;0.72559214;0.6664381;0.5258124;1.9359734;2.5793707;1.5536866;1.405043;-0.016446;-0.1615393;-0.26161936;-0.020495377;0.16394046;0.7686405;0.39446068;6.810886;-0.04881763;0.037232105;-0.1503859;-0.2895929;-0.40386227;5.3778625;-0.26604027;-0.96973526;-0.4851762;0.50631994;0.24462333;-5.2936473;-0.15909682;5.522839;0.6043139;-0.88656574;-1.0982792;-2.0471334;-2.0104117;0.9367311;-0.26220614;-0.13215284;0.32536185;-1.5318379;-0.31343722;-0.25038978;-0.37153986;-1.2173651
-1.2672312;-1.2840102;-0.54365796;-0.4783464;-0.8461978;-1.8992871;-0.5625019;1.815803;-0.85924846;2.0980918;-0.91717774;-0.9281336;-0.812858;-0.61470234;-0.56240565;-0.66230035;-0.68910015;-0.67318016;-0.62710875;-0.673867;-0.62343603;-0.5997115;-0.20874602;0.10098736;0.80288935;1.8212155;2.5323699;4.0169353;4.9852304;3.1962867;2.8331256;3.1565099;3.7566292;4.7060094;6.416361;5.107663;-0.45189077;-0.28250012;3.7223234;4.026898;3.5588923;2.7512648;-0.67576;3.697776;2.8164525;1.1620951;-1.2419428;-0.5223692;0.55037695;3.3867505;-0.49346584;-3.2064862;0.8626603;1.3069574;0.34987354;-0.49353644;0.32460997;-0.57659614;-0.75176424;0.3678396;-0.46869516;0.36666802;0.20254517;0.62772644;-0.49689218
