standardizeInput
0.0;140.15993;0.7576755;0.038308248;0.03249978;0.1389935;-15.609612;0.94406396;1.2160492;0.07458575;0.09337898;0.14886378;0.33348593;0.53076047;0.7136781;0.8955217;1.0468082;1.1728845;1.2467716;1.2877058;1.340243;1.3959206;1.4613968;1.531053;1.5793667;1.6200439;1.6716424;1.6951056;1.70814;1.7120148;1.6736114;1.5767305;1.4348768;1.246884;1.0445155;0.85559285;0.69289684;0.9445408;0.29542825;487.934;725.75916;1081.328;1604.7234;0.44516093;888.7535;3.6106033;1121253.4;7.894059;203.41382;-0.23135288;0.74144596;0.8501388;24.204084;4.3158474;3.3911908;-6.5025997;-13.510486;-9.99942;-3.6738255;-1.6638507;-1.1592548;-0.7395674;-4.8462906;-4.617513;-1.5306362;-2.4632115
1.0;110.60328;0.13079621;0.07046388;0.067941934;0.16425651;44.432667;0.72016174;0.64271766;0.071038164;0.09239205;0.07800476;0.22302471;0.41041717;0.58664644;0.80163383;0.9486659;1.0913825;1.1499722;1.0872977;1.0595428;1.053908;1.0933526;1.1500001;1.1613866;1.129928;1.1239662;1.0921767;1.0733786;1.0736014;1.0359017;0.9627598;0.91059315;0.8223341;0.69980615;0.5741177;0.46801835;2.0880249;1.0065717;775.21497;1103.1345;1503.2548;1947.3512;0.47268578;1072.5973;0.995304;2211345.2;6.726716;384.38477;0.4193408;0.7292536;1.7002761;13.611746;17.955935;16.794838;15.949906;15.798863;15.740965;14.43774;14.856824;14.8847685;13.072357;13.527387;11.975034;10.629833;10.050073
codebookNumeric
128;65;10;0.0;0.0
-0.0059775156;0.4517894;2.4759686;-0.4783464;2.630348;0.49405357;-0.5211799;-0.37681538;-0.70150644;-0.32075226;0.18539542;0.032682844;-0.020952538;-0.09759371;-0.0015652995;-0.26515996;-0.28550923;-0.1668393;-0.19937761;-0.27702895;-0.33407724;-0.4277443;-0.30425122;-0.1267706;-0.25654724;-0.28847256;-0.26809728;-0.23664527;-0.036875665;-0.46848115;-0.40707612;-0.58196557;-0.44786695;-0.4354127;-0.39697647;-0.34171978;-0.4065734;-0.28665888;-0.25905663;-0.26750597;-0.404188;-0.4923238;-0.6110715;-0.2907871;0.014902718;-0.24390388;-0.53977275;-0.46411565;0.5168703;-0.30108464;-0.46696097;-0.44608998;0.19921862;1.414238;-0.45479017;-0.93429595;-0.48060653;-0.70411813;0.6817965;0.16220197;-1.1682898;1.435233;-0.15571944;0.90258205;-0.5364727
0.7224512;0.9618336;-0.41517255;-0.3816276;-0.29842573;0.7253555;-0.17294459;1.6087122;-0.3281902;-0.3643842;-0.28221974;-0.30181596;-0.21737532;-0.3067971;-0.2989502;0.4762475;1.3952025;1.1066394;1.9415514;2.6885936;2.1139145;2.5011644;4.7683024;3.4883466;1.392488;1.0547093;0.75859284;0.10785102;0.24656194;0.7559758;0.024184102;-0.040168047;-0.3926877;-0.10370853;0.45221242;0.37508687;-0.4356168;-0.264423;0.20389454;-0.033265803;-0.26094413;-0.38911864;-0.67298794;-0.16086008;-0.9924078;-0.4580192;-0.42024717;-0.35039887;0.41737822;-0.045637276;-0.34718502;0.4614173;-1.0987052;-1.4445624;-0.37290943;0.39067042;-0.32817107;0.7643343;2.5771947;-1.5618641;-2.0213428;-1.2243319;-2.120377;-0.5011132;-3.1896515
-1.2672312;-1.2909131;-0.54365796;-0.4783464;-0.8461978;-1.8992871;-0.9454794;2.360817;-0.992916;1.8908404;-0.95224;-0.79062736;-0.6659962;-0.6032591;-0.6367805;-0.5246112;-0.418471;-0.21024206;-0.3738094;-0.033487964;0.77685195;1.3169193;1.0867399;2.9118478;3.027211;3.1017523;4.1864586;3.8599749;2.899762;2.662734;3.2149217;3.8515327;4.0340514;3.640936;1.8926766;1.1531324;-0.45224476;-0.29203016;1.0001704;1.4502554;1.74447;2.0288289;-0.87476075;1.5828471;2.2472436;1.140449;-1.0799489;-0.522085;0.5512064;1.3585864;-0.4993937;-2.17556;-0.12721902;1.4030364;1.9417387;0.55373394;-1.1281646;1.031134;-0.73865443;0.9285106;-0.5998664;0.2658301;-0.046614394;0.19553638;0.9670892
-1.2672312;-1.0668697;-0.54365796;-0.4783464;-0.8461978;-1.1340755;-0.1615735;-0.6663962;-0.7315786;2.3080697;-0.68033344;-0.8667942;-0.69972384;-0.8440176;-0.8273198;-0.6370441;-0.76023257;-0.8368514;-0.91537374;-0.919746;-0.90989596;-0.857483;-0.8812527;-0.80563134;-0.7177105;-0.70606065;-0.5331395;-0.30399254;-0.098534524;0.2821229;0.30236778;0.19538492;-0.10483575;0.19043627;0.7696195;0.29326934;-0.44488344;-0.27085945;0.64832765;2.6474829;3.453847;2.6480596;-0.55025506;2.6450315;2.9519863;2.6632786;-1.1502234;-0.52425313;0.54280704;2.5231526;-0.4833702;-2.2006202;0.030920118;-0.9528571;-0.07692876;0.49538618;-0.20189483;-0.9708343;0.16146228;0.15895784;-0.29645097;0.47202942;-0.45929617;-0.15228514;-0.17142726
-0.3028068;0.19662401;0.21769167;1.229855;3.227174;0.4840913;-0.81101096;0.42455462;-0.75521785;-0.65617275;1.2050909;1.0022719;0.91202533;1.3737336;0.803094;0.94901025;0.94108033;0.66068673;0.62126154;1.0151927;0.7337001;0.14107725;-0.11550342;0.05427329;-0.09155614;-0.40996107;-0.16099098;-0.12524655;-0.018692939;-0.25402158;-0.12693249;0.12518457;0.41909367;0.43885225;0.3522068;-0.064486004;-0.438852;-0.29014465;-0.46275526;-0.44969282;-0.44238636;-0.47758022;-0.6316154;-0.5236908;0.054966845;-0.4508048;0.04901472;-0.108347215;0.5227424;-0.55699563;-0.48859265;0.9707259;0.8177805;-1.0951021;0.40463302;1.5673625;1.0431715;0.7654416;-0.45047483;0.8600715;-0.47921395;0.87980795;-0.61271864;-1.642617;-0.1102701
0.4731177;0.5725288;1.8577441;7.371879;3.094545;0.3513094;-0.6938402;1.1401706;-0.60408884;-0.5852708;2.0754724;6.7638245;5.17123;2.6788807;1.7579639;3.2766213;3.7617786;1.4249479;1.0385438;1.21222;1.4304526;1.2283533;0.0429227;-0.43997204;-0.36772418;-0.22352849;-0.34702498;-0.47400054;-0.27095053;0.018524535;0.674125;-0.13151622;0.13415599;0.083742514;-0.2870214;-0.1755107;-0.4067258;-0.29283297;-0.38868302;-0.44969282;-0.46148553;-0.52918273;-0.5261143;-0.5077449;-0.73712295;-0.3734003;0.6524403;0.12801623;0.48955762;-0.53552014;-0.46584737;0.06592064;1.5007179;0.20893943;4.3238472E-4;0.1598935;-1.056441;-0.08622418;-0.13904913;1.1193352;0.8382496;-1.2060053;-2.5309362;-0.9579599;-0.7285923
-0.46395752;0.22896457;0.47293124;-0.4783464;-0.61027944;0.58593154;0.45919693;0.5348878;0.6450539;-0.39710823;1.386399;0.92193717;0.25692433;-0.07897092;0.41173077;1.0684665;0.5984057;0.3301579;0.41598836;0.38036972;0.49968243;1.5509483;0.952539;-0.24714401;-0.09731052;-0.39722046;-0.043912787;1.1757594;0.24067421;0.7205834;0.05273535;0.24152853;0.53150654;-0.073358975;-0.035831552;0.011386205;0.78887486;-0.244224;0.018714055;-0.18942593;-0.34689045;-0.5365545;0.11133271;-0.3364462;-0.9578333;-0.47131765;0.55501837;0.15026708;-0.32036957;-0.25881618;0.18359561;0.5433465;-0.16439787;0.15959708;-1.0334668;0.23201975;-0.46318248;-0.7870237;1.2909718;2.1849103;0.49109834;0.18261448;0.93748;-0.26375914;-0.6092847
-1.2672312;-0.8307392;-0.54365796;-0.4783464;-0.8461978;-1.8992871;1.4446117;-0.12036729;0.5353327;-0.11350074;-0.018899823;-0.42080152;-0.5024674;-0.5173783;-0.5146806;-0.5421045;-0.3406459;-0.32503957;0.13274854;0.833956;0.9049493;0.48667032;0.35692263;0.10280416;-0.27621835;-0.36885577;-0.34760544;-0.36108696;0.1848137;0.27113253;-0.17713188;-0.47558424;-0.55007863;-0.4717835;-0.47369197;-0.22246014;-0.18241248;0.9931709;0.11130438;0.27905467;0.1019401;-0.03527271;1.4447484;0.115921;1.2367395;-0.20348114;-0.2596041;-0.36374253;-0.12160905;0.19504179;-0.08018219;0.03436262;-1.1224371;-0.85869;0.5472556;1.3581134;0.9497273;-1.6032165;0.28133065;-1.0796168;-0.7039264;0.621756;0.36545265;0.14145556;0.7544583
0.27797076;0.58867675;-0.39180198;-0.25718388;-0.40485457;0.7031262;0.9123576;-0.20819598;0.99794173;-0.39983517;0.3627602;0.2548272;-0.17528646;0.51540726;0.18014498;0.49847233;0.13024811;0.020566069;-0.011752769;0.47944456;0.39523885;-0.46043283;-0.3414756;0.44260475;1.320632;0.24828732;-0.11545342;-0.6071055;-0.83571637;-0.87449986;-1.0571684;-1.1403631;-0.9552262;-0.86577994;-0.82232916;-0.8062873;0.85276103;0.043222312;-0.1849844;-0.22846593;-0.34689045;-0.35225973;0.29297215;-0.34067348;-0.10319198;-0.43692365;-0.098125204;-0.21566573;-0.56377566;-0.29095376;0.59243566;1.1757983;-0.65417016;-0.049888764;-0.45671928;-1.318678;1.9442455;-1.5553198;0.15059674;-1.0823967;-0.5549338;2.8499904;-0.13020796;-1.1789371;-0.5813526
-1.2672312;-0.45668462;-0.54365796;-0.4783464;-0.8461978;-1.1365136;-0.69516057;-1.1384692;-0.7327343;-0.26621246;-0.19676718;-0.06571927;-0.42325464;-0.5711827;-0.5837971;-0.7408645;-0.7624792;-0.7963572;-0.7076406;-0.871927;-0.9959974;-1.0587112;-0.9955863;-0.9098185;-0.68936414;-0.7719992;-1.0401063;-0.9166383;-1.0298815;-1.1534755;-1.0406299;-1.1260233;-1.1799116;-0.79001266;0.093014635;0.2133951;-0.43491307;-0.29128945;-0.38868302;-0.42366615;-0.49013427;-0.5807853;-0.5847606;-0.50763327;-0.33380383;-0.38067013;0.37337098;-0.12647334;0.52492154;-0.54616576;-0.4838353;0.19320561;0.20682406;0.67952716;0.044729024;0.6658823;0.5112658;-0.26343116;-0.19220065;-0.3158475;-0.06328144;-0.14841296;0.7511851;-0.33113676;-0.04083011
0.9960372;0.9709705;-0.35760447;-0.3453967;0.24638595;0.5967799;-0.18887492;-0.9509044;0.20950276;-0.52255;-1.1367533;-0.7309474;-0.30017155;-0.65839183;-0.41080925;-0.0905087;-0.47685808;-0.24856095;-0.39872375;-0.30423874;-0.78694445;-0.79778963;-0.7887108;-0.785455;-0.78561974;-0.63042676;-0.7075003;-0.8342188;-0.97601485;-1.0061853;-0.977673;-0.87214875;-0.95639044;-0.99382454;-1.0156652;-1.0150306;0.06694421;-0.2779962;-0.11091233;-0.26750597;-0.3755392;-0.5070673;0.7530641;-0.3980748;-0.9160782;-0.4888981;0.29839158;0.2989239;0.1708245;-0.34303877;-0.13701467;0.79641855;0.27359277;-1.0493004;-2.3823485;-0.9356669;-0.42928818;-0.08913364;-1.8135558;-1.8782997;-0.38969398;-0.8201414;-0.60612166;-1.764377;-1.6649908
0.047212686;0.35458636;-0.54365796;-0.4783464;3.4661627;0.40015772;-0.8329549;-0.25425974;-0.91699195;0.1919225;-0.8102452;-0.6969108;-0.6787693;-0.713214;-0.64524645;-0.696325;-0.64382786;-0.5625045;-0.5073841;-0.5067425;-0.40853637;-0.5349083;-0.3653469;-0.16707845;-0.1829381;0.18802924;0.3470861;0.5312672;0.37426752;0.0029931737;-0.18705025;0.06632294;0.35268757;0.009200396;0.1904553;0.5727979;-0.44827878;-0.29062933;0.666846;0.69548166;0.8277093;0.7461375;-0.730452;0.83738095;1.5574201;0.45187998;-0.9381797;-0.5083064;0.547629;0.5803633;-0.49687338;-1.4304492;0.2930569;1.5394968;-0.1599964;-0.84345454;0.5861623;-0.19769198;0.16162938;0.67814654;-0.9224314;0.5431931;0.24592985;-0.031816944;0.244329
-1.2672312;-1.2695055;-0.54365796;-0.4783464;-0.8461978;-1.8992871;-0.67621815;0.10072361;-0.8921905;2.8889205;-0.51717454;-0.7253135;-0.6670485;-0.7704943;-0.7947704;-0.76857805;-0.7743958;-0.7073425;-0.76380676;-0.83049554;-0.87308204;-0.6607273;-0.18467996;0.6349843;0.7644861;-0.117564365;0.37607327;1.2447221;0.6279074;0.11199476;0.68167305;1.359389;1.4858948;1.0872018;0.9736785;1.6239474;-0.45099103;-0.28854597;-0.14794838;1.4502554;3.13871;2.9724185;-0.7486807;2.1502678;2.4658003;3.2909234;-1.1028475;-0.5240935;0.5485168;2.000049;-0.4967028;-2.0096343;0.7011065;0.5570658;0.721223;0.25245184;0.49552104;-0.56321037;1.9515727;1.3474798;-0.32526433;0.8479158;0.32729977;-1.1054438;0.68787336
-0.37146896;0.470246;0.13040145;0.0043028235;-0.3536858;0.71742827;-0.925306;-0.79565024;-0.61998576;-0.7788875;-0.23665954;-0.13781899;-0.056768727;-0.16323431;-0.27612308;-0.5974422;-0.70448154;-0.72372437;-0.7134379;-0.84134835;-0.93058664;-0.96699077;-0.61666;-0.38427743;-0.49378;-0.8309652;-0.67825294;-0.6473941;-0.765633;-0.73253393;-0.7060201;-0.17899188;-0.006623865;-0.2020291;-0.31635085;-0.42171904;-0.43122926;-0.2933847;-0.4072011;-0.46270618;-0.56653106;-0.6766186;-0.76391864;-0.6264683;-1.2018945;-0.49213895;3.975307;3.6045165;0.4996055;-0.6961049;-0.47998434;0.73370576;1.6174453;0.67059827;1.2502367;0.2825432;0.22780772;-0.14940618;-0.49195948;-0.6615686;-0.38876247;0.25905594;-0.49024302;-0.44198778;-0.3014721
-1.2672312;-0.47524554;-0.54365796;-0.4783464;-0.8461978;-1.1253101;-1.1836319;-1.1439031;-1.0113052;-0.46255606;-1.3227787;-1.0780877;-0.97082406;-0.95921206;-0.91288865;-0.8308712;-0.7618216;-0.7496903;-0.7587435;-0.7664557;-0.80114514;-0.7422297;-0.83437777;-0.83699286;-0.89110446;-0.94774383;-0.9325764;-0.82829195;-0.8551153;-1.09527;-0.9227023;-0.57659054;-0.6737891;-0.76858526;-0.81787413;-0.7787469;-0.45220977;-0.29348776;-0.4812732;-0.52777284;-0.5283327;-0.59552884;-0.8958256;-0.56943244;-0.25815457;-0.27893847;0.42045343;-0.18083084;0.55131733;-0.647106;-0.49990958;-0.045872506;0.9782478;0.36823535;0.90897334;0.57288504;-0.15238394;0.38275057;1.046396;0.5445128;0.3653312;0.06403939;0.33861703;0.034268945;0.10028241
2.406788;-0.24214177;0.7990614;0.47799218;-0.20197798;0.43857604;2.1567574;0.06488038;1.3113943;0.14010966;0.13932633;-0.21828184;-0.14390616;0.16808845;0.27537292;0.06085258;-0.5336017;-0.46883067;-0.40459618;-0.3926278;-0.342558;-0.37676394;-0.32227907;-0.05345994;0.29390824;0.5874088;0.07352419;0.18167685;0.045747172;0.26719192;0.6645651;0.87970716;0.47953865;0.27196464;0.32362735;0.39096707;1.1406245;0.84167457;-0.05535818;-0.124359205;-0.041303728;0.14902222;2.4846656;0.03312113;0.25349113;-0.17010288;-0.6748612;-0.4731169;-0.8688459;0.057700444;0.7480874;-1.1940072;-1.4684764;-0.9119606;-0.75220376;-1.1427217;-1.9250821;-0.42235276;-0.5692031;-0.55429995;0.8072615;0.16219027;2.4102433;1.9376717;0.5083355
2.2397137;1.1825033;-0.40975472;-0.34735787;-0.4035313;0.672936;2.9034672;0.6562474;2.743826;0.23828152;-0.39831638;0.30711833;-0.14514685;-0.43366855;-0.39250717;-0.5062939;-0.394318;-0.19331124;-0.3197565;0.47368833;0.36511576;1.5009788;1.3423799;0.99647635;0.54530466;0.5313145;0.25131866;0.13039851;0.59233093;2.0347564;1.4111396;0.08996795;0.45898253;1.3855045;0.78205585;0.4317054;-0.41787556;10.428906;0.83350825;0.69548166;0.29293242;-0.027900668;3.062544;0.43580902;-0.55459464;-0.39962465;-0.1799293;-0.29205742;-2.62735;0.53597826;3.6829133;-1.19274;-2.154316;-1.8860028;0.070540324;2.0071256;0.28777564;-0.61601084;0.5842082;0.38354495;-0.14823109;-1.7724532;-1.1835722;1.4481738;-0.24771416
0.17543404;0.7970238;-0.31457275;0.7900571;0.42132998;0.759203;-0.6117295;-0.21523316;-0.45332113;-0.5307309;1.1168154;0.99307853;0.61355317;1.2876188;2.8684623;1.8227309;0.06577664;0.06297927;0.471104;0.051279638;-0.3720787;-0.73143333;-0.85503197;-0.88284993;-0.7545955;-0.74486864;-0.5911823;-0.50064915;-0.6066598;-0.5930615;-0.37575674;-0.5149842;-0.6838539;-0.6260418;-0.5719549;-0.3259183;-0.32583898;-0.29244107;-0.1294303;-0.22846593;-0.404188;-0.5586699;-0.76565593;-0.40881053;-0.7364477;-0.49491838;-0.00589589;0.2718965;0.45838815;-0.3527288;-0.39655882;1.6270555;0.64792466;-0.6513767;-1.3653308;-0.29342896;0.13020891;0.109111704;-0.34055033;-0.49292448;0.0101936115;0.28417587;1.5664761;0.9352868;-0.5094621
0.78979194;0.91324484;-0.46375284;-0.4304794;-0.7127439;0.86657757;-0.7828176;-0.034009047;-0.6301399;-0.56345487;-0.7141979;0.8973884;1.3597472;0.8604567;2.070825;1.0054654;0.8285908;1.2496315;1.6512315;-0.122509465;-0.5291549;-0.49897015;-0.54404527;-0.66219467;-0.6939603;-0.59979343;-0.266093;-0.25293875;-0.4937296;-0.038016528;-0.375547;-0.7427566;-0.88264114;-0.9234747;-0.8387045;-0.88958234;-0.3932684;-0.2933859;-0.14794838;-0.26750597;-0.404188;-0.5807853;-0.83474624;-0.43157145;-1.0771074;-0.48013613;2.0926511;1.57258;0.50431;-0.38828805;-0.4496174;1.2087983;1.0217983;-0.77868307;-1.6393169;-0.7283792;-0.3073782;-0.11903832;-0.120239325;-1.5191755;-0.90099835;-0.9178535;1.1216693;0.78975886;-1.5800929
-1.2672312;-0.9042223;-0.54365796;-0.4783464;-0.8461978;-1.8992871;-0.31992835;-0.4027994;-0.4170512;-0.36165723;-0.106927834;-0.24012999;-0.14191622;-0.22310987;-0.14462498;-0.332203;-0.20250568;-0.15748;-0.39553005;-0.30417833;0.16190918;-0.11358443;-0.37473127;-0.38876;-0.5807838;-0.5980548;-0.5689908;-0.64332855;-0.5374413;0.034259584;-0.14407691;-0.097011246;-0.34743637;-0.069992684;-0.3162552;-0.283092;-0.39474;-0.27399358;-0.37016493;-0.345586;-0.29914248;-0.41123402;-0.27548224;-0.41317555;0.5316251;-0.4399253;-0.2707455;-0.2546137;0.45176062;-0.40013593;-0.4589098;0.90781415;-0.05211126;-0.4032424;-0.1963355;1.3170924;0.715522;-0.3766969;-0.017949687;0.7380363;0.53636754;-0.626183;-1.3669444;0.40965265;0.80000263
0.23293768;0.4922379;-0.54365796;-0.4783464;-0.023293424;0.39371568;-0.9634106;-0.25474197;-0.84595996;-0.20621853;-0.58538324;-0.6895919;-0.57769895;-0.51955795;-0.37926754;-0.43279654;-0.3787168;-0.45088106;-0.38092223;-0.2266251;-0.32306015;-0.10514707;0.043762658;-0.005203842;-0.07893413;0.45949382;0.853605;0.45801547;-0.28719488;-0.35994288;-0.17675175;-0.35236678;-0.49859467;-0.5548534;-0.6201081;-0.6998425;-0.42915756;-0.2930697;-0.24053867;-0.22846593;0.07329165;0.04581688;-0.6433132;0.004981952;0.51382077;0.10823485;-0.07512809;-0.007269331;0.5349783;-0.051571883;-0.4925692;-0.44314706;0.4704524;1.407779;0.058780704;-1.2801176;-0.4831654;0.20407341;-0.9146537;0.58955103;1.4369701;0.2658978;0.8972313;0.7792609;-0.35448796
-1.2672312;-0.39150405;-0.54365796;-0.4783464;-0.8461978;-1.8992871;0.87812924;-0.34818274;0.98258245;-0.32075226;-0.568483;-0.88945043;-0.7693069;-0.62166303;0.039166912;0.44020745;0.11011766;-0.023185419;-0.21263888;-0.18587449;0.008699418;0.78998965;0.37083653;0.06724142;0.78825563;0.104609504;-0.77647406;-0.57553416;-0.36890587;-0.890194;-1.0502899;-1.2148248;-1.1300688;-0.91202396;-0.9615522;-0.7981645;0.7701585;-0.0555332;1.9596695E-4;-0.18942593;-0.3182417;-0.32277256;1.0426184;-0.2369052;-0.16783853;-0.42337814;-0.0210351;-0.19680102;-0.35069335;-0.15552016;0.06905251;0.14818197;-1.5159166;-1.615281;-0.43901575;-2.7499022;-0.9931233;-2.7805152;0.62836206;-0.08891366;-0.57192636;1.4608779;-1.2280948;-0.69932884;1.4735916
0.37722278;0.028431967;2.5221481;0.89803255;0.39726943;0.49565196;0.94496;0.29497376;0.43484303;0.12920177;-0.2080652;-0.508412;-0.5025491;-0.4099526;-0.36363596;0.3370173;0.7742249;0.3577664;-0.03131594;0.13993964;-0.13238499;-0.031517584;0.37087044;0.53032243;0.5986683;0.6275702;0.51931566;0.8104867;0.3925928;0.27872202;0.10662112;0.014235969;0.06609963;-0.21226451;-0.30845296;-0.28725103;0.13593337;0.09220511;0.09278625;-0.072305836;0.02554394;0.08267622;0.8193517;0.05248786;0.03809244;-0.31084633;-0.77494234;-0.47956678;-0.034933444;0.11108984;0.033342227;-0.32353997;-1.7566274;-0.09873907;-0.6011171;-2.2510672;-0.28830442;1.3998773;1.4762584;0.79697347;-0.09356397;-0.36415493;0.6729329;-1.2916566;-1.4996248
-0.116309635;0.4996796;0.85246897;-0.18207973;-0.61033;0.7569695;-0.13607101;0.48235777;0.18158081;-0.64526474;2.0502458;1.3910718;1.3535973;1.1600188;1.5844681;1.690422;1.2418109;1.6362059;0.70608836;1.1842297;0.8401619;0.049402367;-0.07927469;-0.044623937;0.4600064;0.4876425;-0.2232931;0.16921982;-0.26917514;-0.58153623;-0.41092855;-0.7812757;-0.78766704;-0.63098526;-0.44323963;-0.5085152;-0.032898974;-0.28211474;-0.35164696;-0.306546;-0.39463842;-0.5365545;-0.18363833;-0.47684392;-0.10557112;-0.48740184;-0.47517896;-0.23217626;0.1407466;-0.46401134;-0.24568333;1.4283733;0.7125602;0.056701425;-0.7201321;-0.3744924;1.2584661;0.400732;-0.68019176;0.6175658;1.0667913;1.3604528;-0.93255246;-0.6891208;0.1269266
0.09445352;0.8652535;-0.5359301;-0.32767376;-0.7571802;0.8521803;1.5544552;0.03021827;1.1964012;-0.4052891;-0.23851979;-0.20444827;-0.3436542;-0.17634751;-0.026991155;0.05195171;0.07037175;-0.30544293;-0.23321654;-0.053497553;-0.40698013;-0.07900275;0.30215478;0.4564124;0.16002177;0.13275541;-0.14665993;0.35696253;0.24211425;0.42219308;0.71760106;-0.07842776;-0.35107404;-0.35296747;-0.33574745;-0.28213224;1.1260313;0.26437905;1.9596695E-4;-0.111345865;-0.30869204;-0.101618715;-0.3420596;-0.16229856;-0.21663761;-0.39675346;-0.6366122;-0.4635526;-0.75392383;-0.081506714;0.8588388;0.19575925;-1.258841;-0.08129949;-0.54510295;-0.6933388;-0.40733466;-0.45953277;2.4135172;0.91388625;-0.4496403;1.734304;0.75435674;-0.045045186;-1.6767479
1.0233301;0.39022762;1.1937811;2.9773736;1.5145037;0.44402102;0.6500846;0.5604682;0.02567685;-0.08623079;-0.06150499;-0.091719516;-0.27322975;-0.27053916;1.0762311;1.3296416;0.032944955;-0.19086947;-0.111022756;0.21490312;0.181984;1.1825995;2.0801396;0.72766316;-0.2445535;-0.21877386;0.9219493;1.0000889;0.39801383;0.2430594;0.6245156;0.9911005;-0.07393221;-0.61001045;-0.40193895;-0.27676803;-0.1919551;-0.100923404;0.037232105;-0.1373725;-0.1749978;0.1932531;0.38332966;0.028774172;0.09705847;-0.20432693;-0.7700505;-0.49977142;0.2786299;0.0765807;-0.22429903;-0.36457524;-1.808745;0.12793577;-1.9498899;0.6245135;-1.1890352;0.23714997;2.075379;1.2905457;1.725062;-1.572651;3.1867218;-0.68018997;-2.02665
0.39268255;0.95190966;-0.38690132;-0.3174131;-0.17627732;0.58593047;1.1463412;-0.33290696;0.9826754;-0.22803448;2.413235;0.83212054;-0.02217595;0.706693;0.18793653;0.005004658;-0.25815976;-0.09074265;-0.2274886;-0.40491235;0.50908566;0.7840126;-0.120973885;-0.3007807;0.028578926;0.4187907;-0.6737286;-0.9750123;-0.973431;-0.7147534;-0.6575516;-0.7682672;-0.86471575;-0.7494109;-0.73745894;-0.6055665;0.76432145;0.28113025;-0.14794838;-0.20243928;-0.26094413;-0.1458496;0.68161;-0.24046023;0.14869086;-0.42712456;-0.51208866;-0.3571884;-0.55635446;-0.1690077;0.6613927;0.95820457;-1.0178889;-1.1650538;0.27834144;-0.587628;0.06754642;-0.9106013;-0.5456786;-0.114440486;0.99067193;0.14501917;-0.94878197;0.19785108;0.66468596
0.24818498;0.75593823;-0.45701084;-0.37047392;-0.3459467;0.7598716;0.4710665;-0.1014492;1.0249792;-0.6698077;0.939057;0.1494644;0.15817139;0.24861531;-0.28472477;-0.20912984;-0.2394516;-0.41694432;-0.354596;-0.38966212;-0.6250437;-0.3450962;0.61556095;0.627254;0.11683234;0.2522919;0.09220624;-0.029662427;0.14137387;0.073286496;-0.35403073;-0.42848533;-0.13791347;-0.27756968;-0.25719404;0.059528824;1.0897291;-0.23891497;-0.24053867;-0.345586;-0.49013427;-0.5734135;-0.3027511;-0.48946467;-0.95032716;-0.4639336;0.9317936;0.2955223;-0.6429625;-0.48632255;0.6573322;0.5139242;0.3343815;0.6907033;0.91372085;-1.4858153;-0.90496606;-0.034423966;-0.01596629;-0.6619683;-0.8972148;0.4117556;0.5578613;-0.3517688;0.2897917
-0.3649661;0.35422316;-0.54365796;-0.4783464;1.1031854;0.6272732;-0.76504904;-0.58961165;-0.5328097;-0.7161666;-0.43800378;-0.3170605;-0.12439429;-0.22856602;-0.52611417;-0.6020213;-0.49088407;-0.37806222;-0.39179274;-0.35732254;-0.41159904;-0.0883611;-0.09575729;-0.34627628;-0.5558655;-0.59296566;-0.70335025;-0.3982034;-0.48395312;-0.5228705;-0.71742076;-0.32029104;-0.6049434;-0.49797574;-0.4299507;-0.26672772;-0.43019807;-0.29276457;-0.51830935;-0.5017462;-0.5760806;-0.6545032;-0.57686675;-0.6263811;-0.71826947;-0.42360175;1.0193237;0.1411918;0.48586062;-0.71269524;-0.47973657;0.07142322;1.5359486;0.47142458;1.3544556;1.2365724;-0.38634092;0.08347784;-0.014531526;-0.26278368;0.94073606;-0.08486972;1.1255748;-0.5179521;-0.09468663
-0.6248385;0.025499953;-0.27577147;-0.156579;-0.050383434;0.4874353;-0.6011944;0.182965;-0.77033186;-0.08350384;0.6039263;-0.12737077;-0.036929227;0.27067053;0.76339376;0.6092953;-0.13952254;-0.63431376;-0.7497107;-0.7438234;-0.71084964;-0.77016306;-0.37837988;1.3973533;1.8255852;0.46234983;0.29902065;0.48512986;0.68047065;1.2219504;0.3172271;-0.4024463;-0.40181315;-0.35557374;-0.09962369;-0.28682095;-0.43560487;-0.27981052;-0.14794838;-0.22846593;-0.16544822;0.27434275;-0.61891395;-0.05384497;0.5491515;-0.16029115;-0.9197179;-0.51265514;0.5344982;-0.09146058;-0.48922795;0.008722234;-0.9004465;2.3539846;0.048605986;-1.3333379;-0.22913717;-0.73479396;2.4978783;-0.30746862;1.1976238;2.121687;0.8056134;-0.28655443;0.09406017
1.5977445;1.0122592;-0.48142374;-0.40843442;-0.53444767;0.66430205;-0.17979883;-0.032070443;-0.5305178;-0.028963882;-0.31372547;-0.58355653;0.13056545;0.45810124;-0.12867309;-0.4490259;-0.047582243;-0.10623702;1.3124604;1.3947139;-0.24676125;-0.07084244;0.23425743;0.49070165;0.18032926;0.15500516;-0.49326685;-0.7344721;-0.5882116;-0.38620985;-0.21937716;-0.08563522;-0.47800124;-0.48552275;-0.47063148;-0.28477678;-0.38470468;-0.25371078;-0.24053867;-0.26750597;-0.08905152;-0.0573879;-0.7126915;-0.08976436;-0.28869516;-0.093023494;-0.5442673;-0.46029255;0.48192737;-0.06158239;-0.42436314;-0.9851686;-0.6062905;-1.1030623;-0.60741925;-2.4597323;0.8011602;0.08772492;-2.890893;-1.9271369;-1.6705925;-0.28253156;0.3723498;1.0368439;-0.36112347
2.1595197;0.20214763;0.30977124;0.24261543;1.4569011;0.48489994;2.6220415;0.261508;2.4796946;-0.18440273;0.5709578;-0.37136394;-0.6809997;0.09032315;0.10541695;-0.5138112;-0.1544293;0.35868558;0.07347411;0.56200475;0.9334243;0.2588792;0.44580445;0.15235777;0.4380156;1.1730704;0.56279117;-0.461198;-0.33619997;0.2007697;-0.044652354;-0.36084804;-0.15573353;0.3907189;0.6116554;0.55068314;0.50043714;3.9064121;0.2964847;0.057827603;0.035093207;-0.16059324;3.3292563;0.011102895;0.2794047;-0.42022532;-0.59672284;-0.40619186;-2.8308864;0.1302582;2.260609;-0.0986232;-1.5922573;-1.9859923;-0.6436006;-0.22202694;0.5786895;-0.634599;-0.79537386;-0.6876026;1.3394728;0.31536356;-1.4013578;2.412295;2.5289927
-1.2672312;-0.92140603;-0.54365796;-0.4783464;-0.8461978;-1.8992871;-1.1781166;-0.91843605;-0.99824756;-0.6261758;-0.4890019;-0.7924563;-0.94268197;-0.9409072;-0.8007343;-0.8258691;-0.79812527;-0.6826744;-0.6381519;-0.66097873;-0.6481933;-0.51103544;-0.4917742;-0.6506533;-0.7994936;-0.8153332;-0.63745004;-0.61758643;-0.8160987;-0.92408675;-0.8088372;-0.4377924;-0.31421304;-0.3457579;-0.3957754;-0.5066834;-0.45225266;-0.29346824;-0.5738635;-0.5928396;-0.58563024;-0.6397596;-0.9014536;-0.64846945;-1.2200236;-0.38617972;0.55053174;-0.063684426;0.5511913;-0.76801676;-0.49993104;-0.1914343;0.41715416;0.5525834;1.0526682;1.3359205;0.46552017;0.122402705;-0.5591645;0.31079632;1.5947374;1.3966179;1.1039183;0.90950125;0.21596739
-0.44515198;0.3964981;0.92404294;1.9984863;0.74199617;0.53826714;-0.37797785;0.15115942;-0.060089584;-0.81706536;0.3502648;0.2902529;0.77826136;1.2986491;0.82084155;0.008468473;-0.27283183;-0.11051704;-0.10759865;-0.24112664;0.040561732;0.8812584;0.8337131;-0.09103059;0.5655962;0.3277008;-0.5094803;-0.30162153;0.10161336;-0.2733777;-0.0697801;-0.21320033;-0.13374618;0.019116076;0.07564054;-0.028272508;-0.1787709;-0.2835321;-0.44423714;-0.3976394;-0.45193595;-0.59552884;-0.24618556;-0.55486596;-0.24681434;-0.4821655;0.31384864;0.20302807;0.2759042;-0.58548737;-0.4042989;1.1492518;0.69071776;0.040978737;1.7964456;-0.029683437;-1.0438483;-1.0492207;0.5404009;0.8306689;0.091591544;0.6902221;-0.45348656;1.7539444;2.5233142
0.2439699;-0.137621;0.14214008;-0.14898072;-0.5604415;0.45766768;0.4368603;-0.8469136;-0.028418869;-0.25803146;0.6621458;-0.45439777;-0.638146;-0.662617;-0.40518177;-0.2790596;-0.71730953;-0.67102563;-0.8176353;-0.8943116;-0.90208626;-0.9327908;-0.85759765;-0.7148845;-0.7920938;-0.8226937;-0.720242;-0.45443058;-0.03976873;0.06257597;0.03664316;-0.32749733;-0.78180814;-0.91227114;-1.0128548;-1.0383335;-0.120563544;-0.1510973;-0.018322004;-0.21545264;0.02554394;0.47338128;0.029570317;0.11108785;-0.14984307;0.14234124;-0.65323097;-0.4694779;0.30560985;0.06254129;-0.25493833;-0.83524513;-0.2815334;1.2207887;-1.5080414;-0.0733543;-0.52459997;-1.4470266;0.5868217;0.4439531;1.0917233;1.750517;0.4048509;0.54655284;0.31876302
0.15915053;0.5165421;-0.2785959;-0.16421242;-0.54898643;0.61813647;0.1731597;0.15471148;-0.2698361;0.21101183;-0.7161954;-0.6260474;-0.6031828;-0.35535792;-0.18505584;-0.096078634;-0.20133705;-0.2361645;0.23219329;0.4902256;0.86090386;1.0316288;0.7533652;-0.0924401;-0.22811349;-0.0604177;-0.20466517;-0.27751997;-0.24780877;0.21106501;0.54051113;0.49297667;0.35418215;0.18595788;-0.08859483;-0.091995396;-0.4442915;0.1394857;0.7594359;0.40918744;0.22608478;-0.013157019;-0.28474393;0.30609483;0.58757186;-0.42705446;-0.4414507;-0.3533716;0.41524094;0.42649096;-0.34869635;-0.26199028;-1.447019;-2.180087;1.1261108;2.5346978;0.10284777;0.6422008;-0.95455325;1.0979018;0.13384177;-0.17493981;1.1682268;0.15191647;-1.040864
0.116783805;0.66154736;-0.47051403;-0.42385814;-0.3149515;0.68060356;-0.59014124;-0.1462901;-0.62873584;-0.46255606;0.18627472;0.040620875;0.014458024;-0.122307464;-0.17384884;0.08696295;0.48404434;0.064481035;-0.49425808;0.18485525;0.5717058;0.039825417;0.24024868;0.3252391;0.3952659;0.04597788;0.30479264;-0.4065853;-0.5576435;-0.5573033;-0.62056303;-0.78364044;-0.7401447;-0.6390875;-0.7002225;-0.7597188;-0.4029338;-0.2904108;-0.16646647;-0.124359205;-0.30869204;-0.4702084;-0.70790267;-0.34154952;-0.16943006;-0.4674356;-0.49321526;-0.35261717;0.50450665;-0.27848428;-0.45637852;1.3319045;-0.59440345;0.26058343;0.023544563;-1.1906815;-0.19517608;1.7501774;0.3944909;0.55142933;1.0123192;-0.2745449;-0.21021742;-0.4718467;-1.0127357
0.22202756;0.41242096;-0.41769713;-0.35640797;-0.6512571;0.7347097;0.8607887;-0.12051196;0.5201619;0.17828822;-0.46072924;-0.19487904;-0.5451667;-0.3786351;-0.45313597;-0.23493204;-0.049368117;0.17350025;-0.07468495;-0.23634158;-0.10339481;-0.028886229;0.19224;0.74489874;0.31859478;-0.12173087;-0.6029341;-0.37520313;-0.5965686;-0.54709;-0.042217676;0.44284123;0.1940465;-0.14149378;-0.012523649;-0.0684367;-0.22023176;-0.19689113;0.12982234;-0.046279203;-0.1749978;-0.3817469;0.012340059;-0.10874329;0.09535651;-0.30434912;-0.16316564;-0.36445275;-0.08641545;-0.0030673048;0.20091987;-0.04000995;0.06278258;-2.0448766;0.06261746;0.46617365;-1.4252595;3.1389596;0.46749014;-0.644922;-0.616006;-0.6908666;0.5677675;-0.47624242;0.31756935
-0.256744;0.398305;-0.54365796;-0.4783464;0.47223088;0.6125629;-1.1467721;-0.3542893;-0.9097315;-0.7816144;-0.2518767;-0.27547404;-0.2710232;-0.27142555;-0.2816658;-0.29611284;-0.2985719;-0.28604373;-0.2809316;-0.28044543;-0.27879256;-0.275599;-0.27297556;-0.2639342;-0.26004472;-0.26340774;-0.25366732;-0.24190818;-0.2367143;-0.2325582;-0.22641623;-0.22242296;-0.2161275;-0.2123272;-0.21135813;-0.21060233;-0.450586;-0.29348865;-0.42571908;-0.47571948;-0.58563024;-0.698734;-0.86160505;-0.6473895;-1.4173975;-0.4958195;4.286539;4.1935043;0.5464831;-0.7301273;-0.49768183;0.5448093;1.6135486;1.1305729;1.1472299;1.2679826;0.2733447;-0.45778108;0.5669874;-0.113973975;-0.6353949;-0.6326314;0.027592687;-0.122091845;-0.13414046
-0.35882145;0.35370505;-0.28562346;-0.38063997;-0.3425864;0.6334124;-0.57370096;0.11711791;-0.19425616;-0.6070868;0.9782764;0.45892256;0.76863754;0.9151627;0.38607064;-0.20668294;-0.28846687;-0.3529053;-0.44426578;-0.51087195;-0.34669122;-0.3111675;-0.10207735;0.43324792;0.04816162;-0.09138834;0.054924652;0.43665954;0.31588924;0.60460615;0.32652116;-0.028678913;0.47007537;0.42373657;0.31453505;0.5994049;-0.31693205;-0.29155788;-0.4072011;-0.42366615;-0.50923353;-0.6545032;-0.3684666;-0.5524585;-0.7048181;-0.35250708;0.6196516;-0.08485227;0.40318024;-0.60428786;-0.4399767;-0.49409786;1.8750882;1.6093944;1.1687742;0.16414194;-0.47637802;-1.0827488;0.25732657;-0.23255761;-0.968101;0.66247034;-0.56907535;0.15584426;0.9465731
-0.13569877;0.42870882;-0.2820757;-0.33631384;-0.19992633;0.7283833;-0.6632282;-0.9409543;-0.15553541;-0.8470623;0.14999242;-0.2890636;-0.57099676;-0.34506458;-0.45329577;-0.49456644;-0.64556175;-0.40429807;-0.24655412;-0.115638584;-0.48145714;-0.6907994;-0.8180762;-0.9020472;-0.9896027;-0.9776671;-0.9686933;-1.0630329;-1.0208788;-1.0025955;-0.72467107;-0.5782387;-0.57539254;-0.8610234;-0.7816255;-0.62079924;-0.35258052;-0.29210514;-0.4812732;-0.5407862;-0.53788227;-0.6397596;-0.58700275;-0.6500197;-1.0708551;-0.49567482;1.4022104;1.5098983;0.3206801;-0.73328686;-0.36678046;1.2410535;1.3310909;0.37243807;0.6889374;0.8000826;1.2762865;-0.37553322;-0.11200707;-0.74837345;0.5608013;1.3015087;1.2101218;0.99683046;0.8384604
0.22179069;0.8061721;-0.4262193;-0.43596572;-0.14086324;0.74751765;-0.5680964;0.14727905;-0.53823674;-0.506188;-0.31137428;-0.09845824;0.18275611;0.16581328;0.82380915;0.6712929;0.38956514;0.20539573;0.40153694;0.7298517;1.1734767;0.6600745;0.10782262;0.1482162;0.27678236;0.28284082;-0.044067558;-0.04597257;-0.17502846;-0.5088286;-0.6900215;-0.5751812;-0.60920954;-0.7108452;-0.6940006;-0.68461424;-0.3634403;-0.28932446;-0.018322004;-0.20243928;-0.3755392;-0.47758022;-0.6763056;-0.34142247;-0.7375469;-0.49329442;0.06638971;0.13323158;0.48219854;-0.25715765;-0.43150076;1.4262737;-0.6297184;-0.9127365;-0.9651217;-1.1079016;0.23062418;-0.96540135;0.07481881;0.32224968;0.8886667;0.7352041;-0.2409741;-0.44898394;0.66267806
0.38979834;0.3944324;-0.3839368;-0.22771707;-0.014042642;0.6047893;0.4131461;-0.6297248;0.34566534;-0.031690836;-0.34153658;0.082757495;-0.24300875;-0.2975929;-0.22497231;0.45415333;0.35384068;-0.31570056;-0.03821569;-0.13242216;-0.65827245;-0.7809576;-0.8274438;-0.8535474;-0.8075627;-0.3977374;-0.30931586;-0.68899345;-0.5518378;-0.8170684;-0.87978464;-0.86816543;-0.851738;-0.68377995;-0.14938533;-0.13485876;-0.116150714;0.2073983;0.1853765;0.109881036;-0.03175377;-0.2785416;0.8384994;-0.04384823;-0.093632035;-0.45875198;-0.55679387;-0.34609473;0.035638988;0.086904004;0.06865526;0.7353492;-1.0893505;-1.3746654;-1.3469032;-0.2027174;3.6693316;-1.0567737;-0.44949403;0.36305565;0.5183428;-0.49486867;0.40187854;-0.80651826;-1.5031154
0.20690677;0.29615754;8.146551;6.7595634;1.8162147;0.48523766;0.3861592;0.7533475;0.76296526;-0.3043904;0.22683264;-0.1574468;-0.22701724;-0.01931186;0.53904825;1.3917279;1.516303;0.6310878;0.15191077;0.18575186;0.19133586;0.8639923;1.7443129;0.8156253;0.41274142;0.28462297;1.2210848;0.19676845;-0.071487285;0.0076712016;0.36910188;0.16978733;0.6812851;0.5142546;0.69146127;0.05924304;0.24533051;-0.25954506;0.11130438;-0.098332465;-0.30869204;-0.47758022;1.1672602;-0.25503734;-1.1012197;-0.4594692;0.71228385;0.13348028;-0.15259576;-0.14929907;0.19344932;0.017049594;-0.06498472;-0.4347091;-0.5611513;-0.6375271;-0.6101405;2.150689;1.2797991;2.214785;0.91654605;-0.684019;-0.32266957;-0.16592799;-1.6010172
-0.29696882;0.5096714;-0.48285738;-0.3751664;-0.49916956;0.8343206;-0.84176326;-1.0053619;-0.23492149;-0.8279733;-0.13966808;-0.22921954;-0.1697623;-0.45491955;-0.6976352;-0.65940034;-0.6573595;-0.7838872;-0.92986184;-0.8839941;-0.9064837;-0.8154829;-0.7934048;-0.78071874;-0.8899876;-0.824571;-0.55175096;-0.87715364;-0.77989995;-0.6413112;-0.80502254;-0.7586041;-0.46831027;-0.61611295;-0.73771745;-0.64033437;-0.40892723;-0.29329503;-0.51830935;-0.5407862;-0.5760806;-0.69136214;-0.78571826;-0.6821996;-1.1659317;-0.501197;3.5420434;4.947244;0.36733082;-0.78601795;-0.46091133;0.8346427;1.6584898;1.8305461;0.9576469;0.63054866;0.8090842;0.11301696;0.21237263;0.64878696;0.10255476;-0.56089616;-0.8158154;0.44575483;-0.10971965
-1.2672312;-0.34571058;-0.54365796;-0.4783464;-0.8461978;-1.0824623;-1.0553169;-1.0840436;-1.0032738;0.39644766;-0.21699542;-0.9579388;-0.8906554;-0.69210804;-0.6564083;-0.77977866;-0.8467253;-0.6799438;-0.6805599;-0.65283823;-0.76134187;-0.7236343;-0.53799564;-0.71436745;-0.8586879;-0.9230364;-0.92117655;-0.9123607;-0.82328284;-0.95080656;-0.95845747;-1.015417;-0.89727134;-0.6631492;-0.6370945;-0.8324121;-0.45212418;-0.2931326;-0.14794838;-0.111345865;0.28338242;0.51024014;-0.89607996;0.23137714;1.434921;0.27029368;-0.78998256;-0.49241877;0.5513655;0.21777064;-0.4996872;-0.62395483;-0.6928557;0.24070057;0.19720885;0.30025288;-0.044647217;0.51529825;0.64468163;-0.5535724;-0.3233201;0.12745924;1.8407618;1.1873193;-0.37606707
1.5634137;0.6587835;0.3387662;0.16983385;0.28238517;0.4483746;0.52992827;-0.8014987;0.6912066;-0.3371143;0.12600034;-0.06885618;-0.1327587;-0.38698098;-0.61549973;-0.49310958;-0.48144132;-0.4725728;-0.4064327;-0.51695937;-0.697548;-0.6876609;-0.5995689;-0.56943655;-0.3610034;-0.63564074;-0.6562763;-0.7700451;-0.83552027;-0.9047671;-0.85782623;-0.64833415;-0.5099119;-0.511719;-0.57458204;-0.48012486;0.40818393;-0.087348916;-0.24053867;-0.26750597;-0.2895929;-0.35963154;0.8135178;-0.35414326;-0.27361614;-0.46183726;-0.5501359;-0.3579425;-0.21833415;-0.30462617;0.14157829;0.98670405;-0.67752415;-1.2707882;-0.12561089;0.13718681;0.18420853;0.26057485;-1.384322;-1.1142583;-1.5126004;-0.2666093;0.09382104;-0.9010531;0.99218214
3.0752513;1.1846489;-0.31484398;-0.26892534;-0.3947954;0.5302076;3.4522107;0.7278808;2.335986;0.32827196;2.4313788;1.867276;0.24204065;-0.06695787;-0.12902649;-0.14028165;0.1555976;-0.15724955;-0.05580055;0.1338785;0.2963631;0.3395558;1.0561599;1.541034;0.48696122;0.42871442;0.6618887;0.867135;1.0544456;0.41796604;0.5524415;1.1822801;0.8454702;0.98970485;0.91035545;0.44159108;-0.024386402;6.289083;0.5927735;0.6434282;0.5412216;0.1711374;0.89014703;0.52114385;0.42325848;-0.29391566;-0.9509239;-0.49889445;-1.9787871;0.5447859;2.6360345;-1.0647893;-2.0829155;-0.55605215;0.15886775;0.7886311;0.58097124;0.25909093;0.46438792;0.5069196;0.2712223;2.0186937;3.7055888;1.2555546;-0.7192793
0.29758048;0.61217976;0.10355039;-0.4783464;1.4199138;0.39615008;-0.18053553;0.52246714;0.1640501;-0.49255303;0.23641542;0.69446874;0.32288477;0.1919832;0.46692804;0.73311347;0.8566643;0.60349584;0.4668291;1.3082521;2.3624685;0.8114099;-0.30060953;-0.40283802;-0.20033564;0.29487145;0.43729046;-0.022859566;0.15268996;0.2845034;0.31181663;0.40924442;-0.120171405;-0.25419012;-0.14102235;-0.37346882;0.005604397;-0.2628621;-0.31461078;-0.31955937;-0.4137376;-0.55129814;0.43481314;-0.48509806;-0.5080621;-0.48891166;-0.22991192;-0.09034573;0.1265085;-0.4793476;-0.12349535;1.6054219;0.46421605;-0.6687164;-0.55153555;0.7650341;0.38216153;0.020899156;-1.1830907;-0.88069326;2.0766175;-0.11246299;-1.3803824;-0.13222228;-0.9047256
1.728387;0.82495356;-0.3216618;-0.31201243;0.21092676;0.49662462;0.6706244;-0.9423621;0.72517294;-0.3234793;-0.38254687;-0.38187578;0.28389272;-0.0014243631;-0.26511535;-0.59587175;-0.5662381;-0.61873;-0.789022;-0.895907;-0.8201495;-0.7998619;-0.919526;-0.7329175;-0.66101694;-0.87362987;-0.84511304;-0.77552724;-0.74192137;-0.6453744;-0.69005406;-0.88245624;-0.8064758;-0.68887764;-0.60190976;-0.5924471;1.0274596;-0.11733079;-0.1849844;-0.345586;-0.47103515;-0.2859137;0.88114685;-0.29746428;-1.1360251;-0.24848641;-0.4376809;-0.43392733;-0.4698854;-0.3042609;0.6244781;-0.8927624;-0.5170739;0.45350477;-0.8368055;-1.9436584;-0.09719097;-1.3931392;-1.9258792;-1.856605;-0.19583045;-0.7082639;0.04305077;1.5157759;1.9324727
-0.2514078;0.21065202;0.89015895;2.1782677;1.1684358;0.44484702;-1.0430225;-0.19277543;-0.9269143;-0.6070868;-0.67179304;-0.60388255;-0.47465017;-0.45307705;0.10613276;-0.07899216;-0.21253176;-0.29114962;-0.18618244;0.046304893;0.1689117;0.28368998;-0.38811815;-0.4911979;-0.48611054;-0.43753934;-0.18729159;-0.4649646;-0.39583385;0.17339636;0.08476409;0.37197977;0.15827142;0.17368886;0.02993782;-0.07165522;-0.44741756;-0.29334298;-0.35164696;-0.306546;-0.404188;-0.5439263;-0.8067708;-0.46586213;-0.061094128;-0.42568615;0.51458114;0.058870655;0.54680854;-0.45913556;-0.4975188;0.4825116;1.192441;-0.5418212;0.027063582;0.8785384;-0.6676915;-0.7201095;-0.5303517;1.4989003;0.79028666;0.2923126;-0.8233243;0.19681878;0.39227712
-0.3650671;0.42671463;0.54263216;0.48388252;1.0008023;0.6131586;-0.41038778;-0.30562755;-0.42888257;-0.23894246;0.708698;0.57533514;1.1738948;0.9426784;0.26989794;-0.1015336;-0.31345436;-0.35783383;-0.15959914;-0.22398055;0.09718724;-0.21832743;-0.37300077;-0.06241131;0.0811982;-0.035038825;-0.24684697;-0.82156396;-0.60532695;-0.73450917;-0.7762869;-0.56298697;-0.4028459;-0.24227704;-0.35937667;-0.3541242;-0.2779592;-0.28488192;-0.2960928;-0.38462612;-0.46148553;-0.6029007;-0.43779618;-0.43296006;-0.2948016;-0.27742445;-0.089816816;-0.3652465;0.4144954;-0.44802296;-0.4649928;-0.5647678;1.3295639;1.1640224;2.1751802;-1.53471;-1.97097;0.5892648;-1.7836307;-0.21903089;0.0022925;1.660476;-0.73467404;0.62753415;1.3957382
0.6437393;0.6634672;-0.31507358;0.51754385;-0.5741413;0.63027734;0.60862297;2.86846;-0.34786475;0.27373263;-0.19499806;1.6463922;1.3692739;0.872827;0.64793706;0.5716088;1.9128194;3.4161367;3.7771738;3.0431514;2.8301601;2.1749663;3.1233466;4.330443;4.2110715;3.778957;3.249794;1.9626114;1.0689518;2.0772393;1.4689525;0.13953456;-0.47427535;-0.86665183;-0.49020562;-0.22798799;-0.42804396;-0.06372139;0.40759316;0.6174015;0.72266394;0.5470988;-0.46159083;0.6283015;1.3046104;-0.079230756;-1.0008026;-0.51512194;0.44503054;0.57800335;-0.36131024;-0.818068;-2.1739364;0.2156767;-1.3007499;-0.22557415;-0.31141484;0.30302572;1.3180623;-2.7295966;0.44784948;-1.5491306;0.496032;0.11067411;-0.88244927
-0.012368772;0.5716584;0.38465685;0.4562157;0.23367904;0.5884061;0.42105272;-0.0954403;1.0379498;-0.52527696;1.1674739;0.35558957;0.6765955;0.15973157;0.024862327;-0.09217212;-0.20975432;-0.463067;-0.57356966;-0.48478195;0.24970713;0.7413366;0.41458344;0.5250993;0.5946645;0.40820938;-0.030517554;-0.48587984;-0.63681996;-0.5338493;-0.47832027;-0.16144066;-0.4396181;-0.18264881;-0.48110127;-0.6326123;1.277881;-0.20860688;-0.20350249;-0.28051934;-0.39463842;-0.55129814;1.2385311;-0.43622747;-0.4247077;-0.49240056;-0.3839288;-0.16160686;-0.681319;-0.39886326;0.6030657;1.9138204;-0.09458824;-0.8627913;0.37028506;0.15526597;-0.5756864;-0.5886056;-0.92453736;-0.12758447;1.0143197;0.5590789;-0.7428536;0.6420044;-0.28698742
-1.2672312;-0.63505894;-0.54365796;-0.4783464;-0.8461978;-1.8992871;-0.4325161;-0.86985195;-0.7464268;-0.06168789;-1.2016677;-0.94705707;-0.65457976;-0.71894634;-0.7062909;-0.7599857;-0.7328545;-0.5876472;-0.50047183;-0.6547407;-0.42920375;-0.30076924;-0.69467837;-0.7876103;-0.86210746;-0.6668016;-0.5824859;-0.6215961;-0.47381157;-0.4887726;-0.85820234;-0.3729116;-0.56796145;-0.7570185;-0.7816179;-0.8351827;-0.43049988;-0.28293478;-0.25905663;-0.31955937;-0.2895929;0.097419806;-0.5760751;-0.1349207;0.7293356;-0.023585813;-0.57095766;-0.4631789;0.5297139;-0.1480125;-0.48539633;-0.62815124;-0.20081459;0.1415229;-0.19587952;0.44777277;-0.25787997;-0.5773372;-0.22205745;0.06517341;-0.38633698;-0.46989116;-1.0751466;1.3156552;1.0402076
-0.5460799;-0.56825835;-0.54365796;0.13704747;2.2174218;0.48381522;-1.0288163;-0.7105714;-0.8865471;1.3754388;0.07570856;-0.42292815;-0.55539286;-0.5366686;-0.4751736;-0.62553596;-0.64636403;-0.748088;-0.6719594;-0.71398485;-0.7640361;-0.42844936;-0.50576407;-0.4925825;-0.18769675;-0.14480546;-0.48277313;-0.62120396;-0.3557864;-0.63598645;-0.64364207;-0.67849517;-0.511334;-0.39377636;-0.23490763;-0.23395753;-0.45123562;-0.29323268;-0.53682745;-0.57982624;0.7704116;0.89357305;-0.7207129;0.2456901;-0.58279014;2.5774195;-0.53929377;-0.45665172;0.54460746;0.17636096;-0.49907374;-1.106941;1.0584246;0.8617153;2.561166;0.18995704;0.290049;0.18900359;0.978757;0.84036946;0.81118256;1.1820784;0.25511262;1.0678661;0.8590885
-0.4272223;0.26793566;-0.09346913;0.15294519;-0.090512685;0.7050102;-0.6378997;-0.0021194448;-0.43032688;-0.6916236;-0.15538517;-0.2329829;-0.333839;-0.09663845;0.19891787;0.11368152;-0.14537016;-0.16737151;-0.2788557;0.5785156;1.8476416;0.46921292;-0.16895127;-0.38996205;-0.21129474;-0.054098994;-0.18169545;-0.22585602;0.039017454;-0.47645202;-0.4167877;-0.15453638;0.03047662;-0.07648585;0.045773108;-0.17006996;-0.37078437;-0.2894174;-0.42571908;-0.35859936;-0.43283677;-0.5734135;-0.56220675;-0.5368203;-0.17800021;-0.48579067;0.14157508;0.24978119;0.45327544;-0.55810636;-0.46240637;1.6160363;0.8804817;-0.5427636;-0.01326805;1.1891423;0.7276328;-1.3270361;-0.19086967;1.2637626;1.2800261;0.7332732;-0.143003;-0.081104085;1.3689157
-0.67459077;-0.1951489;-0.0525117;-0.2815766;1.0503248;0.5205042;-1.139935;-0.5515577;-0.9742758;-0.18712953;0.37382227;0.10611859;0.1044898;0.12837423;-0.30068368;-0.6470954;-0.60620606;-0.45910412;-0.48640028;-0.47061545;-0.6074355;-0.56674;-0.33024162;-0.39429137;-0.5151672;-0.5963902;-0.6681818;-0.5887736;-0.472693;-0.5711376;0.36683658;0.24903461;-0.26062524;-0.44246343;-0.5318932;-0.54477;-0.45114398;-0.29348958;-0.46275526;-0.46270618;-0.5283327;-0.6323878;-0.849002;-0.47565714;-0.40249246;-0.15152137;0.06688336;-0.27966276;0.5499064;-0.55575573;-0.49925205;-0.40320355;1.9630828;0.7412878;0.9594754;1.513934;-1.3539258;1.1514355;-0.8169747;-0.9097645;0.08964109;-0.6672412;1.2167366;0.2717992;0.46933675
-1.2672312;-0.64509314;-0.54365796;-0.4783464;-0.8461978;-1.8992871;-0.17464915;-1.000802;-0.44064945;0.3337269;-0.38935542;0.03491483;-0.44987264;-0.79202735;-0.6300057;-0.4865029;-0.6625292;-0.7150388;-0.7916844;-0.81124115;-0.8160206;-0.90885085;-0.9382332;-0.9053963;-0.92332315;-0.9773455;-0.91409886;-0.99562734;-0.9997088;-1.0183352;-0.85552424;-0.7166644;-0.44171205;0.112299;0.15505221;0.3715776;-0.38446918;-0.27325535;-0.09239424;-0.1373725;-0.24184498;-0.38911864;-0.14297475;-0.15023877;0.39341614;-0.01386865;-0.14212361;-0.38489252;0.44971183;-0.06510806;-0.4474399;-0.037764024;0.14657925;-1.7303258;0.11179135;-0.3243521;1.0707681;-0.06785677;0.2704228;0.9157996;0.34839305;-0.87594813;-1.745968;-0.2103651;-0.25471324
-0.69269174;-0.5166947;3.3856575;6.4384747;-0.23860054;-0.25021833;-0.91919583;-0.6488636;-0.8943964;0.92548454;-0.27743027;-0.33752602;-0.2494663;-0.4613517;-0.6165283;-0.7269533;-0.5294674;-0.5591237;-0.58958673;-0.37915125;-0.2615187;-0.28849867;-0.3120199;-0.43785736;-0.5016805;-0.5566292;-0.73095757;-0.65723413;-0.40200472;-0.44205102;-0.5663671;-0.60392743;-0.54462445;-0.21364304;-0.15306646;-0.21386047;-0.44939914;-0.29253867;-0.46275526;-0.48873284;-0.5474319;-0.41123402;-0.81442374;-0.28439832;-0.10858218;0.59482193;-0.28604597;-0.38382033;0.54545075;-0.34095994;-0.49618453;-0.25351593;0.67532563;-0.35133395;1.4912425;1.4959859;1.0139182;-0.26327032;0.27122295;-0.24946879;-0.17948292;0.5576385;-0.12604155;-0.10405101;0.07556239
-1.2672312;-0.4866327;-0.54365796;-0.4783464;-0.8461978;-1.0972279;1.1351409;-0.45868477;0.6012381;0.03375702;-0.89829165;0.4339558;-0.13938372;-0.18972456;0.9143043;-0.07667518;-0.6851126;-0.53829706;-0.1828127;-0.4343918;-0.41329747;-0.53007126;-0.097951256;-0.31548208;0.123331875;0.012333654;-0.54463947;-0.22024573;-0.13632225;-0.6289095;-0.7180033;-0.92328936;-0.8618374;-0.6202152;-0.4635818;-0.5252652;0.39580378;0.4110461;-0.036840092;-0.21545264;0.02554394;0.62818855;1.1538563;0.13534856;-0.25468743;-0.071319595;-0.9421175;-0.5149752;-0.11907549;0.08231514;0.2582423;-0.8656336;-1.5817198;0.9012268;-0.97975117;-2.8833013;-0.8293653;-1.7613279;-1.4450666;0.17200199;-0.7366072;1.4494854;0.57742333;-0.48235366;-1.3464527
-1.2672312;-0.84279215;-0.54365796;-0.4783464;-0.8461978;-1.1388503;-0.98956865;-1.0561991;-0.9930789;0.92003065;-1.4542509;-1.1968447;-1.0319238;-1.0221826;-0.9480882;-0.81943125;-0.8349239;-0.8463072;-0.9220677;-0.9013446;-0.85172653;-0.6068894;-0.61883986;-0.61292696;-0.72288865;-0.581202;-0.7711421;-0.797823;-0.68457186;-0.54776376;-0.6190215;-0.7065343;-0.82659894;-0.9190671;-0.9245476;-0.67793566;-0.45212078;-0.2913372;0.0742682;0.26604083;0.7417631;1.7339578;-0.8621695;0.8281332;1.6910577;1.7682859;-0.86586285;-0.5079628;0.550995;0.67927814;-0.4996165;-1.5186212;0.14161094;0.6714908;0.124238335;0.50928134;0.0948769;-0.3777455;1.432241;1.2654107;0.67135364;-0.026736239;-0.195598;0.4378259;-0.007619494
-1.2672312;-0.8688741;-0.54365796;-0.4783464;-0.8461978;-1.8992871;-1.0227793;-0.7870835;-0.98062587;0.40462804;-0.80261695;-0.9909132;-0.9658757;-0.9118467;-0.84537226;-0.80352914;-0.7636231;-0.61743087;-0.6179169;-0.80202556;-0.685987;-0.45428848;-0.557596;-0.4602203;-0.64162606;-0.681973;-0.4875489;-0.65642726;-0.3397991;-0.5216435;-0.30146202;-0.32737648;-0.41399568;-0.424532;-0.24035358;-0.08313083;-0.4520871;-0.29305843;-0.42571908;-0.4106528;-0.06040275;2.2499828;-0.8654608;0.5755053;0.90193105;3.0401623;-0.8358019;-0.510858;0.55072093;0.54539615;-0.49966034;-1.0022714;0.22873284;0.22157136;1.4845397;0.66257584;0.50564444;0.53466475;0.71025705;0.4471957;0.5271638;-0.13108268;0.45574975;0.9170777;1.4294784
0.024799211;0.5537619;-0.33181992;-0.41500303;-0.5724851;0.6979944;-0.5346458;-0.30095986;-0.22182994;-0.7543445;0.1914155;0.020666221;-0.23120391;-0.35449246;-0.4176956;-0.4974039;-0.47269168;-0.3416484;-0.44332734;-0.4058369;-0.53860486;-0.41471237;-0.309199;-0.31973052;-0.3803046;-0.3914623;-0.2507511;-0.175338;-0.12637635;0.07386856;0.39638707;0.45350456;0.26980394;-0.02763696;-0.10931233;0.18571162;-0.27624956;-0.29161206;-0.44423714;-0.46270618;-0.5187831;-0.6323878;-0.37406695;-0.5805153;-0.7004357;-0.4185517;1.184651;0.44946235;0.3465807;-0.6389981;-0.3632132;-0.104434334;1.5902609;1.6967742;1.4201607;-0.175842;-1.1822916;-0.17441432;-0.105086476;0.40308496;0.13719755;0.23778506;0.01504416;0.8605194;0.15274644
0.408956;0.8113384;-0.4296614;-0.41672525;-0.1640678;0.8193988;-0.85306156;-0.379779;-0.7201374;-0.6261758;-0.48796222;-0.2122385;-0.1423307;0.5194405;0.46406764;0.15585336;-0.22702388;-0.33435848;-0.077759534;-0.013733211;0.16157515;-0.39874044;-0.74740285;-0.8861076;-0.8411988;-0.69449896;-0.35510325;-0.36992544;-0.30784595;-0.17498513;-0.237606;-0.2371276;-0.3367433;-0.2739657;-0.12186879;-0.2769965;-0.41672352;-0.29294446;-0.25905663;-0.306546;-0.46148553;-0.5365545;-0.85807407;-0.48518673;-0.86678976;-0.47213134;2.382824;1.5532463;0.5210831;-0.47052488;-0.4707283;1.4849032;0.84476763;-0.88125294;-0.58308244;0.2528227;0.044025123;-1.3535923;-0.97500306;-0.3599779;0.8364725;-0.4552143;-0.24726643;0.30221993;0.010355998
-1.2672312;-5.792794;-0.54365796;-0.4783464;-0.8461978;-1.8992871;-1.1207187;-0.3680285;-1.0043187;1.7544907;-1.2603208;-1.21956;-1.0447854;-1.0056429;-0.9273022;-0.9332499;-0.9135121;-0.9170865;-0.9474173;-0.9695941;-1.044508;-0.96785766;-0.8918178;-0.6680914;-0.70111084;-0.80099314;-0.69395137;-0.44823053;-0.27999568;0.20243865;1.3843491;2.0684643;1.9727188;1.376592;1.8561074;2.3354194;-0.4522216;-0.2934562;2.7593856;2.139963;3.2055578;3.7906876;-0.84233856;3.0735252;1.6483294;3.5156171;-1.148545;-0.51899403;0.55182964;3.2606022;-0.49956393;-1.5608574;0.878219;-0.9026792;0.32376105;0.32167375;-0.3775931;0.39102757;0.33629104;0.9276822;1.3819058;0.59664077;1.3748264;-0.28822905;-0.9020092
0.5237708;0.28428867;-0.19030541;-0.21514326;-0.070197515;0.64816034;0.73862445;0.06728583;0.0017652585;-0.6111773;-0.50046533;0.024529003;-0.1651602;0.99953365;0.986593;0.06616108;-0.4111227;-0.4194909;-0.32171747;-0.19359763;-0.2562545;-0.4185373;-0.36603644;-0.023049721;0.20321131;0.16510071;0.4617829;0.17246944;-0.29653072;0.13165879;1.0510457;0.42265993;0.14987943;-0.23879738;-0.27996355;0.71156645;0.51357114;-0.22907324;-0.11091233;-0.28051934;-0.43283677;-0.34488788;0.93751997;-0.30337337;-0.9033515;-0.2802492;-0.35210705;-0.4054726;-0.14427295;-0.2955686;0.19976065;-0.06903997;-0.36051697;2.2726007;-1.6353207;-0.0043480415;-1.7138733;-0.5459569;-0.45918176;-0.7138845;1.9272658;-0.23558593;2.472476;-1.1647844;0.16517167
-0.10851961;0.51428133;-0.474892;-0.42251366;-0.64154655;0.79740185;-0.71459323;-0.66717976;-0.3549726;-0.7952494;-0.29066664;-0.35678568;0.09875135;-0.32599312;-0.55316055;-0.46090743;-0.44906664;-0.66103053;-0.60666144;-0.7426602;-0.74996346;-0.8356411;-0.8969323;-0.7798207;-0.139199;-0.17757955;-0.06578841;-0.22720407;-0.63908243;-0.7049264;-0.44820267;-0.34163642;-0.3764015;-0.28373384;-0.3763055;-0.2584411;-0.3887014;-0.2926016;-0.46275526;-0.52777284;-0.5474319;-0.661875;-0.7587778;-0.638451;-0.9151337;-0.49015397;1.7405463;1.4819906;0.41665718;-0.7177243;-0.43281975;1.0420519;1.1652833;1.2873955;1.0464036;-0.98329633;0.2313404;2.0490649;-0.43336084;-0.038634878;1.6161084;-0.6743675;-0.26108852;-0.85608435;0.15516561
-0.5257814;-0.40068606;-0.54365796;-0.4783464;-0.8461978;0.4337597;-0.88040406;-0.55399144;-0.8707616;-0.5825439;-0.05877041;-0.2939684;-0.22496174;-0.46353766;-0.63210505;-0.59027797;-0.62564176;-0.6488814;-0.7237096;-0.723348;-0.62581927;-0.42800942;-0.18770777;0.1060864;-0.4361224;-0.6331278;-0.50477785;-0.19871555;-0.15102607;-0.093701415;-0.1931671;-0.36147735;-0.27752826;-0.37418494;-0.37702507;-0.22077051;-0.44846123;-0.29218203;-0.38868302;-0.47571948;-0.50923353;-0.5365545;-0.7632496;-0.5156861;-0.41683176;-0.3824847;0.062954806;-0.25245386;0.54315776;-0.56771797;-0.49537504;0.09716211;0.14981608;0.38387167;0.64714426;0.81216407;0.62588906;0.5774687;-0.151944;-0.39217082;-0.28347394;0.3190697;0.09179332;-1.1281413;-0.7251396
0.12993357;0.04026939;-0.54365796;-0.4783464;1.1215166;0.44503942;1.4777099;2.1941621;1.2884954;-0.45437506;0.032864988;0.18722978;0.14559975;0.3727569;0.913375;1.1548572;1.356601;2.257362;1.4686036;0.38049248;0.32048753;0.6396885;1.8505157;1.9085301;0.63296264;1.9325166;5.5585575;3.4905396;1.3468316;1.6942732;2.082571;1.4127749;1.2468996;1.3100908;1.9480747;1.709083;1.5215893;0.056159507;-0.16646647;-0.28051934;-0.34689045;-0.16059324;1.8092698;-0.23299453;0.2159367;-0.20957553;-0.176537;-0.31782266;-1.0437253;-0.22411719;0.54781353;-0.18545626;-0.1966986;0.56191844;-0.22275427;-1.1132836;-0.02058956;-1.0675912;0.75542057;-0.49812916;-0.14524156;-0.83517826;1.0640408;2.7662594;-1.4761633
-0.55455184;-0.0012504578;0.30620897;0.17819338;0.3727444;0.47829807;-0.77903146;0.30910748;-0.77996475;-0.4680101;-0.17694525;-0.19374588;-0.09357494;-0.05796616;-0.10948649;-0.08785457;-0.29517236;-0.32218856;-0.4128143;-0.23818484;1.15581;1.3316466;0.5095035;0.04253739;-0.12932669;0.5152322;0.668015;0.14536805;0.8280337;1.0221508;0.5653317;-0.09344542;-0.11769309;0.020030493;-0.09992663;-0.073331594;-0.43038708;-0.29009995;-0.37016493;-0.37161273;-0.44238636;-0.5807853;-0.6986862;-0.49055704;-0.12011237;-0.44513455;-0.19095579;-0.34810042;0.52914023;-0.51319987;-0.48902225;0.716666;0.027956022;1.2469039;-0.43033105;1.5765377;0.49415493;-2.6244988;-0.38180342;1.1219808;1.7519455;-0.43569162;-1.7290269;1.1496291;0.06236538
-0.30269837;-0.19466402;-0.27905712;-0.39954516;-0.5568055;0.6912865;-0.8517291;-0.32611868;-0.72072273;0.47280285;-0.3535038;-0.54012907;-0.67419;-0.5898415;-0.40107748;-0.3002416;-0.2867207;-0.18666148;-0.2499755;-0.23203683;-0.17920406;-0.33121505;-0.33963728;-0.16258296;-0.11537979;-0.25962654;-0.14039993;-0.3835795;-0.16128498;-0.026240386;-0.31775272;-0.32750058;-0.06987306;-0.12983333;-0.053872798;0.15988956;-0.44567657;-0.29266456;-0.51830935;-0.5537995;-0.6047294;0.11953499;-0.47979492;-0.3826368;-0.949031;0.32003942;0.14785497;-0.21557623;0.52727544;-0.50180024;-0.49241078;-0.9453713;1.3645484;1.4916099;1.1329213;0.821477;0.052063547;0.744608;0.9458341;0.91815096;0.6880419;0.9273829;0.6389245;-0.2172349;-0.040906806
0.35331756;0.34732196;-0.3345251;-0.044968825;-0.30285084;0.6615903;3.0937037;1.132987;2.6227303;0.32827196;-0.45372203;-0.0461063;-0.27113205;0.25428808;0.8678792;1.1666582;1.5566216;0.38678274;0.1368762;0.3365216;1.0229474;1.5099999;1.2953721;2.7606003;1.2648594;-0.07705161;0.6892066;1.5086029;-0.20260668;-0.2570904;0.8680146;1.1831158;0.97492003;-0.26074758;1.2697067;1.2245057;0.34293282;3.5245435;0.20389454;-0.020252403;0.22608478;0.08267622;2.3518863;0.12942746;0.32621056;-0.24830279;-0.54473585;-0.44493803;-2.6603446;0.22156398;3.0000062;-0.46310848;-1.1187509;-1.8817116;0.7041493;0.28575683;-1.4424921;1.1255103;1.7248472;0.6851872;1.1387141;-1.4327846;0.7960961;-2.538819;0.8381691
2.6360705;0.4861515;-0.4931145;-0.44235274;-0.5007431;0.5688659;0.5979088;-0.43185;-0.11068541;0.047391947;-0.68031013;-0.5411357;-0.6179424;0.15864716;-0.28520012;-0.7089196;-0.3141429;-0.39608678;-0.75865424;-0.6747889;-0.8351683;-0.9277947;-0.7478596;0.20256503;0.5218067;0.030383056;-0.14512813;-0.28024417;-0.26723212;-0.58777046;0.24933067;0.24703045;0.33998346;-0.544256;-0.66718274;-0.79490757;-0.29342586;-0.08041698;-0.11091233;-0.033265803;0.5316717;0.44389412;-0.114090025;0.24256779;0.15062806;0.023844592;-0.8275003;-0.4920696;0.3483941;0.19679734;-0.25398657;-1.0075382;-0.49666;0.94378525;-0.78286356;-0.25105503;-0.49465898;2.2537575;0.041536108;-1.54163;-1.4266825;0.9114311;2.9503636;1.753091;2.5998092
-0.12261233;-0.04565994;0.59861535;0.66169643;0.11055751;0.6617472;-0.2900823;1.1236392;-0.2111669;-0.4680101;2.7572293;3.195054;1.8874978;1.6047108;0.8351423;0.7891427;0.86859703;0.6639608;1.0262473;1.1618181;1.9709382;2.809985;1.9784304;1.6467154;0.48745325;0.19056411;0.30493367;-0.11769193;-0.17940532;-0.059976134;0.46403003;0.2604601;-0.4039534;0.047066644;0.11229694;0.32926416;-0.3190802;-0.27574176;-0.46275526;-0.46270618;-0.53788227;-0.61027247;-0.062918395;-0.5364078;-0.4389366;-0.27373326;0.35902965;-0.20732096;0.33866832;-0.5946462;-0.39913058;0.21757801;0.8534355;-0.20510791;1.5586166;1.292643;0.46347496;-1.0746158;0.11509666;0.35599437;0.2696794;-0.9681478;-0.13421756;0.6283047;-0.4205945
-0.43134332;0.40225598;-0.45454112;-0.44468197;-0.18368344;0.756809;-0.71762675;0.08787803;-0.37966567;-0.7107126;0.16843607;0.03313611;0.31274036;0.40457326;0.063506156;-0.37342286;-0.51590014;-0.40496105;-0.33030188;-0.5402092;-0.6314571;-0.43941644;0.18579222;0.5533216;0.92423946;0.7854343;0.88174695;0.8156367;0.1062789;-0.2732763;-0.39219388;-0.2408373;0.010313357;0.39686054;0.42744565;0.22419943;-0.39442864;-0.29269442;-0.42571908;-0.46270618;-0.5283327;-0.61764425;-0.73733896;-0.61857325;-0.61377054;-0.489723;1.8155532;1.5609107;0.4315925;-0.68487597;-0.4408738;1.0834861;0.7531862;1.6238865;1.1711191;-0.23552229;-0.36674368;-0.22339177;0.029756;-0.01197877;0.58116794;0.29313812;0.49664715;0.33335182;-0.3972248
0.37504384;0.61988395;0.42254815;0.22233577;0.9948891;0.4787708;0.24585044;-0.19537842;0.07400063;-0.8020669;-0.36023793;-0.30552053;-0.2728128;-0.4209942;-0.22852919;-0.37667218;-0.32710996;-0.53288174;-0.6627218;-0.48955444;0.18583342;0.7220765;0.65851134;1.1559935;0.39093655;-0.50501025;-0.50570804;-0.124626175;-0.07874688;-0.46945232;-0.4774914;-0.18036792;-0.40076557;-0.42671975;-0.47716475;-0.5034199;0.04838027;-0.24855013;-0.4072011;-0.47571948;-0.5283327;-0.61764425;0.70855963;-0.5617224;-0.91871154;-0.42165545;1.8808407;1.6629608;-0.2352693;-0.61300373;-0.040894624;1.0349425;-0.13235727;0.56884915;2.2234406;0.5801436;-0.9053568;-0.71246916;-0.5698384;-0.6057014;-0.5107701;0.15296839;0.072157145;-0.47199073;0.8163044
1.0794977;0.79288733;-0.4171885;-0.3996578;-0.6350574;0.8411055;0.55320215;-0.30952814;1.4439499;-0.70525855;-1.0201547;0.6048283;1.5629501;1.0670309;-0.06950578;0.7937175;0.049870238;0.28898564;0.024471013;-0.25243333;-0.47957075;-0.45649603;-0.23003213;-0.3485745;-0.18849593;-0.6460641;-0.95170385;-0.98792803;-0.86580795;-0.3508155;-0.16990584;0.44604024;-0.14916924;-0.7923723;-0.9203626;-0.7878799;1.9641908;-0.2252102;-0.2960928;-0.4106528;-0.5187831;-0.661875;-0.008388279;-0.5289127;-1.7614421;-0.45639053;0.7331215;0.033983354;-1.1699623;-0.5520096;1.049222;-0.07804245;0.21026231;0.082438186;-1.0991256;0.25373363;-1.9376049;-0.07557468;-1.8631176;-3.5561216;-1.2926532;-1.5244962;-1.4257051;-2.0620158;-0.863515
0.48359478;-0.41243553;-0.54365796;-0.4783464;-0.8461978;-0.33860037;-0.42953792;2.3902888;-0.8163011;0.6091533;-1.1445757;-1.1081841;-0.866452;-0.812039;-0.5272846;-0.40753907;-0.31543994;-0.2843693;-0.4008978;-0.15479311;0.15339424;0.81423426;0.7157799;1.5911466;2.1488833;2.1069882;6.4862566;5.9225;3.6443753;4.1204925;3.2872546;3.5443568;4.0502877;2.2793703;1.7067478;1.6099266;-0.45011947;-0.26569328;0.9075806;1.606416;1.2669908;1.645496;-0.6080543;1.5483608;2.0532095;1.2646703;-0.99395126;-0.51508015;0.5440057;1.275884;-0.49186713;-1.6458498;-0.5154295;1.379347;-0.28380355;0.023619806;0.7398695;1.2146461;0.026822537;0.3048813;0.41634858;0.19105993;0.47682765;-0.08932811;-0.08968575
0.46661606;-0.15427752;-0.5309957;-0.4783464;2.315883;0.47475836;-1.1228266;-0.3542893;-0.9230501;-0.60435987;-0.2518767;-0.27547404;-0.2710232;-0.27142555;-0.2816658;-0.29611284;-0.2985719;-0.28604373;-0.2809316;-0.28044543;-0.27879256;-0.275599;-0.27297556;-0.2639342;-0.26004472;-0.26340774;-0.25366732;-0.24190818;-0.2367143;-0.2325582;-0.22641623;-0.22242296;-0.2161275;-0.2123272;-0.21135813;-0.21060233;-0.45152798;-0.29347423;-0.42571908;-0.48873284;-0.58563024;-0.70610577;-0.8781486;-0.64388305;-1.6637886;-0.475863;2.6303031;1.4883095;0.54698837;-0.7291755;-0.49752977;0.25551507;1.3570011;0.93213105;0.6933675;0.71856;1.2960584;0.34447008;-0.27274454;-0.1802137;-0.60450786;-1.0211011;-0.5074012;-0.18937981;-0.027449396
0.6082882;-0.4915908;-0.18416908;-0.025309676;0.34650254;0.40422902;-0.41395986;-0.9106111;-0.6114849;0.153745;-0.22446427;0.4763924;-0.5328641;-0.23676239;-0.19305559;-0.7140314;-0.71133727;-0.71561694;-0.8055021;-0.6780952;-0.59042686;-0.7711089;-0.8223101;-0.90570706;-1.012811;-0.9889937;-1.0132562;-1.0720574;-0.8483248;-0.919366;-1.044342;-0.57329196;-0.041013658;0.4351569;0.2696906;0.04201619;-0.40417594;-0.27975687;-0.22202058;-0.25449267;-0.3182417;-0.41123402;-0.43680036;-0.31241947;0.26015142;-0.34087336;-0.1369984;-0.3459973;0.5017056;-0.27131197;-0.46038264;0.027960863;-0.0018547748;-1.0264423;0.10200088;0.14879078;-0.3830693;-1.0577192;-0.93784446;0.79218596;-0.48669004;-0.3657631;-1.6127032;0.14275973;-0.40905184
1.1739641;0.6003214;-0.25473514;-0.32838333;0.058123745;0.71749717;0.09643529;1.9254159;0.95600927;-0.6507187;0.052634183;0.30856565;2.388298;2.793381;0.71236926;0.73425823;0.7400344;-0.0011004838;0.26497728;0.61607707;0.83567953;1.0669606;1.3208226;1.2174727;3.2835112;4.3087707;2.720064;1.9362218;0.7510761;1.611728;2.0727804;1.2696221;0.84869635;0.49607372;1.1522204;1.1803921;1.3633143;-0.27489087;-0.2960928;-0.4106528;-0.5187831;-0.6545032;1.0924392;-0.5348556;-1.7048794;-0.46635652;1.3380125;0.5231315;-0.68003094;-0.5538493;0.81822896;0.0524228;0.56849074;0.13069732;-0.14758003;-0.62265706;-0.7712837;-0.49598303;-1.8361683;-2.2735538;0.25203493;-1.7624807;-1.3533028;-0.9177909;-0.04786547
-0.4753897;0.17023998;0.499307;0.29056197;-0.28545234;0.58632135;-0.53028107;0.9695032;-0.39299005;-0.6779887;0.033436738;-0.10325641;-0.37156308;-0.433695;0.29933035;1.1627537;1.5888321;0.96252364;0.4912521;0.9293585;0.8734941;1.2362994;1.4953868;1.1380605;0.46698382;0.7000803;0.73283887;0.7630701;1.1359888;0.6888208;-0.33743978;0.04750878;0.32196525;0.33563372;0.35194725;0.6954046;-0.37445837;-0.288069;-0.22202058;-0.25449267;-0.33734083;-0.4923238;-0.3652067;-0.4165924;-0.20821406;-0.47795245;-0.5761706;-0.2680026;0.44808036;-0.38300622;-0.4503743;1.4417669;0.17355168;-0.88606095;0.85566443;-0.11585797;0.3127525;0.026606822;1.6701007;2.4001763;0.5000915;0.7838;-1.1476165;-0.7217017;1.2041717
-1.2672312;-0.8016123;-0.54365796;-0.4783464;-0.8461978;-1.8992871;-0.47857285;-0.89289784;-0.74916404;-0.015328873;-1.1163695;-1.072275;-0.95892686;-0.8739557;-0.66887236;-0.61375123;-0.5175848;-0.27389354;-0.104847826;-0.4754988;-0.3467937;-0.5335949;-0.55200726;-0.81923354;-0.97800946;-1.0346265;-0.9222737;-0.91402704;-0.90946084;-0.69701433;-0.4157418;-0.7196396;-0.7750166;-0.65247697;-0.5647033;-0.23060489;-0.4277236;-0.28521937;-0.24053867;-0.2935327;-0.1272498;-0.2785416;-0.6161121;-0.21231753;0.5129666;-0.26071823;-0.13075495;-0.32185966;0.525394;-0.16907023;-0.48093978;0.057804167;-0.710603;-0.2865738;-0.14760615;0.66247326;-0.11566191;0.21974866;0.0831945;-1.5645138;-1.1366047;-0.39944148;0.42231745;1.2464114;0.93477
-1.2672312;-0.967241;-0.54365796;-0.4783464;-0.8461978;-1.8992871;-0.6590706;-0.372967;-0.88138443;0.29282188;-0.6357006;-0.8591892;-0.86390483;-0.7893961;-0.6551364;-0.50396776;-0.5078526;-0.4383898;-0.42311805;-0.2713302;-0.45708254;-0.20881633;-0.0019799105;-0.31714645;-0.3512851;-0.36660832;0.15271744;0.09052257;-0.25064498;-0.3604873;-0.40501538;0.1962394;0.10535617;0.05874268;0.014151747;-0.043007012;-0.4483109;-0.28807408;-0.33312887;-0.18942593;0.14968854;0.58395815;-0.6341164;0.17692427;1.6033503;0.47495505;-0.7301559;-0.4922796;0.5457922;0.13153923;-0.49646187;-0.93595886;-0.18709217;0.26619512;0.6087215;0.23225476;0.2937117;0.1293797;0.09418511;0.6625608;-0.27970493;-0.27158567;-0.027282495;0.3037266;-0.4468276
-0.4035824;0.12305207;-0.3128611;-0.3245199;0.78233427;0.6243621;-0.7195819;0.61753684;-0.7921083;1.7026781;0.7562747;0.87231606;0.76853806;1.212848;0.8293679;0.11870113;0.15619409;0.15559542;0.17267141;0.17248106;0.70707446;0.9713228;0.2013566;-0.1336658;-0.25836062;0.41677362;0.8381295;0.013003779;0.20556714;0.7739514;1.0773399;0.8080889;0.48270643;1.1507851;0.66331017;0.37271476;-0.42822012;-0.28929773;-0.33312887;-0.35859936;-0.45193595;-0.58815706;-0.6488962;-0.38107505;-0.08165079;-0.19699751;-0.17435256;-0.36342588;0.5301206;-0.3991047;-0.4875383;-0.36576098;0.37016353;0.9705427;0.6515262;1.2005701;-1.1649197;-1.7630699;-1.3093793;0.72661936;0.87417036;-0.9070473;-0.88305867;2.2460377;0.6702254
1.5979216;-0.18907888;-0.3289586;-0.29178387;0.2468809;0.587175;2.533341;0.20258011;2.3459382;0.08284283;0.7764093;1.1792033;0.19417231;-0.05235558;-0.1941401;0.21289343;-0.15202595;-0.3727607;-0.20575668;-0.43522877;-0.08988136;0.024414977;0.009207828;0.038653243;0.639547;0.7434447;0.5012324;0.92367864;0.40253592;0.04963467;0.14121331;0.19156432;-0.11386124;0.092966415;0.2812997;0.5023648;1.1884007;0.97563225;0.1483404;-0.08531918;-0.06040275;-0.020529125;3.2649832;-0.014793068;-0.51610506;-0.30683905;-0.6682108;-0.47413537;-2.5403993;0.054295745;2.8358154;-0.68715096;-1.0924248;-0.03434185;-0.6197629;-0.90474886;-0.98153824;1.0625316;0.7098321;0.91334605;0.33227813;-1.0399052;-1.4865525;-1.2149422;0.33363158
2.1631913;0.84426045;-0.35997787;-0.21558128;0.2636023;0.48952797;0.12331128;-0.9420801;-0.20587187;-0.053506948;-0.7742355;-0.7164844;-0.7058507;-0.46017992;-0.25988907;-0.44971305;-0.7065398;-0.5361317;-0.6436576;-0.8055022;-0.6031365;-0.7728418;-0.77587533;-0.65623;-0.861354;-0.72947574;-0.8015344;-0.9028635;-0.75510466;-0.7753701;-1.0367367;-0.49464825;-0.6847883;-0.75103486;-0.52013296;-0.3498887;-0.42831072;-0.21780968;0.20389454;0.031800862;-0.1749978;-0.08687513;0.045672756;0.012086824;-0.63808775;-0.3313098;-0.48824438;-0.4260184;0.3358761;0.108692676;-0.25639516;-0.88713413;-1.8418299;-1.624504;-0.25447547;-1.841503;-0.11223647;1.9048082;-0.949503;-0.3536382;-0.7439601;-0.38704738;2.4744668;0.8861452;4.3741994
0.7479577;0.7632277;-0.54365796;-0.4783464;-0.36664635;0.38552254;-0.7735075;-0.90190303;-0.83083177;-0.078049935;-0.63979566;-0.75655395;-0.5934139;-0.6837659;-0.7204948;-0.6755642;-0.76405674;-0.74238807;-0.8997252;-0.9195626;-0.86048514;-0.8917348;-0.84420544;-0.8104593;-0.7852302;-0.7233538;-0.8630535;-0.91972363;-0.55534095;-0.33472613;-0.6308455;-0.3532816;-0.1416966;0.2268435;0.041098423;-0.2530677;-0.4380757;-0.29093403;0.0742682;0.34412107;0.69401467;0.59870124;-0.63378406;0.5628082;1.429607;0.7162091;-0.4458091;-0.3587461;0.53523815;0.5608749;-0.48668814;-0.69988334;-0.12136169;-0.81730354;0.17020343;0.1617778;-0.52924204;0.22774257;0.57096386;-0.19857603;-0.3326146;-0.5386176;-0.034350377;0.23587123;-0.63577056
-1.2672312;-0.57771564;-0.54365796;-0.4783464;-0.8461978;-1.8992871;-0.15123864;1.0037624;-0.41438442;-0.05623374;0.5083488;-0.03018868;-0.2794315;-0.12833248;0.027187448;0.2587251;0.54191035;1.3239871;0.79315287;0.36272633;0.72609603;2.4121187;2.3042996;1.3193104;0.9314798;0.21650521;-0.2513619;-0.1969016;-0.13745116;0.57002664;0.92630005;0.75383425;0.66074723;0.9163002;2.0932434;1.0709305;-0.42226726;-0.24210793;-0.27757472;0.031800862;-0.0126545075;-0.005785478;-0.049040638;-6.6264794E-4;1.045236;0.011285269;-0.54858243;-0.45918837;0.48343736;0.027915189;-0.4600424;-0.2837384;0.1681929;-1.6684985;1.3112227;1.9825903;-1.2147934;1.283979;1.641429;0.49460748;0.30358586;-0.10272165;-0.20447707;1.5165125;-0.0516739
-0.249567;-0.23175713;-0.54365796;-0.4783464;-0.8461978;-0.36395067;-0.7820226;-0.82665473;-0.9272542;1.0018396;-1.1047921;-1.0506465;-1.0138345;-0.9687392;-0.8548;-0.83788717;-0.7629212;-0.6211003;-0.70110506;-0.64862543;-0.7248683;-0.555809;-0.51870495;-0.3870242;-0.38406068;-0.5608322;-0.5879594;-0.51369756;-0.5792949;-0.6467162;-0.2542166;-0.40835994;-0.51496625;-0.6696399;-0.612208;-0.43628362;-0.4515438;-0.29068938;-0.11091233;2.0488696;3.3488016;3.4958158;-0.7812649;2.558574;2.9563215;4.7722626;-1.0565403;-0.52187145;0.55056894;2.4814153;-0.49845505;-1.7453663;0.18854462;0.6914303;0.2545162;0.7758082;0.3784824;-0.67179316;0.587537;0.42806548;0.25049475;0.625024;0.28220516;-0.016837124;0.53897864
-0.3362552;-0.41043955;-0.54365796;-0.4783464;-0.8461978;-0.31696203;-0.67361957;-1.1044044;-0.7835238;-0.29620937;-0.8982033;-0.7804625;-0.7577631;-0.68195033;-0.7055109;-0.7335127;-0.6804392;-0.7196125;-0.79768735;-0.8304775;-0.77543235;-0.8121873;-0.8036193;-0.74737674;-0.9925002;-1.0044941;-0.93157667;-0.9040073;-0.73699313;-0.75347584;-0.8307395;-0.8918029;-0.8644272;-0.7761615;-0.7472534;-0.67996526;-0.4306769;-0.28573963;-0.14794838;-0.22846593;-0.33734083;-0.19008048;-0.6128332;-0.25560263;0.18611857;-0.3717312;-0.25198615;-0.31256974;0.5335105;-0.2081768;-0.48834413;0.25978413;-0.3907202;-0.2644644;0.62146306;0.19397761;-1.5286871;-1.1651653;1.0520338;1.2965605;0.025763823;-0.7043918;0.44918948;0.1394452;-0.5057017
-1.2672312;-5.792794;-0.54365796;-0.4783464;-0.8461978;-1.8992871;-1.196542;-0.23191866;-1.0331179;0.7836802;0.5291295;0.105238914;-0.075095445;-0.3074201;-0.36748675;-0.24982658;-0.22914547;-0.26484543;-0.23477538;-0.38440946;-0.45470306;-0.109896675;-0.14445563;0.08957767;0.15491444;-0.15677649;-0.15219112;-0.262325;-0.2683527;0.03560335;-0.018510776;-0.17548208;-0.19104283;-0.15475753;-0.21627887;-0.10827536;-0.45235187;-0.29348254;-0.5553455;-0.5537995;0.25473398;2.3826752;-0.925435;0.55920947;0.8341215;2.6734724;-0.8964086;-0.5154078;0.55164826;0.44293517;-0.49998704;-1.6431004;0.6854376;0.65614325;1.2699071;1.2655027;0.5448321;0.6252987;0.55649495;0.29731324;0.28328398;0.24930348;0.51267457;0.06660424;0.4965139
1.2137451;-0.10658376;1.4632342;3.0692623;0.4953776;0.43980196;-0.26242146;-1.1172187;-0.55160886;-0.27712044;-0.15557104;-0.69743633;-0.8937357;-0.87454164;-0.81911474;-0.8123875;-0.69087815;-0.71767986;-0.8669413;-0.893094;-0.8663198;-0.8506006;-0.90521497;-0.89364713;-0.95499414;-1.0555032;-1.0044224;-1.0357864;-0.98050284;-0.7856532;-0.47238517;-0.45232582;-0.5115375;-0.6390325;-0.7545544;-0.6308521;-0.43945935;-0.28032276;0.20389454;-0.020252403;-0.22274576;-0.26379803;-0.3291284;-0.041713703;-0.14770083;-0.26382524;-0.5402292;-0.45831043;0.4903325;0.041722883;-0.4408609;-0.41723484;-0.70225364;-0.4019052;-0.8500132;0.6096558;-0.50120753;2.0285761;1.3528248;-0.34964648;-0.20480205;-1.4043185;0.108483136;-0.25241712;1.0020938
-0.12645222;0.6724414;-0.35531434;-0.45161933;-0.5473988;0.78649014;0.52201885;-0.28094634;0.9131493;-0.43801317;1.0968128;0.34289464;0.24051516;-0.30030274;-0.28196418;-0.08122928;0.5274663;-0.10267081;0.081384495;0.23381978;0.006168771;-0.37866357;-0.3137295;-0.14350751;-0.1285329;-0.3082232;-0.47178134;-0.39937076;-0.4920074;-0.7145263;-0.6523112;-0.3877723;-0.35081556;-0.4958153;0.053514514;-0.09510109;0.47548392;-0.22846101;-0.33312887;-0.26750597;-0.32779127;-0.4923238;-0.3991955;-0.4325875;0.036842745;-0.4516395;0.13981992;-0.0056371232;-0.47879794;-0.41423896;0.33346593;1.3548009;-0.036446918;0.18440899;0.668073;-1.5248364;1.5727232;0.038906887;-0.2325487;1.0700392;1.5910503;0.49346012;-1.6542581;-1.2459005;-0.0316814
-1.2672312;-0.4998213;-0.54365796;-0.4783464;-0.8461978;-1.8992871;-1.0001843;-0.8912293;-0.8435104;-0.50618804;0.029500969;-0.4344323;-0.69478834;-0.5401864;-0.40469378;-0.57531744;-0.656719;-0.6911337;-0.67833537;-0.75457174;-0.79849374;-0.7068196;-0.5875142;-0.6314423;-0.70846087;-0.52917457;-0.68868816;-0.7827301;-0.84381986;-0.65446204;-0.58048075;-0.62583226;-0.706299;-0.6663932;-0.51151925;-0.45392272;-0.4494913;-0.29325736;-0.51830935;-0.5668129;-0.59517986;-0.5807853;-0.7144315;-0.63395864;-0.9105934;-0.43166435;0.9265206;0.41436026;0.53894216;-0.73370045;-0.49823868;0.33607194;0.6271432;0.2745285;1.5806934;0.40157342;-0.12759125;1.510047;0.6037344;0.85509527;0.8945784;0.54195136;0.56139165;1.5502685;0.8606381
-1.2672312;-0.36505577;-0.54365796;-0.4783464;-0.8461978;-1.8992871;-0.78403044;-1.1943905;-0.95456654;0.70732504;-0.6696338;-0.8951328;-0.7532211;-0.7675703;-0.72734153;-0.5995616;-0.624951;-0.5116524;-0.5248497;-0.713576;-0.7465348;-0.8181855;-0.91227025;-0.99287814;-0.98615193;-0.8348574;-0.9675969;-1.1144245;-1.1141474;-1.0432339;-0.9809768;-1.1159772;-1.1502984;-1.0623144;-1.0387851;-1.0374919;-0.45197624;-0.28955522;0.3335209;0.34412107;0.8372586;0.59870124;-0.82352525;0.58978003;1.8873861;0.029478267;-0.91660804;-0.50811815;0.5497535;0.5456018;-0.49843273;-1.230578;-1.328878;-0.34664953;-0.33751175;-0.06855903;1.163365;0.5782245;0.3178336;0.51472723;0.41709402;-1.0079256;-0.45124942;1.1656744;0.717122
-1.2672312;-0.3739712;-0.54365796;-0.4783464;-0.8461978;-1.085404;-0.69283515;-0.27499512;-0.6690504;-0.47073698;1.057341;0.57800263;0.43519723;1.1654003;1.1836967;0.49702924;0.3288797;0.42764205;1.2922405;0.62428164;-0.41166317;-0.620656;-0.58401203;-0.5464138;-0.7424725;-0.90761906;-0.90916574;-0.74282897;-0.6028204;-0.5435085;-0.55199486;-0.6823563;-0.7276924;-0.659062;-0.5483368;-0.4282147;-0.40388218;-0.29004872;-0.37016493;-0.306546;-0.42328718;-0.5734135;-0.38007218;-0.47349158;-0.106009245;-0.44393796;0.5339055;0.035156906;0.50518936;-0.4687173;-0.47735557;0.4263095;1.2659153;-0.19536228;-0.9615649;0.9575383;0.752087;-0.2784474;-0.57959217;-0.79685384;0.72494435;1.8003486;1.3916849;1.0245953;-1.0992616
0.834438;0.79192716;2.3129957;1.4519506;2.7731662;0.39500695;-0.070666954;0.9630633;0.2396357;-0.06986883;-0.105786815;0.7778361;1.4176443;0.8898031;1.2507423;0.5493523;0.0899919;0.18478747;-0.15592308;-0.24001864;-0.2612169;0.11298662;0.9742347;1.8554512;1.2910417;1.1832292;1.6656246;0.93460405;0.2884378;0.5995015;0.5546975;0.73080176;1.4452653;1.0010823;0.23624481;1.1218708;0.08392294;-0.26830992;-0.35164696;-0.3976394;-0.45193595;-0.5807853;0.67394644;-0.4634207;-0.69747776;-0.34458846;0.23676422;-0.06873742;0.069649026;-0.47408223;-0.18061008;0.13767189;0.5401497;0.46821347;0.5885253;-1.7173775;-2.049445;0.64390403;-1.1673692;-1.6827588;-0.41559917;-0.5026647;-0.81184715;-0.13966963;-2.1961184
0.56724966;-0.030992579;0.8511621;0.19504097;2.568801;0.43402192;-0.62316734;-0.9107613;-0.77433085;-0.1434978;-0.5006563;-0.555053;-0.62404984;-0.3189671;-0.5248338;-0.6583125;-0.67128366;-0.7246711;-0.759465;-0.8117699;-0.7907857;-0.8253438;-0.85570526;-0.6668909;-0.35498;-0.31522694;-0.5325938;-0.946209;-0.78460455;-0.8516153;-0.81912065;-0.6752189;-0.6070069;-0.46467093;-0.42751294;-0.5781127;-0.44052836;-0.2851409;-0.1294303;-0.18942593;-0.041303728;0.031073296;-0.3332739;-0.12015437;0.37179855;-0.25300145;-0.5525441;-0.43309525;0.5367412;-0.107122645;-0.48857602;-0.16151308;-0.64191025;0.3069057;0.4972735;-1.0369021;-0.58406705;0.91673964;0.8876252;-0.6879069;0.090297885;0.51515836;-0.24213265;-0.5804435;-0.1522503
-1.2672312;-1.1229448;-0.54365796;-0.4783464;-0.8461978;-1.8992871;-0.26189497;2.2659965;-0.73995817;2.4771438;-0.8482032;-0.92267054;-0.8392582;-0.75695425;-0.7589815;-0.7391104;-0.6428375;-0.5389654;-0.4085328;-0.49401346;-0.44414994;-0.16971913;0.3013;1.2915959;1.2943524;2.3806984;3.755241;3.2031868;4.776725;3.952757;3.5878623;5.7563;5.1423016;4.5866547;4.388391;3.8000033;-0.45197552;-0.25204483;3.2778907;3.0508971;3.5588923;3.105111;-0.52217907;3.5022929;2.9421136;1.6414598;-1.1427108;-0.5228063;0.54699206;3.1846807;-0.48265702;-3.1691134;0.40514088;1.2373158;0.78935206;0.5491725;1.0029249;0.3668305;0.6716018;0.29516193;0.11882967;0.82342464;0.03552859;-0.14580989;-0.017579624
-1.2672312;-0.920594;-0.54365796;-0.4783464;-0.8461978;-1.8992871;-1.0772966;-1.0065457;-0.9191014;-0.7870684;0.116993144;-0.30483636;-0.4056986;-0.49249977;-0.48855245;-0.6079461;-0.5528958;-0.4060464;-0.65145844;-0.64903235;-0.6613548;-0.8891885;-0.8836715;-0.8168665;-0.8783732;-0.94327676;-0.78067267;-0.7843421;-0.8439085;-1.0385649;-0.99011135;-0.8252429;-0.6732757;-0.66393155;-0.7436636;-0.7629507;-0.45090696;-0.29338047;-0.5738635;-0.5147595;-0.45193595;-0.5807853;-0.8603984;-0.59986174;-0.88847464;-0.43658334;0.6072029;0.15560548;0.5489437;-0.67520595;-0.49914998;0.3519442;0.43345517;0.010441557;0.05869852;0.81342024;-0.0019890827;-0.11304585;0.3391432;0.886002;1.4237621;1.6343992;0.30749398;1.0812299;1.7778232
-0.08359182;-0.54133797;-0.16872302;-0.35000524;-0.6947979;0.6735115;0.7275256;0.7968721;0.67116666;-0.03987194;-0.6113085;-0.63679373;-0.69895726;-0.65757465;0.05337372;0.599158;0.47865394;0.067980275;-0.30171773;-0.1284563;1.0299937;2.0450027;2.187052;1.3910314;0.46080902;1.1816865;2.1993415;1.130113;1.0583427;0.03943486;-0.40495408;-0.5715623;-0.14701086;0.029943278;0.35774225;0.3067122;0.89838845;-0.09647237;-0.07387615;-0.22846593;-0.35644004;-0.48495194;1.0847143;-0.31446695;-0.2914559;-0.44180337;-0.3168313;-0.32715306;-0.3987726;-0.2535559;0.24709937;0.57780445;-0.6666599;-0.3317353;0.2514147;-0.7745401;-0.9507631;-0.94802195;0.28125846;0.85180265;0.6940891;-1.222877;0.16878508;1.127561;-0.4629755
0.7534855;0.36317143;-0.44237414;-0.34861606;-0.4833873;0.7576395;-0.3229742;0.318628;-0.3120561;1.3508956;-0.38534287;0.7020561;0.23430064;0.5475835;1.0975052;0.5806299;0.6443905;0.067205496;-0.3691999;-0.31894606;-0.22835447;-0.13158228;-0.1763156;-0.17780444;0.47528785;1.1410784;0.8819017;0.97885233;-0.03737211;-0.050551493;-0.0032173488;0.20808658;-0.14324962;-0.011242336;0.2375627;0.35307235;-0.27195424;-0.2843739;-0.14794838;-0.25449267;-0.404188;-0.48495194;-0.4777445;-0.38804692;-0.8908931;-0.45134;0.30291036;-0.09113399;0.4057615;-0.34220847;-0.360207;0.48373994;-0.40936914;-0.1624941;0.034234177;-3.080772;-1.0850219;-0.12287703;-1.5673221;0.06618539;-0.4172425;-1.395163;-1.4710127;-1.1825175;-1.0804149
1.694548;0.18110311;0.24990536;-0.11374387;0.09184839;0.4495129;0.44738147;-0.63430834;0.23933206;-0.18440257;-0.6810426;-0.36740962;-0.6056732;-0.5487708;-0.626735;-0.7059883;-0.71951586;-0.65191454;-0.6238714;-0.5961138;-0.24269827;-0.30355695;-0.4649543;-0.4870313;-0.48780173;-0.3257495;-0.625608;-0.667737;-0.3265875;-0.44646552;-0.61506295;-0.3285098;-0.27353722;-0.07854133;0.036295626;0.1976233;0.1468743;-0.03802855;-0.24053867;-0.345586;-0.28004327;-0.2195677;0.23629646;-0.29300165;-0.6558583;-0.32113177;-0.112940885;-0.27246767;0.08704683;-0.27789262;-0.20878755;-0.1456495;-0.8381924;-0.51048565;1.49221;0.5762819;-1.4624839;-2.1496572;-1.4386399;-1.6330215;-0.73991114;-0.3368465;-0.3292994;0.7836093;1.5537282
0.30012736;0.20229527;-0.46712857;-0.21529089;-0.584863;0.68938386;-0.85858023;-0.6135483;-0.8237226;-0.487099;-0.22704488;-0.34639543;-0.16447304;0.27978072;-0.14025378;-0.1533278;-0.2960696;-0.32060984;-0.43418604;-0.8689831;-0.77443975;-0.4367586;-0.5463557;-0.49540582;-0.5138495;-0.770239;-0.66243535;-0.5361501;-0.3031263;-0.4781095;-0.2271818;-0.4444596;-0.55797917;-0.5774307;-0.4039624;-0.2765942;-0.434535;-0.29323447;-0.20350249;-0.2935327;-0.3182417;-0.45546484;-0.7197004;-0.38400564;-0.36632067;-0.4540012;0.28415847;-0.13356645;0.53749526;-0.33502647;-0.4862105;0.33032835;0.38747314;-0.35071048;-1.8821665;-0.05311678;-0.13740963;-0.38249183;0.59414035;-1.0793614;0.4371456;-1.3240525;0.3861467;0.51748276;0.4630025
-1.2672312;-0.38436905;-0.54365796;-0.4783464;-0.8461978;-1.8992871;0.03925127;-0.6629135;-0.41583496;-0.10259284;-0.93253624;-0.60148776;-0.11636492;-0.50415736;-0.6461711;-0.08738605;-0.46180773;-0.63414377;-0.3621836;-0.21645756;-0.3259219;-0.6019073;-0.5432894;-0.6077111;-0.5735837;-0.28967637;-0.64023215;-0.48157194;0.15893623;-0.06302374;-0.6543494;-0.8615773;-0.9237824;-0.9266846;-0.825231;-0.7609179;-0.39901096;-0.13911434;0.12982234;0.005774229;0.02554394;-0.20482406;0.10447059;0.03418609;0.5942422;-0.2860385;-0.5183939;-0.43221575;0.45207986;0.119059294;-0.41485143;-0.4738726;-1.2166772;-1.1940885;-1.5175136;-0.0894428;1.2047246;-2.229865;-0.29569182;-1.6534867;-0.83773047;-0.2757823;-2.4467301;-1.8817666;-1.6121424
-1.2672312;-0.753168;-0.54365796;-0.4783464;-0.8461978;-1.8992871;-0.85854053;-0.9870922;-0.9331895;0.21646582;-0.9006249;-0.6346966;-0.5758046;-0.4724069;-0.437546;-0.5187289;-0.68263865;-0.64403754;-0.6523902;-0.5880721;-0.57594234;-0.56826556;-0.50196713;-0.7059677;-0.6049799;-0.66539145;-0.82646245;-0.8827604;-0.9343012;-0.889125;-0.9339304;-0.9330626;-0.97458476;-0.98535645;-1.0099757;-0.976791;-0.44769964;-0.2924261;-0.11091233;-0.22846593;-0.3755392;-0.11636236;-0.7790715;-0.09179987;0.31819278;0.31122848;-0.4516996;-0.45352316;0.54802173;-0.058675855;-0.49713773;-0.7453867;0.075435884;-0.088828176;0.27889797;-0.25158924;-0.29279017;-0.9826583;-0.024793074;-0.20131582;0.3612068;1.1254835;0.8799383;0.18682289;-0.44573712
-0.32459912;0.22833115;-0.3998928;-0.38031268;-0.6647156;0.65720147;-0.91400534;-0.4147886;-0.84856427;0.22737363;-0.30449274;-0.3134726;-0.17876172;-0.35542294;0.15202744;0.304948;-0.23474514;-0.24222498;-0.0011724702;0.2635948;0.43309507;0.11512035;-0.3372138;-0.61790335;-0.5665992;-0.48105937;-0.6128345;-0.35666078;-0.30985227;-0.65770465;-0.44386092;-0.5904804;-0.7941997;-0.8599234;-0.75760984;-0.607913;-0.44385648;-0.2929969;-0.42571908;-0.31955937;-0.3755392;-0.52181095;-0.826154;-0.47735816;-0.016242724;-0.46850517;-0.009318672;-0.070966184;0.5410812;-0.4738879;-0.49473655;0.96493536;0.5869771;-0.3327571;-0.42172724;1.059241;0.2892013;0.3321892;0.24223149;0.8486424;1.2592571;0.5195494;-0.26776382;-0.9989116;1.0112522
-0.3871899;-0.2688106;-0.54365796;-0.4783464;-0.8461978;-0.34779567;-1.098405;-0.986489;-0.9788174;-0.48982605;-0.7939222;-0.9109638;-0.77726537;-0.861351;-0.8184204;-0.7266745;-0.68747926;-0.6028756;-0.6930705;-0.7163552;-0.7812616;-0.8050667;-0.80874276;-0.79562557;-0.8831237;-0.8388194;-0.56541175;-0.6839246;-0.74474365;-0.79441065;-0.82603824;-0.811977;-0.6162841;-0.54095864;-0.3042924;-0.055324823;-0.45155194;-0.29337248;-0.27757472;-0.2935327;-0.3755392;-0.43334946;-0.8692402;-0.37582657;0.2318685;-0.3926234;0.051827516;-0.22570252;0.55097735;-0.35002384;-0.49953943;0.23563959;-0.026456458;-0.19224538;-0.20470707;-0.039456286;0.5158188;-0.21872409;-0.078002356;0.23884347;0.4670327;0.87759006;1.001031;0.27604854;0.2676113
1.0742626;0.26317352;0.31308895;0.117650904;0.44026873;0.46043664;-0.2753198;-0.63847834;-0.35144943;-0.41347015;-0.41997153;1.1807162;0.6652993;-0.09499869;1.0911419;0.5908905;-0.22034739;-0.5193936;-0.6346087;-0.44767597;-0.21037763;-0.50429475;-0.73134404;-0.78386134;-0.9106444;-0.83112746;-0.9028402;-0.8118027;-0.49877897;-0.4787041;-0.34038448;-0.789375;-0.87493974;-0.8023236;-0.796593;-0.82991135;-0.28734812;-0.26919547;-0.2960928;-0.21545264;-0.35644004;-0.4923238;0.5667325;-0.37429377;-0.33043107;-0.4433588;-0.3025484;-0.3329388;0.4167471;-0.3376818;-0.3845802;0.6309049;-0.26266763;-0.19998585;-1.6298234;0.6454446;0.037375018;-2.6554284;-0.94499195;0.33571133;0.10686327;0.54591244;-2.1491184;-2.4958458;-1.306495
-1.2672312;-0.73504776;-0.54365796;-0.4783464;-0.8461978;-1.8992871;0.015630456;-0.27243406;-0.58379257;2.051733;-0.31960323;-0.6044094;-0.84171003;-0.8104548;-0.78802884;-0.62703013;-0.6983287;-0.699844;-0.7832695;-0.6146873;-0.8282087;-0.8709566;-0.8151814;-0.8649597;-0.8574753;-0.63292867;-0.7513567;-0.7660603;-0.37246203;-0.07893451;0.25576833;0.49250892;1.4591953;3.619552;3.818694;3.5836096;-0.43386298;-0.27317995;0.16685852;3.688551;3.005016;2.633316;-0.41101217;2.6804903;2.4817865;2.7726147;-1.1716454;-0.52435446;0.530841;2.523594;-0.46077508;-1.9456334;0.6301406;-0.32830188;-0.21086293;0.6569364;-0.27222154;1.635755;0.7124889;0.6901806;-0.6717937;1.238719;0.15899624;-0.3101448;-0.40962136
-0.39898047;0.4676685;-0.14771408;-0.29578358;0.9063232;0.6112983;-0.04145532;-0.0124256555;0.14138629;-0.6370837;0.19823046;0.15099297;0.031018099;0.5294652;1.4777937;1.6473825;0.8953246;0.5917607;1.0514299;1.5749236;0.5750913;-0.22252;-0.5727752;-0.76422614;-0.40527886;-0.25823766;-0.4549489;-0.2859131;-0.71574724;-0.8232675;-0.59700197;-0.68117046;-0.91560173;-0.86431444;-0.827649;-0.8797547;-0.044063464;-0.27157116;-0.37016493;-0.28051934;-0.3755392;-0.52918273;-0.27325597;-0.46581984;0.15090425;-0.47286534;0.3766624;0.17882937;0.14021645;-0.45093375;-0.33464798;1.074493;0.77876216;0.020342518;-0.98828167;-0.021589782;0.8920483;1.0827245;-1.0827247;-0.3443812;2.4296312;0.90399003;0.31813362;-0.43469906;-0.43593508
-0.42138326;-0.08270293;0.78622824;-0.4783464;1.601427;0.5039247;-1.0164125;0.12256982;-0.86913735;-0.5661819;-0.120867975;0.84418017;1.171217;0.80172795;0.58617944;0.2850716;-0.025842857;0.19925216;0.030078454;-0.043724474;0.010671068;0.3975727;0.23637655;0.018522918;-0.30109608;-0.20479213;0.109711565;0.14369771;0.15870716;-0.05153909;-0.13122633;-0.11017189;-0.13016613;-0.15875666;-0.14809464;-0.08258829;-0.44615546;-0.2933934;-0.42571908;-0.47571948;-0.55698144;-0.661875;-0.74985063;-0.6083118;-0.81479853;-0.44529757;1.595098;0.521102;0.5396802;-0.6759337;-0.49642354;-0.006678367;1.5707332;1.1338757;1.4597365;0.48853847;-0.69041646;-0.99081534;0.029952474;0.6487518;-0.31376743;-0.6559419;-0.0816456;0.40280005;0.027554488
-0.30894047;0.06255434;1.0858834;-0.4783464;0.07288297;0.59604895;0.005899038;0.49166667;-0.019834327;-0.60981375;1.3716589;0.8701262;1.2165562;0.7517182;0.6606211;0.46389437;-0.16477934;-0.10601694;0.075571045;0.042263526;0.31949127;1.4705479;1.1915112;0.70121634;0.5837497;0.8363442;0.42107517;-0.0024697494;-0.22458042;0.17333457;0.41740683;0.062315665;-0.05506884;-0.2959022;-0.07061536;-0.2340552;-0.17931108;-0.26852283;-0.4072011;-0.33257273;-0.38508883;-0.5439263;-0.15395541;-0.46720868;-0.017249286;-0.413928;0.47076625;-0.007622353;0.25863492;-0.47257888;-0.35903826;0.48165053;0.12466405;0.50414836;0.5204495;0.59120774;-0.7365844;-0.45553353;1.2531791;0.33738753;1.5183303;0.51333034;0.07117918;1.01524;-0.21601857
-1.2672312;-0.65220034;-0.54365796;-0.4783464;-0.8461978;-1.8992871;-0.51883715;-0.62370545;-0.57467127;-0.54981995;0.42170137;-0.0038925805;-0.15755714;-0.26231954;-0.45617622;-0.4719553;-0.41830117;-0.3798715;-0.42177463;-0.46523318;-0.5272833;-0.5476132;-0.6053287;-0.3941131;-0.3375851;-0.23165765;-0.46012297;-0.6838752;-0.6628678;-0.70035934;-0.7104549;-0.59185135;-0.35338885;-0.321923;-0.22752428;-0.17866963;-0.3912215;-0.28292438;-0.37016493;-0.38462612;-0.43283677;-0.55129814;-0.3355517;-0.44918963;-1.2384397E-4;-0.32637486;0.15228441;-0.25434336;0.4901673;-0.46480682;-0.47584224;0.17692852;0.29822522;0.44628057;1.1042172;-0.22046486;-0.70601577;-1.3070455;0.85587674;-0.35122517;-0.0059879236;0.27669865;-0.74053705;-0.14416066;0.9230207
0.66835696;0.37449846;-0.54365796;-0.4783464;2.2043054;0.35965565;1.5587401;-0.3542893;0.79254097;0.805497;-0.2518767;-0.27547404;-0.2710232;-0.27142555;-0.2816658;-0.29611284;-0.2985719;-0.28604373;-0.2809316;-0.28044543;-0.27879256;-0.275599;-0.27297556;-0.2639342;-0.26004472;-0.26340774;-0.25366732;-0.24190818;-0.2367143;-0.2325582;-0.22641623;-0.22242296;-0.2161275;-0.2123272;-0.21135813;-0.21060233;-0.25240108;0.32939497;1.8705187;4.2611375;3.6448386;3.414726;0.26197463;3.5932515;2.5349276;4.0744405;-1.0816808;-0.5183654;0.3407467;3.7492568;-0.046936784;-1.7211431;-0.33996862;0.071591236;0.81255764;0.40794837;1.2272304;-0.64912474;-0.034082603;0.94549036;0.6907457;-1.0538982;-0.73335713;-0.053467236;-0.3162884
-0.01844548;0.6673394;-0.21261288;-0.07394653;-0.03528691;0.6922133;0.93077844;-0.23345739;1.1679559;-0.5689089;-0.4240008;-0.36259046;-0.29683623;-0.24678068;-0.256422;-0.23008308;-0.23310557;-0.2936244;-0.33387756;-0.25122723;0.11393252;0.061474387;-0.046379976;-0.14312352;0.009078524;-0.0012993567;-0.31237125;-0.3009404;-0.23093939;-0.08781668;-0.17781226;-0.19201532;-0.15984139;-0.19383612;-0.1804307;-0.28102386;1.1755177;0.0080492515;-0.11091233;-0.20243928;-0.34689045;-0.43334946;0.24156861;-0.32975125;0.0674564;-0.47297564;-0.5186937;-0.35637322;-0.73035663;-0.2580908;0.4514468;1.3349578;-0.48947328;-0.57913685;-1.2173576;1.0652711;-0.16047616;-1.1366254;0.24539329;-0.26242378;1.2421148;1.7606978;-1.2626767;-0.08794708;0.6042555
1.8000675;1.1647673;-0.4471553;-0.39365855;-0.49585024;0.7151019;0.3749367;0.9895477;-0.15622626;0.30372977;-0.28726158;-0.50351787;0.44640154;-0.030603435;-0.6534233;-0.43918508;-0.33905113;-0.30049595;0.75838685;0.7398077;2.5269847;2.014314;2.668642;0.90107495;1.0142311;0.6100421;0.22603063;0.014820497;1.3334578;1.1065631;0.5951739;0.22135928;0.18255472;0.8171113;1.4622282;1.2060087;-0.4481216;0.33339906;0.9446167;0.552335;0.35977933;0.023701753;-0.20420823;0.49537927;-0.22009087;-0.37260824;-0.1972261;-0.34917614;0.38019988;0.58738965;-0.2657057;-1.4747586;-2.3584905;-2.3664742;0.88783437;0.8373083;0.117098026;-2.6667383;0.45385963;-1.1984874;-0.87963724;0.19149883;-0.46103477;0.20304109;0.93049484
-0.08818836;0.17067656;0.22470284;0.05608837;1.8516903;0.48641708;-0.6692264;-0.32018435;-0.7756553;-0.3643842;-0.41059515;-0.36468256;-0.31439686;-0.31540096;-0.2136714;-0.36270073;-0.28502688;-0.1759526;-0.28774226;-0.3711214;-0.20922288;0.07367539;-0.06584084;-0.008881369;-0.10874574;-0.4461739;-0.3715484;-0.3633676;-0.31141433;-0.29799488;-0.29037094;-0.39948112;-0.31251702;-0.32442757;0.13656943;0.32197535;-0.43102238;-0.28426152;-0.37016493;-0.2414793;-0.36598969;-0.101618715;-0.6753601;-0.29248655;0.16416657;-0.24818408;-0.2346982;-0.37729177;0.5292909;-0.2684361;-0.4856644;0.08594383;0.33931193;-0.5882554;1.3748112;0.5116406;-0.46869615;-1.4405069;0.9891321;1.1117179;3.1455755;-0.47404048;-0.58802897;0.90696174;0.32106516
-0.42364606;0.34133217;-0.2487562;-0.15459421;0.6507693;0.57439214;-0.46834698;-0.04585861;-0.4044546;-0.48437202;0.07413544;-0.12084331;-0.19017254;0.10064666;0.46414378;0.3316413;0.09573225;0.06872468;-0.1912179;0.026946513;-0.001748367;0.16448598;0.12480704;-0.23091939;0.02325204;0.31998974;-0.46917826;-0.40706888;-0.37869897;-0.04732828;-0.42235506;-0.5043767;0.18516567;0.15235999;0.37595636;-0.12683359;-0.3663427;-0.28721258;-0.35164696;-0.35859936;-0.43283677;-0.5660417;-0.36173573;-0.4801871;0.086846486;-0.38381782;0.3751416;-0.16212614;0.46718392;-0.4958686;-0.46607167;0.11155255;0.804944;0.15299302;1.3492198;-0.24062397;-0.7109393;-0.66905934;0.1719153;1.3676137;0.013758484;0.76095206;-2.0553234;0.7414803;1.6438042
-0.13425122;0.040926974;-0.18509309;-0.26324227;0.016384095;0.5510137;-0.18241033;4.4124537;-0.5447582;-0.20621853;1.5764731;1.264355;1.5685321;1.6060541;1.7863959;2.3012428;2.499872;2.5562205;2.9622798;2.1722531;2.2771099;2.426191;3.7017467;6.2873573;5.2117863;4.917156;3.4960237;4.892767;5.313777;3.6057658;2.6690848;3.7491136;3.135655;1.6341732;0.83054936;0.46865904;-0.38552007;-0.256767;-0.05535818;-0.1503859;-0.3182417;0.21536823;-0.34637663;-0.09796287;0.46201038;-0.27035448;-0.7503274;-0.48824364;0.48635736;-0.06587399;-0.4429318;-0.1467625;-0.6319997;0.75786495;-0.14630215;-0.98137087;-1.6100315;1.9593798;-0.037961695;0.4643443;-0.20888442;0.6783764;0.7417781;-1.4754703;0.37989193
0.024017118;0.47161812;-0.32247084;-0.29571822;-0.43238384;0.57633656;0.7398325;0.046474207;0.77453095;-0.29348242;-0.087781586;-0.3444108;-0.25677815;-0.4050106;-0.53766555;0.1697824;0.5769513;0.97425264;0.86510926;0.8980647;1.5441959;1.007923;-0.7368556;-0.7211636;-0.6800054;-0.2590918;0.6425431;0.4323842;-0.4357304;-0.73335475;-0.6843989;-0.7059104;-0.58168864;-0.023239985;-0.12456893;-0.47810805;-0.280333;0.0313107;0.2594487;0.018787572;-0.21319622;-0.26379803;0.9414169;-0.10259236;-0.4929975;-0.46768534;-0.07443191;-0.11867152;-0.2737647;0.02978542;0.37603968;0.5889242;-0.8613563;-1.3561941;-1.4549409;0.68827075;3.1062982;0.16155295;0.051889632;2.6570654;0.0049615772;-0.70502895;-1.9879565;0.5875659;-0.14724067
-0.07234162;0.49411178;-0.0013626749;0.010293934;0.99876946;0.6516879;-0.51652867;-0.9476573;-0.1079737;-0.503461;0.09327156;0.2255202;0.38484806;0.16384788;-0.49589387;-0.65060854;-0.6890958;-0.65413594;-0.74935853;-0.83273894;-0.72189945;-0.6363434;-0.6359425;-0.6920523;-0.75478905;-0.810583;-0.8570631;-0.70247865;-0.6309332;-0.8445088;-0.8319417;-0.90755;-0.956394;-0.9148752;-0.8604067;-0.8222144;-0.26053065;-0.2898588;-0.44423714;-0.43667942;-0.5283327;-0.6692468;-0.45892692;-0.6039547;-0.9795704;-0.47883478;2.2851374;1.4864901;0.31847915;-0.6621237;-0.33005857;0.90612733;1.0044297;-0.08768407;0.8972068;1.5703828;0.83185315;-0.24867599;-0.06833765;0.13628705;-0.7144574;-1.1050832;-1.4723245;-0.10742867;1.0103638
0.7833336;0.76269907;0.53733647;0.3843969;0.48127645;0.4151615;0.63680285;0.7020887;1.8203969;-0.5989058;1.2128159;3.1586635;2.0681605;1.4841987;1.5686893;1.4316672;1.6039442;0.9637645;0.7971141;1.1943021;1.5141989;0.95118934;0.45635045;0.20085067;0.009691911;-0.058162306;-0.3461029;-0.51462924;-0.28769875;-0.46121597;-0.33249575;-0.080794424;0.091461614;-0.034951795;0.28193903;0.3559404;1.732251;-0.2590334;-0.31461078;-0.35859936;-0.44238636;-0.55129814;2.1028874;-0.50279903;-0.60826176;-0.48193282;0.5244863;0.21553163;-1.4956714;-0.50383043;1.212679;0.8289573;0.7009539;-0.20948702;-0.19088337;-0.54714406;0.23054612;-0.35830593;-0.7951982;0.52894515;-0.22889535;0.12225551;-0.61664605;-0.68093866;-0.35394675
-1.2672312;-1.2349114;-0.54365796;-0.4783464;-0.8461978;-1.8992871;-0.8925316;-1.0405484;-0.8738717;1.2281806;-0.2772482;-0.75212306;-0.78944504;-0.6784503;-0.6458091;-0.735502;-0.70059335;-0.66663146;-0.7051528;-0.80395395;-0.81365097;-0.6577067;-0.79586416;-0.8251755;-0.825949;-0.9101801;-0.84408194;-0.8438489;-0.6914533;-0.64777136;-0.7747053;-0.8292647;-0.87698615;-0.78990585;-0.6795607;-0.63737637;-0.4518276;-0.29206732;-0.5738635;-0.6058529;-0.34689045;-0.25642648;-0.7653986;-0.25638467;-0.5873908;0.6507241;-0.55723536;-0.4728158;0.54581094;-0.3817426;-0.49931636;-1.1101314;0.09689568;0.3213329;1.4657534;0.79275864;1.0513169;0.49691185;1.0424726;1.2825356;0.8245168;0.24703519;0.6513556;1.2428414;0.624437
0.054303814;0.09575026;4.483536;-0.4783464;4.475678;0.45836127;-0.049436163;0.10873491;-0.3910349;-0.25803146;-0.19088426;-0.79152054;-0.6593254;-0.44489065;-0.6399031;-0.5848131;-0.03926258;-0.05894192;-0.11592665;0.4420586;0.6930484;1.2281603;0.79679304;0.2499463;-0.32572237;-0.10604632;0.024742732;0.05733766;0.23338853;-0.2388976;-0.010200324;0.38547647;0.3868647;-0.08444391;-0.115742914;-0.08794512;-0.32396019;-0.25711453;-0.036840092;-0.17641264;-0.2513945;-0.43334946;-0.14191546;-0.1910947;0.19720776;-0.349922;-0.43136403;-0.424528;0.41481346;-0.12523714;-0.44687754;-0.2492791;-0.88763285;0.33996806;-1.359423;-1.031693;-0.9595365;-0.49115548;1.3006852;0.35913914;0.41091612;-2.306895;-0.5031733;0.90819967;0.13079453
-0.70415884;-0.19162674;0.6735427;0.15902786;2.8637545;0.45640087;-0.946365;-0.18264969;-0.76926297;-0.65617275;-0.41320908;-0.17068611;-0.36633328;-0.25009587;-0.31810197;-0.65119135;-0.633393;-0.44686425;-0.26600054;0.24068594;0.05788772;-0.52937126;-0.5696974;-0.36802274;-0.29548866;-0.19222237;0.40063167;0.41153803;0.37924063;0.21089032;0.3327959;0.117098674;-0.019530928;-0.15746135;-0.19868508;-0.24204536;-0.4282057;-0.29315862;-0.38868302;-0.43667942;-0.48058474;-0.61027247;-0.6134416;-0.56434035;-0.46853146;-0.46716776;1.5146426;1.3040378;0.52710485;-0.60202485;-0.48998606;0.8895152;0.979101;0.42165276;0.4780653;0.88879055;0.41503873;-0.590714;-1.5193603;-0.36156532;-0.14661653;1.4599391;0.37847137;0.13638969;0.058130775
