normalizeInput
Infinity;0.0;0.0;0.0;0.0;0.0;-100.0;0.04025327;0.0958029;3.995282E-4;0.002771479;0.01724346;0.01241297;0.01381118;0.02869348;0.02841226;0.02146699;0.03047282;0.04005529;0.04743753;0.03613685;0.04914695;0.07618792;0.07428113;0.06901136;0.08587926;0.1050197;0.1057608;0.1292238;0.1642371;0.1150425;0.1470356;0.1429559;0.09871451;0.08602386;0.09493292;0.08405855;1.721807E-6;1.284539E-6;43.06641;43.06641;43.06641;57.42188;8.274766E-4;62.43022;0.6428832;2331.836;-4.958148;1.077751;-6.48191;0.05741347;3.326225E-6;-38.95215;-61.98112;-58.81648;-81.4014;-89.48617;-82.57594;-64.31179;-76.43185;-72.62421;-63.18184;-64.91129;-61.9453;-51.49325;-57.98985
1.0;616.4218;0.9427915;1.0;1.0;1.0;133.57207;4.763084;11.251677;0.53182465;0.7999495;1.5230474;4.872265;13.350819;20.839445;23.843618;22.580004;21.068996;30.697023;25.036263;24.625633;20.560913;20.714184;21.665499;21.888058;31.981203;22.25936;20.542109;24.326027;20.009123;22.572878;20.864374;18.344374;14.770895;12.945286;10.174658;8.250806;46.82788;26.195957;10450.783;10565.624;10838.384;10924.508;4.7053857;10282.819;6.5202665;2.2454382E7;91.76769;13989.162;6.7733946;7.6125603;26.397627;95.83652;121.84958;124.05209;133.64075;134.34927;141.60297;117.617096;141.46152;137.40266;132.12378;132.81506;132.71155;113.96886;109.770035
codebookNumeric
128;65;5;0.0;0.0
0.22630411;0.86632925;0.2127746;0.0;0.5710453;0.7961433;0.11095266;0.078038186;0.045790456;0.07622049;0.09591431;0.06739413;0.03807632;0.03012228;0.036313895;0.03426895;0.03943291;0.033060394;0.04088012;0.041037813;0.04837757;0.044294942;0.05108966;0.062277142;0.038906753;0.055814244;0.06311597;0.054464556;0.07537501;0.04754682;0.049739253;0.041537914;0.052797966;0.05050388;0.052360356;0.054407675;0.0020415983;2.627984E-4;0.023351647;0.03668479;0.039735083;0.053876497;0.03304482;0.0500277;0.45742807;0.025810814;0.10048536;0.0017111159;0.9548096;0.06101304;0.0021279517;0.5956411;0.57344574;0.6929312;0.50617;0.45563972;0.45910984;0.42912206;0.6001443;0.53768456;0.35701346;0.59842575;0.41792175;0.5225718;0.45672798
0.19636601;0.74304444;0.0294114;0.04163139;0.1165793;0.55680084;0.06683945;0.05040737;0.097488865;0.13984248;0.12859668;0.0832345;0.045472;0.03419534;0.029710848;0.034434326;0.030078327;0.018794496;0.026433432;0.03415241;0.0474335;0.032104634;0.02010564;0.025011495;0.027605688;0.064799726;0.052656725;0.025000444;0.01972181;0.023288222;0.015929958;0.018606948;0.023786454;0.024067821;0.022303974;0.010999828;0.0022194295;1.5066919E-5;0.0054945056;0.008152173;0.011920522;0.01839685;0.07973752;0.0088848965;0.23780742;9.993272E-4;0.35536066;0.09245973;0.94658995;0.01398991;0.0050475895;0.74050677;0.79337186;0.69003755;0.64999914;0.64328736;0.59811354;0.55394197;0.48622847;0.5864374;0.5855528;0.55183846;0.40582615;0.49402347;0.5306567
0.0;0.6993181;0.0;0.0;0.0;0.0;0.06576452;0.046116844;0.017794024;0.11370078;0.025905924;0.019269217;0.0069089863;0.0070503806;0.007912672;0.009560163;0.010686683;0.009673828;0.01907668;0.018172238;0.02494923;0.026968569;0.028559778;0.037935343;0.023643617;0.035517234;0.04489423;0.048210304;0.053971622;0.04486497;0.04502217;0.056110177;0.03876424;0.02962247;0.031999473;0.042267986;1.3587983E-4;9.525105E-5;0.010989013;0.031250004;0.059602622;0.103810824;0.02298847;0.05753764;0.5718505;0.047372628;0.10755582;0.0023921623;0.9566629;0.06632206;1.4415337E-4;0.5848545;0.5375318;0.5278829;0.62097883;0.7043766;0.53134644;0.45868647;0.53584015;0.5681655;0.5280633;0.50894994;0.46385923;0.50036424;0.5143592
0.22618943;0.7918039;0.0;0.0;0.0;0.5335075;0.256649;0.09771549;0.11953512;0.11590552;0.03513353;0.036419395;0.026991291;0.022727847;0.023217948;0.029545793;0.041914534;0.02294619;0.024158098;0.034437016;0.043696795;0.04435227;0.060999792;0.12154287;0.063929416;0.09385981;0.09542031;0.066496894;0.07718654;0.09220493;0.09597769;0.07516169;0.0818841;0.076221034;0.0648288;0.05741379;0.01098809;0.0054411036;0.026098896;0.03668479;0.09536418;0.18002634;0.096651524;0.074415386;0.5320885;0.05322191;0.09647087;0.0016394698;0.94425666;0.08248618;0.008590067;0.53763765;0.5248846;0.58458793;0.571248;0.44559017;0.33551714;0.55094755;0.48500538;0.41748208;0.4137686;0.4923651;0.4292245;0.39993235;0.48474646
0.0;0.0;0.0;0.0;0.0;0.0;0.20419726;0.15328348;0.13405569;0.70519704;0.0154927205;0.010589859;0.007385317;0.006049073;0.0056053386;0.00865445;0.018032093;0.0145469885;0.021832522;0.028338509;0.034545887;0.035618108;0.045646023;0.058107883;0.045553815;0.058794204;0.093641765;0.07981151;0.12510483;0.14355563;0.25925854;0.35816187;0.35012737;0.2533924;0.3074175;0.3741286;4.2138447E-5;6.4447714E-4;0.5151098;0.6263588;0.7788076;0.9014458;0.13284801;0.6737036;0.9281022;0.16013713;0.05629055;1.0296386E-4;0.9616925;0.63914824;0.0103112515;0.076916486;0.75907123;0.55901855;0.66682047;0.59559375;0.33657885;0.44752854;0.5455309;0.56396323;0.49280068;0.40566012;0.43346086;0.40568018;0.51757485
0.48225534;0.83825946;0.0104232;0.01246399;0.08435967;0.8566031;0.0925129;0.0895736;0.057516817;0.2582677;0.0838915;0.0466361;0.061193228;0.057798445;0.019061618;0.026225448;0.037250537;0.017937643;0.023770165;0.019320557;0.027929101;0.031643208;0.029840363;0.044522803;0.059922665;0.07856831;0.06169153;0.0890034;0.08298654;0.05330067;0.10056181;0.11992592;0.096975334;0.08129386;0.07304868;0.075595714;0.0034629428;8.934953E-5;0.024725268;0.024456521;0.026490057;0.034165587;0.026463576;0.037106954;0.22807854;0.027898185;0.14698145;0.006595789;0.95375353;0.04942113;0.0035698086;0.5287326;0.6126098;0.5427257;0.4728952;0.34379914;0.35074437;0.52452505;0.3031512;0.35817474;0.4149907;0.26302606;0.43153048;0.34052303;0.52075475
0.0;0.67302084;0.0;0.0;0.0;0.25739044;0.36366326;0.27631244;0.141397;0.26015744;0.03247638;0.027934039;0.013849586;0.012304917;0.01265975;0.01882563;0.02797088;0.019862058;0.027835917;0.033102512;0.05346451;0.058301404;0.056022845;0.08229801;0.0886308;0.1526465;0.39129442;0.4562145;0.46808758;0.28942657;0.24256574;0.39868742;0.5127244;0.37179613;0.3360212;0.31345344;6.061058E-4;0.029969698;0.2733516;0.29891312;0.36026475;0.49277288;0.17350963;0.33785412;0.76834244;0.077824146;0.06549509;3.614776E-4;0.949223;0.27610782;0.014133436;0.21638504;0.52559006;0.6637;0.46643347;0.4539278;0.51820594;0.5034615;0.49561286;0.65585226;0.42805648;0.52452415;0.43683168;0.38091013;0.51950157
0.30531657;0.90625393;0.0649948;0.1143173;0.04972425;0.83466387;0.118838795;0.14459793;0.056167804;0.078425206;0.14677891;0.10961687;0.052365247;0.04680607;0.043360062;0.03772309;0.064245924;0.07697602;0.107008725;0.124156;0.12738131;0.1347638;0.15709502;0.12838943;0.05145719;0.10126051;0.12157764;0.080022946;0.10405194;0.06275481;0.061636038;0.06590555;0.07694777;0.06279349;0.067175835;0.06338377;4.8401122E-4;0.001039388;0.041208785;0.069293484;0.071523145;0.093298316;0.043531444;0.06326563;0.45939687;0.006201781;0.06734073;0.0011604462;0.95393676;0.08284155;0.0031127266;0.91083914;0.32476273;0.38932803;0.60375464;0.67746735;0.6263478;0.54882234;0.55785215;0.47907692;0.26981282;0.28967267;0.55018157;0.5196768;0.4097322
0.7904576;0.9914229;0.005982552;0.003686512;0.0272285;0.8432502;0.7101065;0.11726733;0.49377283;0.14740157;0.057927046;0.064782485;0.03884613;0.020330518;0.027271245;0.034340277;0.042531308;0.03303505;0.059077486;0.062764406;0.063218005;0.08413023;0.049586296;0.0847144;0.05385219;0.077773005;0.08891279;0.099210866;0.14510876;0.094921865;0.07746618;0.09465644;0.11378488;0.11285601;0.11233175;0.10163115;0.014475157;0.2561683;0.08653844;0.089673914;0.14172183;0.1865966;0.13724451;0.11827406;0.40081167;0.021047426;0.0844883;0.0011280903;0.7622874;0.13117866;0.24100162;0.46365213;0.22973539;0.3988776;0.49672917;0.6620288;0.66746455;0.46360245;0.48355561;0.53276414;0.45151258;0.7173314;0.7159835;0.49559048;0.48722476
0.30289665;0.906224;0.004909484;0.003724788;0.05368983;0.8830732;0.15999201;0.10138935;0.12911214;0.08787401;0.10377;0.09235804;0.04909888;0.054611314;0.0496919;0.07024295;0.058228076;0.032676775;0.050774287;0.040008035;0.04601459;0.039717823;0.042472735;0.055502627;0.06255567;0.098065905;0.10485716;0.06361976;0.05788839;0.058571957;0.07029372;0.07294689;0.07731864;0.07476568;0.07052229;0.08332725;0.015521716;2.41289E-4;0.028846154;0.032608703;0.046357594;0.045992132;0.029777968;0.04182362;0.3622076;0.023939224;0.17078492;0.009074636;0.94084734;0.058669712;0.016648855;0.7027243;0.6731735;0.49827635;0.56969917;0.26737717;0.5199406;0.5996889;0.4431024;0.45747313;0.61280435;0.4478998;0.4524938;0.43900865;0.4121287
0.0;0.6262653;0.0;0.0;0.0;0.0;0.40499744;0.15073355;0.19256623;0.38236228;0.054232538;0.0379901;0.021387964;0.018472942;0.019333951;0.026190002;0.029512724;0.016618073;0.025559263;0.035203744;0.0423572;0.0473198;0.044598415;0.04288465;0.027930472;0.06287487;0.07412497;0.079535484;0.09105721;0.14904606;0.21328071;0.32803884;0.38783708;0.32774967;0.2870927;0.24254097;0.003107872;0.0069247107;0.31593397;0.44565222;0.48079452;0.5151119;0.21497911;0.4170561;0.79325783;0.111130744;0.046167437;3.098044E-4;0.95010614;0.36229867;0.02180073;0.2413515;0.61432254;0.47407895;0.38326856;0.5754931;0.3586502;0.5317135;0.39100638;0.43140274;0.47159147;0.42252034;0.4708598;0.46373877;0.5667237
0.3389721;0.8658119;0.01106989;0.01495212;0.05612664;0.8483381;0.29477113;0.09389854;0.20271733;0.07433072;0.08375526;0.060815684;0.033984564;0.025092954;0.027372701;0.031993993;0.032775007;0.025891086;0.050537515;0.054447014;0.06435458;0.06698246;0.06365124;0.08693812;0.05529257;0.08272957;0.09521945;0.052915063;0.07414097;0.06583137;0.060617078;0.06315343;0.06846711;0.0516358;0.06152112;0.0782389;0.020622231;0.008559795;0.01648351;0.024456521;0.0476821;0.07490147;0.113604814;0.04079874;0.4183567;0.013494393;0.13080396;0.0062152357;0.916698;0.053711805;0.03181855;0.75353384;0.39834124;0.44245502;0.66592073;0.47872752;0.51110077;0.40035182;0.478643;0.3858528;0.50871974;0.28571987;0.36087403;0.23890185;0.35192278
0.15559614;0.83708906;0.04199806;0.02597528;0.07119989;0.85480255;0.105133936;0.08090235;0.10830823;0.03244095;0.13436544;0.09528025;0.076976165;0.07465005;0.07140849;0.06196248;0.07509262;0.0606588;0.05848079;0.036163367;0.033970054;0.033548597;0.031679995;0.033437666;0.021705538;0.038352825;0.048309654;0.041987218;0.048818924;0.043632694;0.040861398;0.041233733;0.057562705;0.04377499;0.039489307;0.041105375;0.0123565905;1.0289674E-5;0.024725268;0.029891305;0.03443707;0.035479642;0.039063435;0.028044553;0.39875638;7.921427E-4;0.17211372;0.037374392;0.9439131;0.042858582;0.0039580404;0.8755969;0.7864212;0.4694606;0.4814387;0.46170056;0.525351;0.61555445;0.44108388;0.52172536;0.36309317;0.48401242;0.52408445;0.61358356;0.6074254
0.6225487;0.9477236;0.08069429;0.09438864;0.3096857;0.81478494;0.5386713;0.1519595;0.5959095;0.057637803;0.114374004;0.05307768;0.041806333;0.10149917;0.060027752;0.052263014;0.051146865;0.03999993;0.05268316;0.048047867;0.07581526;0.108914025;0.1438679;0.14303286;0.094612345;0.14491796;0.1445566;0.078517474;0.1288946;0.10211722;0.0986198;0.09413966;0.10512163;0.09873974;0.106557205;0.08959726;0.337595;0.04370032;0.03296703;0.03396739;0.039735083;0.051248383;0.46550456;0.045763645;0.2896208;0.009782592;0.113328904;0.0035218135;0.63277465;0.061894227;0.37095734;0.58486503;0.41419858;0.48878774;0.5144158;0.38395777;0.21595249;0.43447655;0.62384105;0.47096166;0.48677257;0.6259163;0.5476366;0.687851;0.67130214
0.118566364;0.7516797;0.01521194;0.0;0.1536775;0.79510576;0.022779072;0.026427198;0.011817997;0.04094488;0.060112927;0.02257891;0.0054189735;0.0041712443;0.008436709;0.008848271;0.007691215;0.005729621;0.009404065;0.010462092;0.020638702;0.019518126;0.017539654;0.016196687;0.009864796;0.016517831;0.02222894;0.015715396;0.024994506;0.02459604;0.01838569;0.0232834;0.020845542;0.031535987;0.064259656;0.0489954;1.1145743E-5;2.1316253E-6;0.008241755;0.009510872;0.011920522;0.014454667;0.004837026;0.015167452;0.27357438;0.01596473;0.1827084;0.011602836;0.9568274;0.019985816;5.331543E-5;0.6129432;0.6788155;0.6104606;0.66176087;0.7017663;0.61437845;0.61710125;0.5779519;0.5525536;0.4499114;0.47566792;0.49046972;0.42673326;0.4863389
0.37337697;0.7775063;0.2116808;0.1809819;0.2760018;0.80972695;0.34868538;0.08856263;0.30358818;0.12188984;0.07228786;0.04847309;0.028908769;0.025236003;0.024681007;0.027801445;0.035271857;0.07413676;0.074967675;0.069735065;0.07058495;0.03972513;0.044619367;0.028388947;0.023322182;0.032351762;0.04224967;0.03789366;0.09496427;0.095665716;0.069268234;0.054917116;0.075075045;0.09048824;0.08309914;0.07903843;0.0032005114;0.06631885;0.09340654;0.096467435;0.10596023;0.10643894;0.37338758;0.09978109;0.32079634;0.007966069;0.17607883;0.01425494;0.8942087;0.12126114;0.069794364;0.56082714;0.32623494;0.2186944;0.5061231;0.70669603;0.7349903;0.37184867;0.37043852;0.6192001;0.4587348;0.5909957;0.57974565;0.6278546;0.67209685
0.5165565;0.9438875;0.003320787;0.00319589;0.1519187;0.8191855;0.33885604;0.12969783;0.16439454;0.1562205;0.053906232;0.044409722;0.04380449;0.035822287;0.017907677;0.034368273;0.063908175;0.0314101;0.048421983;0.054020707;0.11699325;0.12391607;0.16711333;0.16134979;0.06290616;0.11626445;0.0901961;0.08711945;0.116998434;0.08318016;0.05742211;0.08146351;0.07514335;0.057255223;0.074454;0.0760137;0.006707279;0.029177658;0.065934055;0.10461962;0.16158937;0.21156378;0.102217704;0.1233889;0.48412776;0.030530477;0.0693104;7.737782E-4;0.935744;0.12831603;0.026717255;0.5361288;0.29722852;0.517064;0.5977573;0.34916994;0.3084112;0.38500378;0.5560224;0.46411285;0.36575678;0.19456463;0.32058796;0.3001928;0.41602665
0.41851243;0.9606998;0.001881813;0.002832317;0.02161535;0.9118661;0.48571262;0.08953725;0.47867557;0.08850394;0.081648305;0.04770259;0.023173952;0.01693167;0.055931266;0.056922488;0.0695795;0.06129336;0.046397798;0.05215367;0.06696662;0.05258542;0.047805913;0.044337813;0.03413298;0.047977045;0.050328095;0.05964641;0.07871199;0.04883691;0.065761305;0.05239618;0.058815584;0.06801789;0.080510035;0.07922433;0.11938429;0.032991167;0.04532966;0.054347835;0.06754964;0.069645226;0.09667803;0.060677692;0.35178494;0.0033675449;0.13235508;0.010590818;0.7524126;0.083088554;0.26188588;0.7529592;0.36207604;0.31021485;0.40646493;0.4710794;0.5910773;0.4894858;0.5439046;0.48964372;0.6485107;0.35038474;0.38520643;0.38650718;0.5465629
0.0;0.0;0.0;0.0;0.0;0.0;0.035944346;0.20593774;0.0053590517;0.3795276;0.058900226;0.037791774;0.017956592;0.010962193;0.016892573;0.020396343;0.022194473;0.020597031;0.035197776;0.06470478;0.08158997;0.10189584;0.14983845;0.16938257;0.12726378;0.16856313;0.13575453;0.14868525;0.20531166;0.16982573;0.22024529;0.34919095;0.41631037;0.26658154;0.14479917;0.08087413;6.481242E-7;2.2482303E-5;0.22252741;0.42391312;0.46754947;0.49145877;0.007808083;0.3596532;0.7993837;0.15455006;0.047019742;1.0976705E-4;0.95695376;0.31248283;2.7062393E-5;0.32330188;0.5188073;0.6653171;0.6676763;0.78242123;0.42579004;0.7564711;0.4338625;0.64481914;0.4398983;0.53818107;0.46486685;0.3479851;0.5494113
0.0;0.7043451;0.0;0.0;0.0;0.0;0.16992497;0.05834831;0.071401656;0.14803149;0.057466783;0.0381467;0.02377282;0.018261265;0.016230436;0.022987058;0.026404746;0.019995498;0.03671225;0.04166566;0.07770419;0.06460901;0.045636006;0.03666762;0.027825221;0.03475261;0.039882988;0.040385973;0.042217985;0.03571145;0.033576787;0.030786807;0.032592602;0.03201001;0.03538211;0.036302727;0.004693688;0.0018365141;0.0315934;0.03804348;0.05430461;0.120893605;0.08362018;0.055266853;0.5507172;0.013487847;0.10959859;0.0037127463;0.9514074;0.071849264;0.0031342446;0.67782676;0.4703863;0.40545425;0.601541;0.63008577;0.3655773;0.44464207;0.47593138;0.5863977;0.55380225;0.4201167;0.3951347;0.47750756;0.5275926
0.15504028;0.79223156;0.02869927;0.03616247;0.2955559;0.8040388;0.42731786;0.17927945;0.31554642;0.06866142;0.06816836;0.054885138;0.034233626;0.03610544;0.05837498;0.0902793;0.08825442;0.059828594;0.08364246;0.08388917;0.13353239;0.17285311;0.14102457;0.13297893;0.07878029;0.12011986;0.123581775;0.0905762;0.15556274;0.14000946;0.14775394;0.13110325;0.14239383;0.14648423;0.11509891;0.122217335;0.08937664;0.020173864;0.03708791;0.042119566;0.049006607;0.08015772;0.20053607;0.050241802;0.52337515;0.011029057;0.14674038;0.00838829;0.8545965;0.068759866;0.04669858;0.7172744;0.48768738;0.40778556;0.4995922;0.6413084;0.5074945;0.50914645;0.50453943;0.5116252;0.6373235;0.5441211;0.5184272;0.43351305;0.5444221
0.2691647;0.92929983;0.0098222;0.002593932;0.1400927;0.8505988;0.33163822;0.11936907;0.22476238;0.08314961;0.12064675;0.09760757;0.029380515;0.036418226;0.046262223;0.04934534;0.07165145;0.05387831;0.055044938;0.05635275;0.053108927;0.063948065;0.06236219;0.097702526;0.06984336;0.09177395;0.07887487;0.10051391;0.1304632;0.06829916;0.06883213;0.077991605;0.14385265;0.09320692;0.06651534;0.033381216;0.009110047;0.012635356;0.057692297;0.06114131;0.06357613;0.13403425;0.11560747;0.07236445;0.3922043;0.009285144;0.088338815;0.0014535437;0.911046;0.09242217;0.052790303;0.7343085;0.32667345;0.39936435;0.5230652;0.4331241;0.4211639;0.8775576;0.5206846;0.63736546;0.24830942;0.5445142;0.49805987;0.20945022;0.571857
0.20861915;0.8340912;0.02969377;0.02115008;0.2631773;0.82538295;0.29251146;0.055076048;0.23247883;0.070866145;0.10348446;0.05125941;0.044341665;0.02684839;0.023393566;0.028798439;0.028843055;0.023221454;0.028678715;0.031034911;0.045997962;0.04480037;0.027057419;0.0255829;0.024827538;0.025653372;0.030139312;0.03300969;0.047412522;0.027646752;0.028712355;0.0575697;0.07029713;0.042952877;0.028492907;0.025497334;0.04126361;0.0038474416;0.01510989;0.020380434;0.029139057;0.04467807;0.11841831;0.029355975;0.42869228;0.010526571;0.14570706;0.0071993554;0.9010427;0.04036745;0.042624313;0.7031537;0.5843294;0.56195766;0.62732977;0.6766894;0.3874628;0.600726;0.44117513;0.6000269;0.44337606;0.3803318;0.5425116;0.32768357;0.58140016
0.45593372;0.85888934;0.14577;0.2496216;0.143222;0.82170063;0.57359976;0.13075581;0.20353375;0.050393704;0.06431746;0.05002703;0.031442128;0.030872209;0.04487514;0.04134187;0.059994467;0.04297165;0.046426035;0.055052888;0.08697055;0.080771856;0.11558205;0.15259977;0.05190445;0.049053583;0.06878486;0.04877871;0.07752978;0.117431484;0.12971112;0.16757761;0.19033583;0.11114944;0.09606908;0.056016922;0.049246673;0.029541193;0.03846153;0.040760875;0.09139071;0.1681998;0.1951068;0.08424138;0.4679657;0.04513227;0.08445447;8.334301E-4;0.88395834;0.09538103;0.075101435;0.6137003;0.3852867;0.5907232;0.36958426;0.681401;0.14653799;0.6383032;0.59703654;0.54965144;0.51368064;0.3685497;0.6799223;0.30559596;0.5077184
0.20242454;0.8022637;0.5017739;0.5134872;0.4183964;0.81338966;0.095607385;0.041631155;0.053127047;0.034173235;0.053346716;0.02148874;0.02845123;0.029934615;0.0065484075;0.011065517;0.014440995;0.018319603;0.01818966;0.02814293;0.030304274;0.025283718;0.026034141;0.029921154;0.019408016;0.026326247;0.027776044;0.023809988;0.028965535;0.02699086;0.029522361;0.029221432;0.02598028;0.036296267;0.06235626;0.0732424;0.005740725;2.6792697E-5;0.019230768;0.020380434;0.023841046;0.022339033;0.060796168;0.021412306;0.21485348;0.0028176703;0.3380844;0.08423809;0.9509918;0.032427687;0.003034438;0.6947614;0.6550097;0.591095;0.5989534;0.6472227;0.5540188;0.6416683;0.48103216;0.29462025;0.22936149;0.3016417;0.3993513;0.3797702;0.5919511
0.2822522;0.7515895;0.0;0.0;0.0;0.5244951;0.027082441;0.036269877;0.0075915223;0.06834646;0.0886343;0.046977255;0.024802713;0.012310848;0.010143793;0.011888954;0.0156056555;0.010027087;0.009547278;0.01549998;0.024579396;0.033895455;0.038697448;0.04876804;0.024067767;0.028025039;0.027312467;0.024116097;0.023422286;0.016644103;0.015625495;0.016417094;0.028716087;0.034417026;0.027822135;0.024196614;3.1982832E-5;4.7640087E-6;0.01648351;0.027173918;0.0476821;0.060446795;0.0076193702;0.035921082;0.5097459;0.010642661;0.1282762;0.005610887;0.95690536;0.048590638;4.0186635E-5;0.70064056;0.54184824;0.52717525;0.5296364;0.6519821;0.5363026;0.56193423;0.5560571;0.51281494;0.48222816;0.4080924;0.4778731;0.43136746;0.49317634
0.45893914;0.80419225;0.1508752;0.09235242;0.2249396;0.7582281;0.17225313;0.11528799;0.062021382;0.111181125;0.057389177;0.028122883;0.016086439;0.020274144;0.034485098;0.038892902;0.03843703;0.026817977;0.055002477;0.050862577;0.06447666;0.07177763;0.093623914;0.11095788;0.07984258;0.1322229;0.12888974;0.07613928;0.077055946;0.09291206;0.07202216;0.064552985;0.061531376;0.08162997;0.087186575;0.12658612;0.0021789814;0.0033133605;0.050824173;0.096467435;0.13642381;0.18265447;0.06871794;0.10665294;0.5242718;0.02433345;0.08617489;0.0019455918;0.95361924;0.11622954;0.0030645595;0.5807386;0.28756893;0.38065675;0.5660229;0.44803834;0.58985007;0.5331526;0.6061998;0.5878248;0.70375395;0.51597273;0.40156403;0.5295603;0.40796953
0.6331441;0.83108205;0.1451576;0.1197273;0.3265142;0.73107713;0.5202207;0.065836154;0.5440213;0.073385835;0.08257841;0.081956305;0.07446711;0.038986567;0.022144265;0.028455965;0.036507826;0.02363979;0.026615396;0.032396838;0.028835917;0.046916842;0.05815605;0.046453718;0.03304681;0.036168206;0.041074604;0.035908256;0.047320407;0.042175815;0.032955628;0.03791046;0.055432502;0.0610115;0.055059914;0.062350743;0.24450302;0.021901807;0.026098896;0.031250004;0.04370859;0.06176086;0.50809044;0.03939488;0.39934254;0.00648386;0.13870949;0.009119864;0.6765475;0.055079095;0.17437774;0.7148028;0.45423916;0.44992682;0.5446742;0.5032166;0.4714632;0.38232267;0.43319002;0.44130766;0.24540366;0.32945746;0.43864578;0.53932863;0.6275262
0.0;0.6498765;0.0;0.0;0.0;0.0;0.10674867;0.049751148;0.030749012;0.21543312;0.055786535;0.024567677;0.01288387;0.013177881;0.012237988;0.013683938;0.013661556;0.0116232;0.013826852;0.0149371885;0.02226443;0.022687173;0.019133858;0.021668108;0.015806314;0.033639073;0.040955536;0.02916578;0.030854441;0.03540658;0.043982644;0.06327439;0.08667068;0.085134715;0.112138815;0.10798708;9.396015E-5;2.96851E-4;0.06730768;0.07201088;0.07947016;0.1668857;0.04081224;0.11028802;0.56756055;0.10455497;0.097988985;0.001389154;0.9561051;0.12689824;7.746902E-4;0.5193706;0.47297168;0.3060465;0.60885644;0.6213308;0.6209648;0.82359457;0.63937557;0.53976125;0.47435835;0.4579582;0.4880437;0.52944493;0.59867465
0.3009963;0.9017231;0.004538068;0.009039267;0.1046315;0.8328179;0.16144806;0.14129157;0.042556077;0.18236229;0.083276354;0.066447385;0.036760453;0.025038676;0.024939744;0.038868044;0.046413943;0.057095528;0.057068482;0.03706375;0.043703407;0.043326076;0.055243406;0.083810575;0.08354174;0.16246596;0.17623596;0.1705621;0.13733022;0.12280368;0.109814815;0.12358336;0.1603979;0.10229818;0.061449915;0.07658486;3.4490795E-4;0.0016669276;0.050824173;0.15081519;0.23443693;0.28383714;0.02631364;0.15907882;0.69339573;0.073730335;0.06045793;1.159532E-4;0.9556232;0.14532174;0.0016975933;0.52759826;0.39629272;0.7284335;0.34572202;0.5631218;0.48001745;0.8181488;0.4968604;0.42960095;0.45925418;0.28950855;0.4678871;0.33730674;0.5612205
0.6402225;0.84686494;0.05809472;0.04690118;0.2006407;0.818318;0.47842237;0.24386853;0.55096424;0.09102363;0.12300382;0.048352674;0.057555385;0.09063982;0.043715168;0.123028144;0.33906305;0.2097141;0.18959469;0.15792671;0.106889665;0.08742638;0.087974705;0.10400409;0.062898315;0.14775975;0.30367586;0.21661188;0.27437806;0.13823454;0.0924905;0.09777347;0.093832396;0.121063314;0.13552064;0.13898419;0.034359198;0.017566215;0.061813176;0.0652174;0.06622513;0.06570305;0.53523064;0.06772083;0.32684594;0.0074616685;0.12289923;0.0047121462;0.754057;0.089285485;0.19982034;0.63595223;0.42397857;0.38373715;0.25430334;0.3288256;0.75548667;0.49812528;0.4355134;0.59769934;0.32657474;0.3684838;0.4897817;0.490734;0.6523826
0.0;0.0;0.0;0.0;0.0;0.0;0.032087035;0.04080829;0.020975357;0.28283462;0.076664284;0.041463498;0.015859261;0.012967832;0.0138751445;0.018881131;0.021852423;0.019500325;0.020418871;0.023917835;0.029726995;0.030522887;0.030347431;0.023183014;0.015738977;0.0226918;0.03348113;0.02346967;0.026135415;0.029851185;0.037623305;0.032214265;0.035204433;0.030304547;0.030096343;0.04138967;3.954367E-5;6.8276054E-6;0.010989013;0.016304346;0.022516549;0.055190563;0.03456595;0.034936573;0.36416328;0.04721391;0.1586525;0.010102731;0.95653737;0.041183114;3.605347E-5;0.587506;0.6708318;0.5604968;0.5969979;0.653953;0.598716;0.55251503;0.5822536;0.74372315;0.6551247;0.5064714;0.42755887;0.3723765;0.5224313
0.19613162;0.88607913;0.005739393;0.004566281;0.03666999;0.89640737;0.257177;0.0756197;0.23003986;0.07307088;0.15791112;0.09467396;0.052863017;0.050851524;0.042175807;0.04844357;0.056841917;0.04358497;0.05460062;0.060324628;0.061699793;0.054576375;0.061201774;0.036613792;0.022753933;0.04114042;0.046188254;0.04561272;0.047742467;0.031755183;0.036105413;0.028058717;0.028880443;0.03235453;0.04585499;0.033213876;0.04344009;0.0014122009;0.028846154;0.03532609;0.045033086;0.048620254;0.090177074;0.03726861;0.45355752;0.0050766733;0.2268261;0.03362561;0.90898937;0.053885806;0.030112175;0.7768323;0.5628816;0.54817384;0.49492127;0.49154988;0.527165;0.41442963;0.59972167;0.54832995;0.4035083;0.56943953;0.43601674;0.50360936;0.43517393
0.24431662;0.8825035;0.07817733;0.08316204;0.2216313;0.8392676;0.14192064;0.14743742;0.10094835;0.07275592;0.13374747;0.12324765;0.05908443;0.04885219;0.09226916;0.12801053;0.16970704;0.074165754;0.07739771;0.07814463;0.1315104;0.118903555;0.1096595;0.13266571;0.09084163;0.107072;0.0892649;0.058730435;0.0648871;0.066156276;0.055201963;0.050073996;0.06263286;0.051220767;0.04861052;0.04373296;0.0055608083;2.816135E-4;0.024725268;0.04483696;0.051655605;0.053876497;0.062563054;0.04141042;0.40399078;0.003153161;0.11802883;0.009185407;0.94783205;0.059249353;0.008071566;0.8161921;0.5295391;0.48314828;0.5497059;0.5545446;0.36967188;0.75143915;0.6693156;0.51147413;0.5561121;0.5165453;0.40364116;0.37262723;0.41579187
0.23293579;0.82632124;0.0;0.0;1.0;0.77871585;0.15426877;0.1290222;0.17231882;0.04692914;0.18802144;0.14509448;0.09637647;0.06458274;0.055777643;0.051509604;0.06419006;0.041445117;0.044705573;0.05542969;0.075215146;0.09686137;0.08948891;0.07310117;0.0585043;0.10216216;0.113546245;0.06910085;0.07840168;0.10002702;0.10101704;0.09083635;0.10697548;0.09036465;0.08671593;0.075249664;0.020326361;3.5726055E-4;0.01510989;0.017663045;0.021192044;0.023653096;0.13652457;0.018800717;0.2944672;0.0024702044;0.21713631;0.024415776;0.9249194;0.028199729;0.015817875;0.7324935;0.6739412;0.671237;0.6372079;0.7045918;0.37094614;0.5617435;0.40459734;0.508566;0.57427645;0.3060129;0.19401455;0.6738117;0.4882884
0.0;0.7217841;0.0;0.0;0.0;0.26334816;0.20206462;0.09162849;0.18773852;0.061102368;0.09300225;0.07237867;0.041596882;0.035408325;0.042184904;0.046765227;0.058311135;0.039039966;0.0471545;0.051025573;0.062396497;0.062325314;0.057375137;0.0671985;0.041154888;0.055110585;0.06415691;0.06021539;0.071325906;0.062185053;0.06144864;0.0582812;0.06371208;0.062739134;0.06353178;0.058649037;0.039511915;6.199199E-4;0.027472526;0.031250004;0.03443707;0.042049948;0.24476048;0.031886037;0.35040066;0.003159348;0.2556033;0.039300706;0.9162609;0.047547936;0.031500872;0.7370139;0.6440227;0.49139005;0.5280449;0.6016923;0.48484617;0.40709338;0.46700445;0.5413337;0.4904052;0.57122517;0.49930865;0.43632278;0.54482675
0.0;0.0;0.0;0.0;0.0;0.0;0.011471437;0.09197581;0.0016962185;0.152126;0.0486865;0.030303676;0.0169743;0.009746949;0.011872177;0.024271287;0.025545346;0.016076798;0.02417328;0.0317142;0.071333215;0.12770888;0.09671661;0.0986339;0.06842725;0.07767831;0.07212571;0.047506943;0.062655315;0.060372874;0.074960284;0.077356964;0.07096283;0.070581734;0.062926196;0.05706212;2.9779466E-7;2.8917677E-6;0.0013736261;0.005434784;0.1337748;0.26675436;0.0021909478;0.094081864;0.55057406;0.15061182;0.08521754;8.5590826E-4;0.9569612;0.090853885;1.2275203E-6;0.47290507;0.5045538;0.5759806;0.70339555;0.74095744;0.65066075;0.5583924;0.6221506;0.66688514;0.62404746;0.4721872;0.4431564;0.5016029;0.549451
0.24634755;0.900268;0.01122809;0.008313243;0.1065496;0.8752055;0.26561293;0.14506638;0.21759197;0.047559064;0.07514765;0.067299366;0.02972314;0.031995878;0.039947953;0.07246155;0.16048805;0.12998119;0.12925614;0.16585207;0.14623238;0.07511775;0.07071972;0.08477142;0.067805886;0.08938982;0.085052185;0.06715536;0.055154588;0.064326294;0.084576674;0.07554208;0.06035324;0.07419513;0.07205081;0.055594336;0.023000387;0.0042864447;0.012362632;0.028532617;0.051655605;0.06176086;0.06046718;0.034830548;0.47489542;0.004536774;0.10470913;0.005209424;0.9130224;0.04935076;0.03764728;0.82525426;0.5368357;0.45169565;0.5347792;0.6244265;0.6209364;0.5931497;0.5307709;0.4691784;0.6280416;0.52413195;0.35083887;0.44585502;0.3926103
0.23124911;0.7189994;0.3413391;0.6070771;0.7267098;0.5176932;0.02699596;0.0985335;0.014659926;0.20535435;0.1547237;0.12326669;0.060225293;0.05661473;0.028232051;0.03158671;0.045131724;0.036887445;0.044400852;0.046115246;0.05170378;0.06016911;0.06456048;0.07671561;0.051654868;0.065235406;0.06434486;0.080839306;0.081830814;0.065786496;0.07698967;0.06500119;0.069947995;0.07177965;0.06851838;0.062451202;5.3476284E-5;4.9977466E-6;0.008241755;0.010869571;0.017218536;0.022339033;0.013629187;0.023829853;0.2914669;0.03237419;0.15390772;0.0070671733;0.9567304;0.029262746;1.2432052E-4;0.5373587;0.7384595;0.7279207;0.7766219;0.67922884;0.5608263;0.55618536;0.57292247;0.4854824;0.35938767;0.40496215;0.3577961;0.3979686;0.57855844
0.5603849;0.8157947;0.129022;0.1022443;0.1605828;0.7662118;0.43545082;0.12245056;0.21144256;0.15055114;0.083602935;0.05079901;0.040133435;0.03343557;0.027119406;0.023900118;0.031095482;0.02326374;0.029633526;0.03804477;0.04924587;0.05096305;0.05389813;0.07628643;0.07401378;0.13089915;0.16529691;0.09679691;0.13536376;0.12396017;0.08413717;0.0902231;0.0942556;0.1136369;0.14291883;0.16922231;0.012730005;0.054335017;0.12499996;0.21875004;0.23973496;0.26412624;0.202488;0.19002335;0.63965005;0.050947655;0.060820196;5.380535E-4;0.9281899;0.16658516;0.02948218;0.458685;0.31519577;0.6090902;0.460672;0.3553137;0.5548744;0.39624837;0.44912755;0.3305815;0.47487476;0.46122944;0.3899049;0.48997694;0.5792944
0.47310317;0.9324577;0.04403806;0.03795882;0.1870635;0.8009764;0.5935171;0.69491583;0.4097696;0.17417327;0.07773306;0.22327562;0.3079617;0.24302775;0.122911155;0.18497083;0.15796335;0.17425264;0.34839624;0.50072837;0.46678063;0.7028861;0.3458948;0.5078847;0.39016578;0.26892963;0.2918669;0.55896825;0.5759709;0.721673;0.6425337;0.50347024;0.6230002;0.33125582;0.54996514;0.76262957;0.124464765;0.08892627;0.021978017;0.024456521;0.10331121;0.17739822;0.30769116;0.0721618;0.44490147;0.04722032;0.09404409;0.0015917007;0.80269253;0.080837816;0.12508422;0.52104354;0.37170312;0.43355495;0.5980229;0.6553018;0.40197888;0.20929237;0.4137368;0.13484228;0.2883652;0.30220068;0.3507732;0.1813851;0.56191015
0.30443084;0.9156734;0.001656932;0.002442884;0.08329896;0.87099975;0.13465574;0.14967975;0.055219743;0.071811035;0.075136356;0.07736772;0.040044017;0.057514034;0.052987292;0.091380104;0.07450536;0.04215727;0.0385233;0.035105992;0.057321236;0.079425335;0.09799769;0.20767635;0.15838318;0.1748594;0.11368639;0.065430336;0.11183244;0.13258773;0.079767905;0.058492437;0.08588738;0.11193698;0.06384779;0.050724503;0.002691804;7.614391E-4;0.03296703;0.04755435;0.051655605;0.17608419;0.017710328;0.06542802;0.41803196;0.022892047;0.08899801;0.0011075689;0.954207;0.07938791;0.003386535;0.5961649;0.46124023;0.6018997;0.46766752;0.3597608;0.2590953;0.63942116;0.6250177;0.46269578;0.39693937;0.64394534;0.24915512;0.5478988;0.48735198
0.34320864;0.9049823;0.05948531;0.1076484;0.2388219;0.8228139;0.2010028;0.49356532;0.17972657;0.05417323;0.29561782;0.5138253;0.29241756;0.16515678;0.16274442;0.54541725;0.90074986;0.5991836;0.65157455;0.33820206;0.23888923;0.16670023;0.1681866;0.16485372;0.082454585;0.13831212;0.11567154;0.09606341;0.14957936;0.34017897;0.28569615;0.21568774;0.25450605;0.22617324;0.21012078;0.122234054;0.019729013;3.946997E-4;0.04945054;0.05163044;0.052980114;0.06176086;0.1253259;0.04849479;0.34066334;0.0041073407;0.17085335;0.014865098;0.9298059;0.06876816;0.028771073;0.71747017;0.68620324;0.31346098;0.3281308;0.60285187;0.5213002;0.6282232;0.6139261;0.43395743;0.4324128;0.45112467;0.17231342;0.4109935;0.36566764
0.0;0.745456;0.0;0.0;0.0;0.27002278;0.28416604;0.07470024;0.22226606;0.062047254;0.09070928;0.055942304;0.022698827;0.017607678;0.023053782;0.055251896;0.045228392;0.028306749;0.038436905;0.05666738;0.09454673;0.07547071;0.0661976;0.06911612;0.028943526;0.024551963;0.030559037;0.031244934;0.08925293;0.05009178;0.04766059;0.043909397;0.038191833;0.02798388;0.02349431;0.022602623;0.04570645;0.007976274;0.043956034;0.046195652;0.046357594;0.08147177;0.1957448;0.053821057;0.34352562;0.00813319;0.14260949;0.008313225;0.9110394;0.07382245;0.047957327;0.6708913;0.48726177;0.32416728;0.42020515;0.7185499;0.3695714;0.47396716;0.5455507;0.5352329;0.5878873;0.6171272;0.47701806;0.2715793;0.42510217
0.5932715;0.9243655;0.003675892;0.002840531;0.07544219;0.82628214;0.25795215;0.05691495;0.119389154;0.14015749;0.053890992;0.04092299;0.032488056;0.027496621;0.027125526;0.016251393;0.016006714;0.010973881;0.020570265;0.024659943;0.05738442;0.07791304;0.046021365;0.04148424;0.031645145;0.0423834;0.053335965;0.04906704;0.047197018;0.028629761;0.02194858;0.02868789;0.04002762;0.029958406;0.027648183;0.043656845;0.0029129798;0.01810042;0.05494505;0.11277171;0.13245025;0.14323264;0.091899484;0.11179879;0.4355575;0.021385524;0.077770755;0.0013632317;0.9449897;0.123744324;0.015621414;0.6083724;0.22786553;0.4231404;0.5709043;0.5843208;0.50814706;0.35885906;0.380734;0.6507351;0.39295846;0.25585368;0.65682334;0.4520743;0.8115018
0.24322209;0.7397225;0.0;0.0;0.3505451;0.7979276;0.10032977;0.09527364;0.09610167;0.04472441;0.19278121;0.14767128;0.06489329;0.060399573;0.05665712;0.07126553;0.08222476;0.06339985;0.09287599;0.072093785;0.06311894;0.044172674;0.033210978;0.038282767;0.028478157;0.0382746;0.036154646;0.037040334;0.07201524;0.06075227;0.03984875;0.032049216;0.05086111;0.05271985;0.07726801;0.115520895;0.0048643257;3.640713E-5;0.010989013;0.017663045;0.027814563;0.036793705;0.0840608;0.022214334;0.3716181;0.002401554;0.24195844;0.035573386;0.94773114;0.0335228;0.006397521;0.82800233;0.7631085;0.42252058;0.6246909;0.46603683;0.6480297;0.5324024;0.5457486;0.44228843;0.40581292;0.5753018;0.44692394;0.49463952;0.50163335
0.19244258;0.83129656;0.02836864;0.02417164;0.1166373;0.8901865;0.071675666;0.05819101;0.09699011;0.02267717;0.19349997;0.16106461;0.15133843;0.09010286;0.036752928;0.056477763;0.045295052;0.036777627;0.03373383;0.02306779;0.03685721;0.034470595;0.021633178;0.02452645;0.024084408;0.03242852;0.032449383;0.025916765;0.02637585;0.01699536;0.014053506;0.010587098;0.012142927;0.0063760616;0.0040858155;0.0020223532;0.0074943765;9.959323E-6;0.01785714;0.020380434;0.021192044;0.022339033;0.045421127;0.017606463;0.25141746;5.064777E-4;0.37052363;0.11983407;0.9472984;0.027446501;0.006518657;0.8117983;0.75535625;0.6034868;0.72787297;0.49472657;0.54346347;0.6361906;0.4335523;0.48756817;0.37982768;0.34408534;0.33495173;0.47118962;0.6294723
0.19001648;0.87107855;0.04010773;0.01646473;0.1345789;0.8754675;0.015035432;0.082479544;0.018412163;0.02267717;0.13899294;0.09771955;0.06253713;0.032653756;0.02580116;0.04648826;0.06355842;0.03724546;0.03891681;0.040799562;0.07421198;0.06911482;0.047931176;0.050757073;0.049509358;0.050702818;0.042791326;0.054959826;0.063893445;0.045555845;0.049647275;0.044041302;0.041809395;0.045089588;0.053334825;0.055401944;1.2416371E-4;2.212368E-7;0.009615384;0.013586958;0.017218536;0.01839685;0.006519475;0.012822473;0.2762264;5.908991E-4;0.47996238;0.18255757;0.9566182;0.020061534;1.3771723E-4;0.77491355;0.78776485;0.68992186;0.75646037;0.62772393;0.52189916;0.44262925;0.559701;0.5266137;0.43283847;0.47014117;0.36511156;0.35940906;0.5403774
0.0;0.6357152;0.0;0.0;0.0;0.0;0.06341891;0.043270957;0.026602456;0.6907087;0.082573354;0.051374245;0.009659679;0.0075148894;0.012918319;0.011129219;0.012463389;0.009929602;0.010303338;0.018895762;0.015613681;0.014840665;0.020259967;0.022451637;0.015025872;0.017641654;0.024621567;0.020896269;0.038947318;0.03856021;0.035403375;0.051768303;0.06727659;0.08231639;0.09379176;0.1134908;5.0447044E-5;8.164482E-5;0.5192307;0.8247283;0.8794698;0.9080161;0.028227681;0.69161946;0.8385735;0.5715852;0.040956028;1.2349867E-4;0.9571727;0.6943889;4.2317982E-4;0.5196044;0.56428957;0.40226603;0.7219745;0.509077;0.68807024;0.6158344;0.5221393;0.53112787;0.5261445;0.46647194;0.4979906;0.3910837;0.4952786
0.44025227;0.9471308;0.07454271;0.06194951;0.1713051;0.77301043;0.6897921;0.31468004;0.56978977;0.14614174;0.0997591;0.048851028;0.034039397;0.017510444;0.019211613;0.065948926;0.11317574;0.13947013;0.28219464;0.2908545;0.34790906;0.35084814;0.34811452;0.27740377;0.18950383;0.18335602;0.15706252;0.14252016;0.17985122;0.15645513;0.14815012;0.22257218;0.24246179;0.17936239;0.20433119;0.1743211;0.0049593975;0.58914775;0.107142836;0.11684786;0.12582777;0.14454666;0.7057229;0.120762095;0.48062497;0.005814489;0.10835932;0.0048362454;0.6969935;0.13791032;0.26889777;0.55935395;0.20931819;0.25732794;0.633507;0.87708384;0.51842296;0.53348064;0.47970438;0.5582429;0.48791164;0.44253534;0.5456635;0.33991745;0.5052112
0.0;0.7084596;0.0;0.0;0.0;0.0;0.0076631843;0.04863079;0.0016891616;0.07496065;0.036524877;0.02473805;0.015565383;0.015427533;0.01684763;0.020700958;0.020443726;0.015915273;0.029048858;0.033322506;0.035058353;0.031043498;0.030305428;0.02353446;0.022222735;0.026766881;0.02841197;0.031524245;0.039863274;0.04281162;0.03522402;0.04226172;0.04921325;0.049651854;0.04915271;0.052782174;7.694266E-6;4.3269657E-7;0.012362632;0.021739133;0.046357594;0.23521693;0.0029253953;0.07216976;0.5353236;0.11653477;0.12527749;0.006426336;0.9569562;0.0754485;4.4918766E-6;0.55751294;0.67083704;0.53455454;0.60032815;0.6273144;0.57006854;0.604422;0.4611734;0.4947767;0.49248677;0.5157488;0.44955778;0.41819546;0.51820934
0.0;0.6576037;0.0;0.0;0.0;0.0;0.18984464;0.079761304;0.08089486;0.40094495;0.031475693;0.02412119;0.014489338;0.016484559;0.016232358;0.016509434;0.033044692;0.022867335;0.031101726;0.03454414;0.05299449;0.04286912;0.040025376;0.037384007;0.027057102;0.039322585;0.043877203;0.038693257;0.04221419;0.05056704;0.07853446;0.11342774;0.13525866;0.14761591;0.12037723;0.16311067;0.0021507333;0.0014768089;0.03846153;0.21739128;0.50993353;0.8449412;0.07214723;0.32002592;0.75562555;0.60640687;0.06331627;8.4691994E-5;0.9544998;0.32785586;0.0045915483;0.5244738;0.5938252;0.26921093;0.61606705;0.6816286;0.38788527;0.46472192;0.51670915;0.5831828;0.4072316;0.42644295;0.48816472;0.43583566;0.51551884
0.16137293;0.7807424;0.0;0.0;0.0;0.5115914;0.047594212;0.09812184;0.02274549;0.07527561;0.064742856;0.07220119;0.04853167;0.03556822;0.060601406;0.06596797;0.081920326;0.048767064;0.052326;0.058842026;0.07179803;0.07347946;0.08182756;0.07402706;0.03266637;0.054734923;0.06736958;0.041305438;0.055255387;0.05295229;0.06654235;0.0840394;0.065799154;0.042510737;0.041934915;0.037932556;5.4449803E-4;9.629584E-6;0.023351647;0.03668479;0.046357594;0.16425757;0.026053704;0.06351568;0.46680194;0.08162679;0.18805625;0.02004286;0.95634973;0.07603043;4.747432E-4;0.6485344;0.6151428;0.5864112;0.5315227;0.47868744;0.2951954;0.53194386;0.5909494;0.5438768;0.51022667;0.2663582;0.49543345;0.38679448;0.41348413
0.51905495;0.7826214;0.1974898;0.08870411;0.4483237;0.512805;0.26156348;0.11557087;0.22270906;0.099842526;0.04129647;0.04786799;0.03977923;0.028259626;0.017995358;0.05523086;0.07020449;0.04656154;0.083915584;0.08703736;0.10015636;0.06705092;0.07752334;0.068077974;0.036701083;0.067263044;0.07103975;0.07651291;0.08774082;0.067339204;0.07807483;0.066942;0.12713532;0.10970219;0.124369994;0.10255768;0.0120274685;0.0063556912;0.05631867;0.057065222;0.06887414;0.08147177;0.18317498;0.06430963;0.40537217;0.0048643406;0.17240085;0.014692143;0.9150457;0.087525435;0.041799273;0.6805597;0.5500036;0.17171091;0.36019254;0.55949765;0.7428495;0.5583835;0.44476172;0.54627264;0.32061654;0.43723482;0.33069927;0.3267519;0.4288233
0.0;0.58904326;0.0;0.0;0.0;0.0;0.19827925;0.06730211;0.12246272;0.656063;0.03361757;0.023659248;0.014401956;0.010218464;0.010485177;0.013160467;0.014843943;0.009383986;0.011650952;0.013431818;0.023619547;0.018719796;0.015574119;0.023310082;0.018450534;0.027278181;0.040141854;0.043572225;0.054861967;0.047361907;0.043410618;0.07753729;0.11140642;0.14949474;0.2308275;0.3280502;3.0736983E-4;1.7966755E-4;0.5714284;0.6263588;0.6476819;0.6741132;0.13253133;0.6107595;0.7501512;0.086198546;0.026587017;7.5584935E-4;0.9594721;0.5732483;0.010136228;0.2869021;0.7723289;0.23767467;0.59217024;0.5715132;0.5497183;0.6388353;0.5115255;0.54963803;0.3941578;0.40996572;0.42958406;0.42005587;0.53647405
0.15121064;0.86123645;0.0712006;0.2030932;0.2821954;0.80958515;0.031207772;0.044757206;0.021395646;0.02771654;0.11143477;0.07726836;0.0362228;0.029858986;0.020157177;0.020575726;0.01933468;0.013679513;0.017899971;0.018552007;0.030452212;0.033983458;0.037247803;0.030996561;0.045593463;0.05361903;0.039481897;0.031753004;0.028580664;0.02235703;0.014495072;0.015476058;0.015981084;0.013290285;0.012429673;0.012488155;2.0952725E-4;4.9298314E-6;0.010989013;0.014945656;0.023841046;0.03153746;0.012033911;0.017493993;0.3842237;0.0021009126;0.22091706;0.036778834;0.9564837;0.02643307;2.2935664E-4;0.7583954;0.66222876;0.6879712;0.7551581;0.54160726;0.41804656;0.49239674;0.55117226;0.51298696;0.43798342;0.5090542;0.48457077;0.5085512;0.5488614
0.19638419;0.8805809;0.006564286;0.008026649;0.04437812;0.9030722;0.10148673;0.09978007;0.08809225;0.038740158;0.074058585;0.051301792;0.029403899;0.03937534;0.06340358;0.07449786;0.059523724;0.0435648;0.039679423;0.061465025;0.067131594;0.06120362;0.054037713;0.081270926;0.053363964;0.072614506;0.087065704;0.063090704;0.08645216;0.06493689;0.05548934;0.05294496;0.05525691;0.045662563;0.04944294;0.052119948;0.005069405;8.683437E-5;0.009615384;0.024456521;0.03178807;0.04073589;0.041625306;0.023225993;0.4065542;0.0028902842;0.16966775;0.01781087;0.9491967;0.034571502;0.0049295826;0.7534288;0.6756342;0.7582162;0.5954996;0.41517103;0.57851744;0.43594012;0.47291124;0.5792028;0.5819639;0.56438637;0.49759945;0.43943417;0.4847475
0.3888201;0.85330266;0.08930013;0.1092986;0.5505703;0.74347395;0.36838648;0.27132598;0.35843444;0.080000006;0.2338997;0.37938842;0.17172983;0.14442009;0.19232509;0.22446607;0.31536713;0.2085008;0.21742636;0.2646428;0.19945869;0.16555236;0.11571378;0.11020057;0.087541535;0.108078316;0.08386739;0.08290035;0.11691027;0.11551157;0.14982848;0.1568268;0.13243873;0.09763919;0.10521367;0.14066377;0.07287535;0.022908645;0.030219771;0.032608703;0.051655605;0.07358741;0.314365;0.042019807;0.42292687;0.003381075;0.12019914;0.008304275;0.8313704;0.059271745;0.10970178;0.7993003;0.5332699;0.36919764;0.4162698;0.6914964;0.45757833;0.6098032;0.496417;0.3960765;0.5092398;0.4866453;0.44535324;0.33280286;0.4200703
0.13012941;0.76417255;0.0;0.0;0.0;0.79740024;0.13885562;0.10437415;0.053843297;0.1829922;0.12497322;0.07839991;0.024331596;0.0180739;0.02308811;0.020813858;0.020734927;0.017828992;0.021573653;0.024877848;0.03533655;0.036863092;0.024810849;0.030111399;0.035446625;0.059964903;0.0629622;0.06640584;0.13461335;0.1533538;0.15267007;0.12704577;0.15120406;0.16043757;0.1536492;0.13105537;2.6152108E-4;5.2500144E-4;0.009615384;0.013586958;0.09271517;0.39947447;0.04933256;0.107782975;0.5094779;0.18581514;0.07717664;4.2103298E-4;0.9544366;0.101199284;0.0015597172;0.43500575;0.68992746;0.64485973;0.57538295;0.66298914;0.6314815;0.694955;0.55932003;0.59688133;0.41021392;0.5306545;0.36948103;0.37226298;0.524834
0.26570523;0.88608724;0.2039864;0.239046;0.3539909;0.7755419;0.36765817;0.06090602;0.20323028;0.09826773;0.07489532;0.040708736;0.025592681;0.01663972;0.021235514;0.024418116;0.026858088;0.021350224;0.026542906;0.0625108;0.05339033;0.02848032;0.026485786;0.029883955;0.01375045;0.024871238;0.06909978;0.04794458;0.041449897;0.070119396;0.06875545;0.043953173;0.029436056;0.04118114;0.04713675;0.03950022;0.021981357;0.030672137;0.03846153;0.048913047;0.083443664;0.107752964;0.15769213;0.07223073;0.52054614;0.026266998;0.10391958;0.0023971314;0.9187235;0.08715539;0.042811144;0.6030313;0.4970071;0.42554966;0.50068307;0.6947686;0.52315724;0.26854345;0.58986336;0.60303885;0.54746133;0.5928843;0.48116;0.35310018;0.32273215
0.34045017;0.8282051;0.003775651;0.004653271;0.2305435;0.5538442;0.24981645;0.16880481;0.087401405;0.25543314;0.051886532;0.050534945;0.0367787;0.021619977;0.0317044;0.06563798;0.13581677;0.060218696;0.06993566;0.09135022;0.088272735;0.07995642;0.088787936;0.1335831;0.096129455;0.11712859;0.16453959;0.09634316;0.14855294;0.14665957;0.10894016;0.11791495;0.14336339;0.13144578;0.17307472;0.20985846;0.0025211577;0.00638344;0.05494505;0.062500015;0.1788079;0.24310131;0.06009182;0.1283042;0.5543032;0.051543307;0.06902997;2.6370547E-4;0.95043427;0.12999432;0.008250313;0.5058713;0.30000848;0.5675775;0.35854608;0.4673562;0.36491272;0.65865946;0.72247225;0.3348188;0.60525435;0.2610114;0.4822626;0.28655007;0.4109893
0.0;0.0;0.0;0.0;0.0;0.0;0.19352965;0.23057854;0.20894343;0.8910237;0.108210504;0.039728798;0.023447627;0.016696727;0.019755956;0.028522762;0.032166496;0.024876662;0.04108694;0.059571106;0.08501009;0.077099636;0.05522771;0.06770782;0.06738733;0.093371026;0.095852435;0.0925684;0.1202364;0.115988955;0.1911308;0.20552526;0.41717002;0.7819607;1.0;1.0;1.4750319E-4;4.8510637E-4;0.69093394;0.7785327;0.81589365;0.90275985;0.21480885;0.7812227;0.8343278;0.11145799;0.034434408;6.819235E-4;0.9776288;0.76992065;0.026974384;0.2971554;0.717847;0.34073845;0.7695756;0.63721377;0.6464011;0.53447324;0.52243245;0.52050304;0.5696496;0.43685198;0.36372632;0.40371144;0.49584648
0.2147828;0.8849469;0.1287807;0.1296365;0.16962;0.83441484;0.17075512;0.34755498;0.19864625;0.071811035;0.7123623;0.7642517;0.5401259;0.42550278;0.279224;0.1997256;0.19930357;0.08422203;0.120685846;0.09745086;0.102674484;0.10687947;0.11561722;0.15328604;0.1604695;0.14717801;0.14518982;0.09151758;0.2223068;0.34175587;0.2718658;0.22879186;0.3280574;0.302787;0.18838884;0.1800935;0.028630793;6.0095557E-4;0.012362632;0.020380434;0.023841046;0.023653096;0.10278354;0.024460372;0.3131887;0.014028301;0.16496359;0.00945626;0.9181887;0.033036407;0.027278276;0.5747113;0.8962737;0.73918205;0.5902516;0.6439004;0.3654954;0.5242701;0.57263154;0.3313841;0.4105163;0.580675;0.3279399;0.46883377;0.6254069
0.21329859;0.82833797;0.01019705;0.02895315;1.772015E-4;0.9049406;0.13783503;0.14884405;0.16669329;0.029921263;0.13048835;0.123623446;0.077795364;0.073859915;0.08149165;0.043672934;0.04177937;0.029196946;0.04095182;0.054029357;0.072638996;0.07470423;0.07856431;0.14050898;0.15860744;0.18295582;0.1406845;0.08618951;0.09204051;0.10735177;0.11193709;0.091098346;0.079606384;0.06854974;0.062071484;0.093779795;0.015284234;2.8440484E-4;0.010989013;0.017663045;0.027814563;0.032851525;0.07359605;0.01921744;0.3409337;0.0017711284;0.19999401;0.033263102;0.93089074;0.029168177;0.01736262;0.7793987;0.68508434;0.6663566;0.7123082;0.53753406;0.42429277;0.56709665;0.5194449;0.40872392;0.60718393;0.5405081;0.44982457;0.45684758;0.57012326
0.0;0.7672501;0.0;0.0;0.0;0.0;0.387493;0.10225552;0.1918867;0.13354331;0.066373795;0.03433006;0.022611493;0.016354289;0.017272938;0.030409474;0.06437298;0.06403021;0.087283105;0.08111118;0.07478462;0.07377583;0.06869069;0.075927556;0.04897858;0.06429436;0.07348765;0.06281252;0.09374709;0.06529223;0.059624955;0.058993515;0.06503103;0.06483819;0.06671286;0.07050841;0.0065709846;0.013656925;0.057692297;0.07608697;0.0887417;0.14454666;0.20813966;0.09469161;0.6162671;0.04499461;0.11797031;0.0036899773;0.92148596;0.1111717;0.024301285;0.58271325;0.40416384;0.3986655;0.518149;0.6029098;0.57464933;0.68601274;0.5855605;0.4279289;0.40379602;0.5069468;0.47167033;0.54012865;0.5438517
0.08964829;0.77126485;0.08758286;0.0;0.08050656;0.80849695;0.051237207;0.06109124;0.03952192;0.028346451;0.09857351;0.090262115;0.057739895;0.035575636;0.025577791;0.035841748;0.05166122;0.03806958;0.04545241;0.039197374;0.048367605;0.03934223;0.043748166;0.043125283;0.033711735;0.030551912;0.025465375;0.019462066;0.025386073;0.028914744;0.029438373;0.03644659;0.04636519;0.029784929;0.02886093;0.038054906;8.8751694E-4;1.3122172E-5;0.010989013;0.016304346;0.021192044;0.03153746;0.03373607;0.017903114;0.3701302;0.0013494829;0.2229268;0.048971053;0.9550367;0.027183091;5.7077187E-4;0.8550646;0.6977213;0.50327533;0.60080016;0.682575;0.5590159;0.71469134;0.45844543;0.4310054;0.42078516;0.44563815;0.41582677;0.3792772;0.5917062
0.32538983;0.8802822;0.008153518;0.003962437;0.1314895;0.85042447;0.3713459;0.080914795;0.217478;0.062047254;0.064168744;0.08483414;0.032881003;0.03158647;0.041284952;0.04644348;0.063088626;0.047119543;0.051315702;0.06096587;0.12357429;0.13037468;0.07691828;0.038792927;0.038843248;0.0413442;0.041617274;0.043595742;0.0472406;0.03574902;0.029572397;0.013544138;0.011708316;0.011214742;0.012055174;0.019614842;0.026911795;0.017017245;0.03983516;0.052989136;0.07284765;0.13403425;0.11027417;0.06743672;0.49769497;0.013018165;0.087623216;0.0014332208;0.91657424;0.084778175;0.045153517;0.6973855;0.3202772;0.4243039;0.4713573;0.47348747;0.51182824;0.23614493;0.5934271;0.525446;0.3562914;0.39844933;0.36762914;0.34169424;0.49559247
0.31203812;0.9216064;0.08783291;0.06233383;0.4226615;0.76146936;0.107890874;0.122801624;0.053051814;0.0727559;0.078085974;0.059624434;0.03359091;0.029425018;0.038714238;0.06873675;0.079828724;0.042712342;0.052035417;0.056745227;0.07239104;0.0861726;0.10854418;0.16016664;0.10323716;0.0947053;0.088427395;0.06645936;0.06636712;0.075073704;0.077568315;0.069309704;0.07415824;0.060510084;0.060817868;0.059256107;0.0028293116;2.97812E-4;0.041208785;0.04483696;0.046357594;0.048620254;0.048325673;0.04888475;0.37230882;0.009067284;0.14379494;0.008283545;0.9541211;0.06693478;0.0028034886;0.70402193;0.47041565;0.56768996;0.5132094;0.38526845;0.40425736;0.5854262;0.66264606;0.3852251;0.57967216;0.41816944;0.55160826;0.3273334;0.39947778
0.38019648;0.9037146;0.1157069;0.07403887;0.07132225;0.8477349;0.5646501;0.70301163;0.58462346;0.068976395;0.11153569;0.40408066;0.34909093;0.1883488;0.34267658;0.43845394;0.75648487;0.5068747;0.6192011;0.29518712;0.31543064;0.38053504;0.38263112;0.4902394;0.53308195;0.6262678;0.57596517;0.38854945;0.36087963;0.32461464;0.2515985;0.22281256;0.28236064;0.21365061;0.27534774;0.47267935;0.09333925;0.01701518;0.05494505;0.057065222;0.059602622;0.069645226;0.32373276;0.057610802;0.35230428;0.005209908;0.15488692;0.012205818;0.6337855;0.0790724;0.3611909;0.73634833;0.38689098;0.38875988;0.4632193;0.28666043;0.5631359;0.55182344;0.58065814;0.3564606;0.41215432;0.23752089;0.36230662;0.25223008;0.46688485
0.0;0.616604;0.0;0.0;0.0;0.0;0.18091524;0.07135658;0.05200179;0.16440952;0.04259874;0.02404753;0.012472398;0.0107210735;0.011724871;0.019730816;0.030272499;0.03156025;0.04841096;0.054380048;0.07014304;0.06355877;0.06737874;0.064707;0.034815133;0.03780057;0.039560918;0.037296932;0.053531177;0.054252964;0.051930215;0.050848022;0.056561474;0.04577437;0.049048457;0.055569787;1.4525528E-4;0.004002569;0.081043944;0.13586955;0.17748334;0.18528259;0.05893906;0.14099479;0.6959319;0.03591011;0.07969732;0.0011919412;0.9547381;0.14488773;0.0017840446;0.52092177;0.33283052;0.44525093;0.6292681;0.7641126;0.5355597;0.6433325;0.7379003;0.48409423;0.43577856;0.5527167;0.4570169;0.37757823;0.55669206
0.39708734;0.8875565;0.006006651;0.005717847;0.07422721;0.8749304;0.1887953;0.1769515;0.10719415;0.08094489;0.06311336;0.08445541;0.046798572;0.028132582;0.09282012;0.123812206;0.07832885;0.040456712;0.07195976;0.09993465;0.11834309;0.16985247;0.17386088;0.18015736;0.09084316;0.15673013;0.15487267;0.10561097;0.04981942;0.10618113;0.15569514;0.14062801;0.13224551;0.045205407;0.04999582;0.0479525;0.0105795665;0.0025338377;0.042582408;0.04483696;0.045033086;0.13140611;0.063560866;0.05789338;0.2998026;0.0107210465;0.094829015;0.0017001954;0.94657224;0.07575531;0.012684204;0.6629476;0.30945352;0.45554608;0.52974063;0.46372983;0.1750758;0.5274202;0.4221988;0.460931;0.6803112;0.22745071;0.5386937;0.40694374;0.24725418
0.0;0.62369907;0.0;0.0;0.0;0.0;0.15325478;0.08866875;0.05278748;0.5291339;0.10529879;0.041964125;0.028426746;0.019775663;0.020524379;0.024631698;0.038118187;0.028374564;0.045206644;0.044269647;0.048848707;0.061959818;0.06455563;0.060206242;0.042549767;0.060103;0.06350235;0.05983411;0.07476454;0.06658839;0.085684784;0.08614419;0.083839916;0.067701355;0.076756224;0.085180774;0.0015025017;6.712839E-4;0.03296703;0.15081519;0.27814558;0.45203695;0.0672279;0.19559674;0.7226872;0.26898357;0.08036521;8.6921063E-4;0.95505095;0.2005548;0.0017464492;0.52308565;0.5676468;0.42447802;0.58060604;0.5560352;0.5149718;0.48826516;0.5727225;0.48456627;0.48310104;0.40902132;0.5207501;0.40285587;0.43416482
0.55793077;0.8102486;0.1256144;0.08568538;0.41554;0.77153593;0.1414261;0.030881984;0.05681245;0.080000006;0.05018256;0.047813684;0.014553926;0.010495381;0.012064206;0.012549222;0.015188179;0.009042398;0.011325244;0.016211841;0.01940704;0.019047914;0.022692913;0.020553896;0.013319501;0.018688576;0.022696292;0.01849224;0.02332859;0.02839653;0.030929849;0.031856615;0.033491597;0.024410417;0.023562394;0.020199899;0.0019016173;9.793215E-4;0.04945054;0.054347835;0.07284765;0.09724055;0.045204185;0.071729995;0.48817155;0.038505364;0.12749027;0.0052948473;0.9537933;0.09117216;0.0023834656;0.6377727;0.43376008;0.3167226;0.52444834;0.52488035;0.50043327;0.47285601;0.36373425;0.67200035;0.4657808;0.32336727;0.32455721;0.33683106;0.4673289
0.14196591;0.7766019;1.0;0.0;0.3436859;0.7751827;0.054160163;0.06440407;0.042468756;0.040629927;0.06242664;0.05923234;0.034761265;0.02654561;0.023609119;0.023957495;0.030856166;0.028402118;0.030173877;0.033300385;0.05107191;0.04327875;0.035315953;0.037043605;0.02888574;0.058686923;0.071465164;0.05076218;0.053379994;0.046948534;0.035600547;0.031041823;0.043521527;0.04478092;0.040893227;0.035350855;9.2087424E-4;1.6622796E-5;0.012362632;0.019021744;0.023841046;0.032851525;0.040119458;0.01896751;0.3577013;0.002003964;0.2529101;0.043801054;0.95505613;0.028670305;0.0010368949;0.785258;0.7039589;0.62064594;0.5441944;0.6673346;0.5713538;0.35169503;0.5605457;0.50467545;0.5335843;0.5895038;0.30752337;0.47554222;0.5279772
0.1652844;0.8859032;0.3130183;0.0;0.5420795;0.8714609;0.17447601;0.141531;0.17553994;0.052283477;0.1492951;0.1544766;0.103381805;0.11223526;0.13398536;0.1390711;0.13967548;0.08870032;0.11151288;0.12830712;0.109472625;0.06501628;0.049784493;0.051854793;0.040940702;0.088140965;0.082017295;0.08755191;0.08941526;0.056119896;0.047715038;0.031251147;0.031038264;0.043641333;0.040532663;0.046330243;0.026922023;2.9095286E-4;0.021978017;0.032608703;0.035761576;0.04073589;0.06651283;0.030627823;0.41248232;0.0026602016;0.2369837;0.032740828;0.9258022;0.04595013;0.015504499;0.7784146;0.74668825;0.48926097;0.45175973;0.4888888;0.6643133;0.28608876;0.58175254;0.41400695;0.50587386;0.60512;0.41767463;0.47153053;0.44642794
0.3486392;0.7707909;0.0451687;0.02488222;0.3765236;0.51390713;0.08062395;0.05350163;0.06947489;0.04535434;0.09071499;0.043314748;0.024265563;0.036867056;0.043607883;0.035215396;0.028263425;0.03783265;0.049735874;0.036449388;0.029693512;0.020596782;0.019084807;0.01946837;0.0167349;0.03123417;0.032414462;0.028206462;0.032989632;0.026088534;0.025174046;0.032696735;0.0436244;0.045700587;0.055785343;0.051621396;0.0046051107;7.102166E-5;0.027472526;0.032608703;0.035761576;0.036793705;0.06146984;0.03170141;0.33161125;0.0010907677;0.115066856;0.0145494165;0.9519324;0.047614302;0.0041737193;0.90578276;0.65697736;0.42578426;0.43574262;0.5693335;0.60909176;0.5004563;0.3319762;0.33954188;0.4104174;0.55154884;0.5614746;0.53464025;0.49292034
0.3017794;0.78261817;0.00396319;0.01462013;0.4433529;0.54178506;0.23030388;0.085239574;0.2058193;0.05732284;0.079641216;0.08413759;0.049062327;0.035668362;0.03893119;0.028355198;0.040616248;0.03695263;0.03761859;0.029251356;0.040945772;0.037829854;0.05005802;0.0605001;0.05074452;0.05390417;0.056320667;0.065398805;0.08331634;0.071080014;0.06753902;0.056152318;0.05924541;0.074327536;0.0621609;0.07123714;0.0135335345;5.859639E-4;0.01510989;0.032608703;0.05430461;0.056504615;0.15934499;0.035418432;0.39186996;0.005704395;0.11191461;0.0043507386;0.9125423;0.04936982;0.032831434;0.7420564;0.5934338;0.5756396;0.35962048;0.5734392;0.63300914;0.533552;0.5930772;0.37419295;0.30056414;0.36751556;0.39051726;0.4584184;0.46248567
0.36915582;0.90579516;0.005092209;0.004688127;0.04577155;0.86141074;0.24127407;0.10901967;0.120055094;0.093228355;0.07725934;0.04757671;0.026183616;0.018904539;0.017528947;0.029080028;0.077119485;0.05819876;0.1266502;0.070859134;0.07962672;0.07265611;0.084235445;0.07752326;0.0440267;0.071158536;0.09608216;0.077620864;0.102794856;0.07391572;0.066452764;0.04156147;0.05512217;0.052297436;0.057592243;0.06255139;5.987781E-4;0.0033090948;0.061813176;0.074728265;0.076821156;0.11432333;0.061357908;0.08298617;0.38695377;0.011579988;0.101695776;0.0023439352;0.9440606;0.10321511;0.015784323;0.6139537;0.25667796;0.38148254;0.41650963;0.527961;0.6902079;0.4580403;0.7095595;0.41898972;0.38142362;0.18478885;0.40369293;0.4307132;0.31880233
0.22768825;0.9010343;0.1257325;0.0;0.6947944;0.80138516;0.3415755;0.15277475;0.32597616;0.06425198;0.14553969;0.104716465;0.06288927;0.051753998;0.06463573;0.10950415;0.10395148;0.0655539;0.08835043;0.073366165;0.09707195;0.12117138;0.12370002;0.101546176;0.069527835;0.10191911;0.1026071;0.09376945;0.126467;0.10628266;0.091884874;0.07991574;0.07817729;0.08193115;0.095422685;0.07357546;0.098071806;0.0041092033;0.03434065;0.04755435;0.0476821;0.049934316;0.15740636;0.042479243;0.38102412;0.0041906354;0.15342279;0.013189349;0.8549174;0.06073127;0.09873712;0.76080114;0.5294393;0.55472916;0.546574;0.48500365;0.48567876;0.4552869;0.73283494;0.6450322;0.44583514;0.48869282;0.3712491;0.54063463;0.43897185
0.53626084;0.88291764;0.02776433;0.04972069;0.3648442;0.756721;0.21183705;0.05859884;0.07501608;0.1486614;0.078635916;0.050165117;0.0067693917;0.00457746;0.0128618665;0.009327674;0.013655665;0.013094453;0.013231567;0.0293838;0.035197668;0.034065217;0.028154101;0.026999934;0.024433259;0.02891356;0.03388199;0.0372423;0.06694366;0.06209051;0.07118653;0.07740232;0.06454764;0.06780251;0.1011239;0.09146431;5.0598016E-4;0.0035189977;0.04532966;0.082880445;0.27682102;0.5124838;0.086850375;0.19148384;0.7714278;0.23357232;0.070779905;2.544964E-4;0.95328486;0.19075902;0.003476125;0.44417372;0.5157246;0.3652542;0.64446765;0.57854754;0.6122867;0.66382146;0.60722214;0.5749246;0.4386845;0.46518517;0.4278697;0.38981745;0.4768672
0.18235745;0.8797856;0.02515996;0.0647952;0.03787329;0.89211756;0.120132506;0.12743925;0.0803091;0.04818898;0.075238325;0.06692757;0.04848607;0.05400453;0.07867811;0.08835946;0.11449663;0.10090841;0.119002774;0.06472119;0.04577139;0.039682105;0.04006295;0.035323985;0.028271196;0.09922339;0.098371856;0.12508614;0.09991152;0.10448218;0.10425127;0.05299664;0.05950318;0.052996855;0.051188964;0.064199634;0.005549061;1.1231769E-4;0.028846154;0.03668479;0.039735083;0.056504615;0.024489433;0.03805431;0.4276481;0.003544473;0.13871916;0.0068744146;0.95085007;0.055074815;0.0035714654;0.79360217;0.5872137;0.6593709;0.19925433;0.40629336;0.67527676;0.44709682;0.5451782;0.32654363;0.45403653;0.39436215;0.46203157;0.6146112;0.46709427
0.20660253;0.70868784;0.0;0.0;0.0;0.50918025;0.08384694;0.11935093;0.016189352;0.29795283;0.0147661725;0.0123023875;0.0055306833;0.004550002;0.006072259;0.0076632146;0.013699622;0.011206282;0.019449007;0.02904287;0.037576884;0.030014997;0.04121272;0.04874675;0.04561132;0.112256244;0.13579264;0.13488574;0.21100245;0.18135677;0.14365077;0.12140496;0.123383015;0.14461437;0.15068655;0.11499344;1.2360124E-5;1.7601346E-4;0.25137356;0.41168478;0.5430462;0.6438899;0.01955314;0.41051465;0.9285667;0.21665196;0.05274274;1.04860104E-4;0.95691276;0.36943108;1.719584E-4;0.28518763;0.5675406;0.53431904;0.61888075;0.6547912;0.5561585;0.43527627;0.55579054;0.59742206;0.43028682;0.5042429;0.45024636;0.5255022;0.5280467
0.280006;0.7664044;0.0;0.0;0.1331168;0.7983951;0.27098027;0.060252212;0.1755184;0.052598435;0.07333596;0.1045699;0.044701934;0.037631232;0.03406057;0.020407902;0.023294952;0.021609498;0.0404821;0.051157024;0.06429695;0.08597162;0.063000575;0.03532675;0.025234483;0.032503117;0.024037063;0.023835044;0.046808694;0.026868101;0.025529848;0.01666094;0.025148781;0.030453397;0.029601114;0.026378617;0.012558218;0.0073662596;0.013736261;0.017663045;0.0476821;0.091984294;0.1827808;0.037977267;0.47163373;0.011385495;0.11579327;0.0052140476;0.9245719;0.049711164;0.021145131;0.7619657;0.4338762;0.46148148;0.6648373;0.6236473;0.5896763;0.40622532;0.53221303;0.47183043;0.36852843;0.4577243;0.34881556;0.39208654;0.4933801
0.27994838;0.7874517;0.01137057;0.007302633;0.04710057;0.8258734;0.15404493;0.15606412;0.04944444;0.10803152;0.097228445;0.06805171;0.030753743;0.03147951;0.0258681;0.054058895;0.07858197;0.058320858;0.07762778;0.09791821;0.12901343;0.1942557;0.24185558;0.18256734;0.076251656;0.09832279;0.08852271;0.062467955;0.099844;0.105191745;0.09279599;0.085720725;0.088398606;0.049537923;0.056044064;0.09484145;0.001317884;0.001959269;0.046703283;0.06657609;0.11655627;0.14323264;0.05219545;0.08957316;0.5606138;0.027704459;0.0859522;0.0011424965;0.9547202;0.10157916;0.0023274843;0.60295385;0.35892266;0.5023882;0.45656344;0.5832475;0.3297461;0.5825207;0.68600357;0.42017546;0.5772773;0.32040638;0.48791397;0.45276192;0.46773365
0.18452574;0.74564654;0.06878448;0.06574365;0.3165516;0.55587435;0.17529024;0.065679535;0.13455808;0.5615749;0.069676585;0.041791044;0.02617809;0.023607416;0.025320683;0.021558609;0.017431086;0.012156498;0.015011833;0.016386462;0.027067505;0.025627404;0.028876202;0.040135756;0.016548578;0.016321976;0.025080862;0.018228037;0.033658355;0.031907186;0.03876967;0.0672464;0.09385265;0.14748043;0.28570208;0.23737638;0.008220271;1.7249893E-4;0.01510989;0.24184787;0.48079452;0.73324597;0.11128195;0.26392886;0.6946742;0.51888204;0.06659172;1.8240871E-4;0.9465783;0.26894596;0.008461586;0.583972;0.8195197;0.42318064;0.7109544;0.3882381;0.5962523;0.5943388;0.64287394;0.49786726;0.47817293;0.50160706;0.4151541;0.41210908;0.5126724
0.49243197;0.8892816;0.01144775;0.0212242;0.0773958;0.8527822;0.52346313;0.10421381;0.5388558;0.08094489;0.06086057;0.047050342;0.02566237;0.016789604;0.01780748;0.07874848;0.07296869;0.0258794;0.041681636;0.045446027;0.080699;0.056101274;0.04624098;0.040839426;0.043500356;0.1132809;0.14382571;0.09148392;0.07682175;0.063526176;0.0443817;0.06974433;0.13508962;0.09388492;0.0724551;0.051922817;0.16676751;0.04196608;0.053571418;0.054347835;0.055629116;0.07490147;0.31842247;0.06758791;0.25192866;0.012787645;0.100863144;0.0018025647;0.70677006;0.08658423;0.27410418;0.5836781;0.3445343;0.40803695;0.26663312;0.40406528;0.529503;0.6780215;0.19644825;0.7253858;0.57528466;0.3010451;0.27935258;0.24000952;0.48600733
0.3734042;0.9528112;0.007023229;0.00339805;0.03990391;0.8870167;0.53236556;0.17907555;0.43417463;0.08283465;0.06591426;0.08391127;0.05587368;0.032318644;0.047545668;0.05782953;0.15958744;0.11008776;0.13011765;0.13463837;0.1567148;0.183776;0.20951094;0.21502753;0.10771748;0.17760457;0.13023084;0.07655879;0.07717259;0.065139614;0.07249225;0.0443608;0.035333272;0.04286549;0.03729108;0.034415238;0.008821864;0.06206304;0.061813176;0.06114131;0.074172154;0.15637328;0.114179105;0.07946025;0.36992976;0.008721169;0.076897256;6.3155877E-4;0.79859596;0.09959544;0.20904757;0.71824133;0.21052474;0.3662362;0.53466374;0.50118953;0.5127457;0.6044124;0.71762633;0.4225845;0.35969928;0.2695783;0.29412895;0.47252598;0.26351282
0.18575722;0.7601933;0.07279912;0.0657334;0.09266349;0.8243249;0.15687987;0.056744363;0.12565438;0.057952758;0.07874222;0.049737494;0.024680234;0.023318803;0.035116065;0.03164962;0.032741193;0.016604343;0.022458855;0.02611641;0.045059662;0.028790353;0.022385025;0.026163483;0.013784794;0.0222479;0.04683259;0.02586334;0.041148916;0.051324453;0.049978368;0.049819857;0.06545375;0.069651775;0.06367438;0.05940577;0.011883938;4.8937E-4;0.027472526;0.03396739;0.045033086;0.052562438;0.11368969;0.0377759;0.45829168;0.0050786505;0.18826734;0.023199305;0.94350934;0.05480316;0.008697527;0.776852;0.66415644;0.38735467;0.46375;0.5959643;0.5977991;0.39113483;0.4090273;0.66670144;0.54761374;0.47934926;0.38943613;0.46345413;0.5687947
0.28127316;0.92272013;0.07754519;0.04446757;0.08408517;0.8759728;0.20751822;0.0895975;0.21214186;0.056692917;0.09546442;0.05879363;0.031293694;0.028602324;0.028955087;0.037202828;0.051515844;0.038720228;0.030666709;0.028429514;0.044636488;0.051472604;0.045558605;0.05414897;0.049962528;0.06781014;0.08950908;0.06992696;0.089778446;0.08545386;0.07020999;0.0640929;0.06744611;0.065192126;0.05786046;0.058452174;0.024799934;2.0559742E-4;0.028846154;0.04483696;0.055629116;0.05781868;0.13048331;0.040458146;0.41504836;0.0023630967;0.14077358;0.019896785;0.9166374;0.05868235;0.042162187;0.8508657;0.5943871;0.5764943;0.40302354;0.42580667;0.5317665;0.5144249;0.6867982;0.65606374;0.45471594;0.30209732;0.37998933;0.4167857;0.55571306
0.5711634;0.93791723;0.01967471;0.0251294;0.3671867;0.800901;0.23867346;0.13843404;0.1621225;0.091653556;0.06794328;0.048712898;0.07727487;0.06475684;0.02956835;0.04223049;0.06418028;0.035068408;0.09035285;0.098392926;0.08074827;0.05223083;0.061973643;0.053259578;0.0539903;0.13499123;0.1077739;0.0648034;0.12980469;0.083751686;0.1148962;0.18610187;0.17239176;0.08301193;0.09424151;0.11387791;0.01363035;0.006794286;0.030219771;0.048913047;0.058278114;0.08672804;0.10749488;0.05327427;0.3991636;0.0076118843;0.13512103;0.0068329745;0.9328461;0.07276305;0.022079244;0.6443868;0.48735434;0.2897742;0.29470694;0.495926;0.46996787;0.5358639;0.31085414;0.296671;0.48731428;0.3602999;0.46436855;0.43587843;0.63216805
0.3166129;0.78524023;0.005294343;0.004640778;0.08611035;0.8217431;0.10640331;0.076103576;0.032439437;0.12314967;0.08459988;0.069398694;0.0363371;0.040205095;0.034462914;0.028148;0.028758701;0.021802679;0.028371407;0.02741139;0.03704836;0.0332966;0.028698867;0.045259368;0.046262763;0.05710664;0.069168665;0.05108496;0.082049415;0.07102726;0.0628009;0.09161535;0.059136774;0.041575987;0.039352957;0.0505204;7.0732925E-4;4.6238265E-4;0.030219771;0.03396739;0.09139071;0.17871232;0.023742905;0.08155666;0.50001585;0.04704641;0.0826907;9.3836425E-4;0.95599043;0.08564286;0.0010023732;0.6110614;0.42212203;0.7285431;0.43989772;0.58405536;0.41395405;0.5617587;0.5605264;0.16746202;0.54401296;0.3243764;0.54342854;0.49834135;0.6492821
0.0;0.59689116;0.0;0.0;0.0;0.0;0.06139913;0.159356;0.0100953765;0.37417328;0.08314603;0.06992941;0.039422154;0.029065251;0.040854108;0.072080724;0.119393505;0.062044248;0.086288586;0.118460394;0.15937327;0.16066542;0.097909436;0.10820771;0.08438422;0.09346887;0.10813682;0.10796383;0.13106592;0.086953804;0.09457674;0.12052333;0.11378339;0.07137665;0.07560903;0.07782138;1.8501656E-5;6.864359E-5;0.0315934;0.10461962;0.29139063;0.46911976;0.008901039;0.19571956;0.8251243;0.23030873;0.07105154;2.9406472E-4;0.95689577;0.18479466;6.179293E-5;0.44193158;0.52163297;0.547113;0.6051791;0.6666859;0.52007914;0.6110563;0.6010914;0.645304;0.52008396;0.40026507;0.3894432;0.20323783;0.58447427
0.22526248;0.84044623;0.0;0.0;0.2265237;0.7662767;0.08769435;0.10716235;0.025839442;0.16944884;0.034541905;0.048347317;0.040032677;0.022998305;0.018249556;0.019614164;0.025669124;0.020953713;0.02283955;0.022867186;0.030077418;0.037688054;0.065180905;0.071828194;0.118226126;0.17910425;0.11275318;0.09554788;0.08648739;0.07941391;0.06897395;0.066001765;0.0871129;0.09522673;0.09478354;0.11991805;8.3477185E-5;3.6935738E-4;0.09752749;0.17527176;0.45695344;0.6084102;0.022635961;0.27877197;0.77257;0.27783874;0.06475249;1.6503548E-4;0.95675725;0.26228306;2.7641444E-4;0.359537;0.63414097;0.69651;0.7595392;0.34183228;0.44343212;0.5716001;0.6154753;0.46335024;0.4415082;0.4437;0.38105923;0.4161971;0.53238213
0.23513769;0.87562126;0.02582427;0.03404271;0.1387486;0.8428244;0.3911016;0.1355942;0.38664356;0.058897644;0.24909528;0.16026545;0.11716097;0.09936669;0.07399228;0.028843222;0.019253887;0.014966861;0.02670531;0.024708064;0.032226935;0.040875945;0.07833556;0.14277267;0.08349913;0.14753516;0.13270201;0.11558843;0.13985565;0.08289225;0.10598743;0.08072503;0.101932585;0.09422459;0.10736097;0.108880416;0.13686363;0.011689366;0.021978017;0.027173918;0.033112563;0.035479642;0.16577287;0.035965767;0.37697688;0.012530532;0.13965036;0.006887076;0.8163189;0.048268866;0.10264296;0.6530169;0.53992385;0.7162981;0.62667716;0.44079173;0.4434908;0.39026996;0.47942814;0.41429812;0.39200068;0.5302069;0.52395374;0.465868;0.49280548
0.53171545;0.8136689;0.03196838;0.04040356;0.2432102;0.7697492;0.12683934;0.051058434;0.04208433;0.13070863;0.06627537;0.02993742;0.018357655;0.011375131;0.013297086;0.015769519;0.03298171;0.028426165;0.036901724;0.02629386;0.035034604;0.027944945;0.02991798;0.041781023;0.029412957;0.046750687;0.05966701;0.034967586;0.033715073;0.029023528;0.02688474;0.038811713;0.047886282;0.02646912;0.022560993;0.021985868;2.8027254E-4;8.970562E-4;0.05906593;0.07201088;0.10860924;0.17214195;0.043414876;0.0905629;0.5443852;0.018506225;0.07787277;0.0010453362;0.9552164;0.10488573;0.0017100043;0.66518724;0.3028577;0.43702498;0.59406555;0.51685333;0.5262676;0.7474756;0.5250316;0.51648545;0.43455845;0.43853152;0.5434093;0.38351503;0.6669004
0.11702429;0.78133786;0.2521826;0.1090461;0.1486154;0.8628217;0.25102386;0.0757613;0.27787912;0.052598435;0.07578676;0.078298;0.04967938;0.04499028;0.06709438;0.07210043;0.043113187;0.022814624;0.024068506;0.026542122;0.041186765;0.039898913;0.042027783;0.040393118;0.040015657;0.08084928;0.07754809;0.04420283;0.034796424;0.045692913;0.038530465;0.048452683;0.04652169;0.0366044;0.034793552;0.049587782;0.074520245;0.0030106043;0.027472526;0.03396739;0.039735083;0.039421823;0.2096051;0.03416403;0.38847476;0.0044092224;0.12945682;0.005781306;0.8776552;0.049143825;0.024927882;0.7747069;0.5811511;0.75973254;0.59878004;0.28026143;0.4767485;0.5218046;0.37055665;0.5645058;0.65309733;0.45975262;0.46838608;0.52623034;0.5027853
0.09020077;0.74011874;0.0;0.4183632;0.2086072;0.5226594;0.12319345;0.24305214;0.0929157;0.034330714;0.4345245;0.35276365;0.17950995;0.13436493;0.14992417;0.14819591;0.09397823;0.07122628;0.096986786;0.10199682;0.11470197;0.14350337;0.24818963;0.20955701;0.12290515;0.19511789;0.09631159;0.08457473;0.23461702;0.1735126;0.08530696;0.073228285;0.15500459;0.22612835;0.18744032;0.19671139;0.0038197003;4.3766355E-4;0.009615384;0.016304346;0.026490057;0.032851525;0.1036949;0.024845246;0.40098238;0.009738529;0.1517191;0.008042144;0.94849193;0.034145143;0.0036449956;0.68473357;0.62676203;0.5744673;0.78097934;0.6159478;0.4654512;0.48626265;0.47493136;0.54229355;0.3382508;0.69422156;0.3711188;0.54163104;0.63258797
0.0;0.69785583;0.0;0.0;0.0;0.0;0.4757606;0.18112226;0.25760835;0.15055114;0.047442738;0.03556185;0.018053103;0.019507296;0.024246443;0.036055405;0.08579688;0.08650694;0.13166824;0.122983314;0.10971823;0.13107067;0.1707597;0.20066226;0.12991633;0.14656875;0.15202115;0.11773629;0.11110473;0.12592965;0.12317045;0.12401711;0.11098613;0.08326028;0.07739211;0.07486897;0.0015601175;0.06575426;0.07417581;0.09103263;0.16291383;0.18002634;0.21926887;0.117351554;0.62152225;0.025628094;0.10191033;0.002894129;0.9041557;0.1309275;0.050020356;0.5450807;0.22753325;0.36230657;0.52270895;0.66213256;0.50365204;0.7966064;0.6031631;0.36618474;0.32938075;0.38920134;0.46131173;0.39334038;0.42130038
0.151886;0.8680292;0.008914899;0.0;0.04820619;0.8634549;0.08436234;0.10462308;0.07659949;0.029606294;0.13335758;0.08525223;0.05859861;0.04584095;0.044694886;0.07691571;0.08839819;0.06777269;0.09278144;0.06936984;0.062949345;0.054002997;0.058919847;0.06564094;0.049111936;0.06700549;0.058924437;0.04966977;0.05661172;0.047194496;0.049923446;0.07612738;0.08058269;0.05485313;0.049408704;0.05030644;0.0032796566;1.5142175E-5;0.009615384;0.021739133;0.037086073;0.049934316;0.027799767;0.025222985;0.45291704;0.0021271915;0.100895956;0.009296423;0.9517255;0.037452858;0.002846039;0.93600345;0.74945205;0.4015342;0.470511;0.58787894;0.5620041;0.7781815;0.5195504;0.49061665;0.41875762;0.46919358;0.5104698;0.46538994;0.5930055
0.19877298;0.894833;0.08495154;0.04082713;0.6247259;0.8092813;0.4098027;0.09242205;0.53050923;0.057637803;0.087711535;0.05318634;0.030590555;0.031417016;0.03918164;0.041616958;0.03027685;0.022262862;0.04732793;0.07515498;0.09275474;0.08900172;0.10205331;0.06953521;0.033751506;0.049992062;0.06550935;0.07887824;0.07702286;0.057880107;0.039103147;0.041217078;0.051213976;0.047319546;0.05658938;0.076723926;0.26744255;0.0455553;0.03983516;0.043478265;0.04370859;0.076215535;0.30858654;0.04683958;0.33533505;0.0018817198;0.09103115;0.0048751235;0.6831944;0.06716559;0.2274183;0.9374273;0.46912774;0.30317262;0.472227;0.5778313;0.608749;0.38267183;0.44814137;0.58089554;0.59611654;0.6048185;0.6513591;0.34192184;0.4749313
0.13220501;0.82121706;0.01325087;0.04878734;0.1851155;0.8231383;0.10069603;0.10525197;0.043368153;0.060157496;0.06782562;0.05552638;0.028034149;0.022297692;0.032378584;0.053169746;0.07394567;0.046277344;0.04634619;0.055625863;0.061165377;0.061670307;0.07242131;0.119291835;0.08132182;0.08879785;0.07867572;0.068719655;0.08630573;0.088623285;0.052896407;0.04583778;0.058671046;0.051762003;0.050993033;0.045585237;8.275593E-4;3.5859924E-4;0.01648351;0.04755435;0.055629116;0.09724055;0.031388994;0.048915043;0.533409;0.011529169;0.083935894;0.0014812773;0.9550307;0.06295419;7.7472965E-4;0.80863136;0.38308325;0.61681473;0.63123214;0.44364548;0.5188446;0.7110522;0.837953;0.6018285;0.48955458;0.5584163;0.38078728;0.42031607;0.4955447
0.13957426;0.7427892;0.1826057;0.1802617;0.1144372;0.5441065;0.032608964;0.060567785;0.018216629;0.097007886;0.10245061;0.08418655;0.042590108;0.028124003;0.023026923;0.021409893;0.030017998;0.028118685;0.032937534;0.0301735;0.039437365;0.024972767;0.019119434;0.042274892;0.05382133;0.051929902;0.02589127;0.02932775;0.034679893;0.033290066;0.035451367;0.029845053;0.05765817;0.07628199;0.06579365;0.055503674;1.3644759E-4;8.951185E-6;0.010989013;0.013586958;0.017218536;0.023653096;0.017803226;0.018276172;0.3008903;0.007250049;0.19099268;0.016390992;0.95653075;0.025772737;1.9787108E-4;0.6893662;0.6163078;0.67640966;0.6654041;0.5940244;0.54441506;0.53706837;0.63730466;0.395734;0.4246719;0.52420723;0.32287237;0.37446943;0.56332445
0.15880099;0.8565159;0.02244035;0.04122117;0.1037142;0.8615701;0.13266313;0.080640264;0.11436487;0.05322836;0.09257645;0.07457994;0.042122938;0.034206897;0.030947115;0.027658757;0.030137917;0.024471266;0.02615949;0.020867554;0.034373097;0.041575704;0.05623789;0.09240343;0.07028115;0.10182082;0.08239067;0.060469396;0.051457074;0.029919898;0.029017797;0.046958815;0.07148792;0.058217697;0.04956125;0.061665423;0.006226745;3.995317E-4;0.012362632;0.019021744;0.023841046;0.02890934;0.02944346;0.023587612;0.3870536;0.009876543;0.16579917;0.00994185;0.9457358;0.032770947;0.0041511604;0.6372834;0.6999315;0.7480436;0.76827574;0.3667637;0.44407815;0.6292612;0.4576218;0.55228704;0.41377124;0.44891903;0.42809972;0.37424538;0.6967391
0.1568131;0.8410165;0.09248335;0.08560466;0.5850978;0.8136157;0.22320826;0.34363416;0.104016654;0.091653556;0.26554987;0.19286774;0.12314359;0.11090956;0.1215323;0.15718567;0.2398863;0.2217682;0.1941327;0.15554512;0.3126295;0.4396576;0.40292427;0.23539141;0.17556228;0.22687012;0.24416012;0.13494013;0.14007446;0.12222401;0.17061716;0.18428305;0.18220972;0.19456251;0.13558353;0.16298269;0.0041037407;0.0031787786;0.027472526;0.052989136;0.06887414;0.12483575;0.07446304;0.06622173;0.6409626;0.032533184;0.11310749;0.0032921664;0.9476872;0.08130771;0.0033309632;0.6436635;0.51195824;0.3868698;0.62147754;0.6487622;0.49802563;0.5915221;0.5575861;0.7108266;0.51391286;0.3017694;0.45191547;0.48426458;0.6131906
0.0;0.72689015;0.0;0.0;0.0;0.0;0.5956705;0.11013542;0.63983184;0.095433086;0.05886136;0.053977698;0.039704654;0.030932203;0.033221535;0.056360755;0.10519467;0.09789466;0.118517675;0.10734335;0.13091774;0.072305;0.0436883;0.047495976;0.049487032;0.09440757;0.061941754;0.056390718;0.057921525;0.03651586;0.045488942;0.049995173;0.05058423;0.04456544;0.038238604;0.038293008;0.0124672605;0.23500548;0.076923065;0.08152174;0.0887417;0.095926434;0.6009302;0.0837373;0.44852644;0.0020326283;0.100709565;0.0049231052;0.6102534;0.10756881;0.22425954;0.74807596;0.23866682;0.30377287;0.40459388;0.6477658;0.74507827;0.70966876;0.42016882;0.3745733;0.5007948;0.39637345;0.4430029;0.3494868;0.510068
0.5561864;0.8961511;0.09283665;0.0721155;0.1534912;0.7689363;0.47505584;0.11759048;0.27366552;0.108346455;0.08169111;0.05451494;0.05952209;0.03433202;0.031491604;0.04833024;0.03181781;0.019173292;0.04243363;0.053476516;0.07232544;0.048184477;0.06766246;0.083582684;0.07997616;0.13810372;0.19851953;0.12222227;0.104314916;0.058667645;0.047831025;0.05486391;0.06810335;0.06520157;0.10274941;0.10084261;0.041518155;0.04808592;0.028846154;0.057065222;0.12980123;0.23915906;0.16659145;0.09786049;0.5799601;0.041704;0.071876615;4.7369226E-4;0.89262974;0.10171901;0.06328583;0.6047242;0.25265577;0.43322736;0.48904338;0.17809051;0.6454374;0.18080688;0.32002822;0.456107;0.4509168;0.42306247;0.33363104;0.47099778;0.56951284
0.0;0.65227795;0.0;0.0;0.0;0.0;0.021466183;0.079324916;0.0035532536;0.30708665;0.07351887;0.053288452;0.030388901;0.025228782;0.026896782;0.03296851;0.03875626;0.028594758;0.03733832;0.040890813;0.051211346;0.052325595;0.052749764;0.054999202;0.03878318;0.05707987;0.06388318;0.05423233;0.064652555;0.05837366;0.058075573;0.059385188;0.0656995;0.062563606;0.0628341;0.061845172;1.6300125E-6;6.028012E-6;0.006868135;0.014945656;0.14172183;0.5532196;0.0039985445;0.13697352;0.6547911;0.30476573;0.07821152;4.110033E-4;0.95695233;0.13800122;6.8724994E-6;0.49494964;0.5549616;0.51191735;0.7491214;0.71111006;0.602781;0.6414792;0.62275195;0.546292;0.46768323;0.40746683;0.4071941;0.434593;0.6223376
0.7617547;0.9029438;0.006610379;0.006042066;0.1155254;0.8173767;0.2350021;0.04317477;0.14481834;0.102362216;0.06951303;0.024071705;0.009744063;0.027406942;0.03012024;0.028201738;0.012919176;0.02816424;0.026076747;0.015969379;0.029608333;0.027014306;0.025766402;0.031703416;0.026594408;0.042596795;0.05438138;0.027738765;0.024653481;0.033808794;0.02547437;0.009029221;0.0113616735;0.014410292;0.020363377;0.027782407;0.008940038;0.0049021;0.03983516;0.055706527;0.07019865;0.120893605;0.10300741;0.07185692;0.3884063;0.014932019;0.086757086;0.0014147001;0.9435201;0.088866875;0.015164218;0.6170838;0.21540733;0.4291284;0.48849055;0.42929685;0.6136741;0.40043074;0.5093024;0.4895693;0.7360985;0.7740578;0.7584996;0.8205431;0.60947645
0.29974166;0.9424409;0.006796591;0.01584992;0.07658025;0.8388865;0.57225615;0.10708512;0.44097555;0.088188976;0.10339989;0.07618446;0.036973536;0.040297642;0.03556312;0.04906474;0.051182985;0.04166641;0.054562196;0.05925627;0.08218123;0.10015757;0.09771927;0.06797486;0.039173223;0.07028959;0.08932653;0.05937127;0.08580545;0.0977698;0.08672287;0.061115697;0.05713633;0.063329384;0.0514544;0.04920811;0.12466923;0.06150982;0.043956034;0.055706527;0.06622513;0.14586078;0.3492172;0.0688845;0.4777353;0.011110217;0.07943013;7.8419916E-4;0.77428967;0.08663939;0.19047602;0.7616122;0.29624042;0.4971792;0.53567296;0.5065005;0.43889576;0.5499823;0.6448289;0.54836094;0.4970126;0.29768327;0.42467675;0.51312315;0.35836902
0.4370715;0.8651053;0.04383558;0.05498176;0.1568708;0.8009183;0.5788649;0.12212474;0.6099367;0.07307088;0.117221385;0.045857407;0.045666594;0.04077998;0.046042584;0.07424224;0.107623175;0.1142195;0.10665065;0.109020635;0.10520491;0.09168993;0.07292133;0.053817187;0.04606058;0.053055134;0.05895496;0.051379584;0.075253166;0.056953195;0.059534945;0.07558389;0.075287625;0.06256998;0.06690964;0.07171795;0.055191528;0.042474672;0.06318681;0.069293484;0.07019865;0.07752959;0.42597747;0.068893;0.3733579;0.0035949803;0.16371523;0.014637922;0.62443024;0.09238978;0.3073008;0.68939656;0.44108352;0.21309385;0.47312042;0.62340206;0.5158108;0.6606696;0.53343946;0.50452495;0.3083654;0.31434026;0.39221686;0.40607736;0.5821228
0.20561749;0.85962653;0.1154451;0.09124664;0.233904;0.8608;0.13197584;0.07734188;0.11868704;0.05007875;0.12373222;0.10731008;0.0643184;0.049109202;0.035836715;0.049707077;0.050292052;0.029325804;0.05816601;0.08237718;0.077602245;0.06125576;0.046560705;0.037180368;0.022212537;0.027894126;0.03975542;0.044900805;0.05043569;0.048776302;0.046664394;0.036262482;0.03598289;0.031189457;0.03069312;0.033253193;0.010206916;2.769455E-4;0.013736261;0.024456521;0.029139057;0.030223403;0.082946934;0.02370448;0.35958216;0.0046270373;0.1969512;0.02255337;0.9434355;0.034428384;0.009198655;0.69726235;0.68853754;0.66929567;0.5590851;0.6911593;0.5537642;0.2697489;0.51213765;0.57380116;0.46580297;0.49295625;0.40154633;0.3937577;0.49830386
0.1563568;0.8620655;0.03948512;0.02469829;0.2168893;0.8189553;0.18885109;0.101224035;0.15401411;0.03370079;0.08215;0.0593281;0.033319734;0.028565992;0.030309804;0.043093298;0.063780695;0.05490691;0.088945165;0.07676725;0.06789723;0.06482795;0.07181875;0.060200483;0.041523915;0.06331958;0.09190771;0.07072121;0.091209285;0.06500746;0.05832063;0.051791903;0.051049184;0.046402022;0.057354186;0.0663051;0.012451095;0.0022219464;0.008241755;0.03396739;0.049006607;0.07227336;0.10809208;0.033982612;0.52451944;0.003919526;0.08413899;0.0042964644;0.9291159;0.048212014;0.0069022635;0.88325584;0.61376745;0.4479475;0.4088939;0.58373797;0.78688884;0.64261466;0.5324406;0.56944096;0.4565785;0.559946;0.58280396;0.47677812;0.49583328
0.0;0.69837683;0.0;0.0;0.0;0.25533965;0.44497514;0.1330704;0.17673717;0.32976383;0.03361341;0.02206972;0.013187433;0.012367669;0.016062737;0.015326281;0.018228926;0.020565858;0.027451484;0.03060293;0.03562918;0.041984208;0.052808564;0.06077637;0.045935195;0.07962144;0.12957142;0.13283415;0.16597804;0.1732363;0.19312176;0.15417588;0.17144069;0.18658501;0.18375115;0.19643529;4.1217878E-4;0.032219574;0.2747252;0.33423918;0.43576145;0.5111697;0.16655473;0.36546978;0.8570683;0.11502527;0.06345485;3.0832173E-4;0.9475072;0.3067284;0.02103015;0.21729846;0.45363176;0.5219346;0.42003042;0.6152524;0.6081627;0.60592556;0.50555396;0.602968;0.3961336;0.44123283;0.5280456;0.55153126;0.52967215
0.13571203;0.82337356;0.0;0.0;0.07180732;0.7698056;0.14498766;0.11767163;0.102813244;0.068031505;0.08185204;0.066797815;0.031416737;0.027097756;0.041937206;0.05310442;0.0665814;0.041733906;0.045807656;0.048189346;0.071402475;0.08483212;0.08808497;0.07287507;0.05176496;0.10813857;0.12019727;0.08465534;0.09405479;0.09922087;0.09239551;0.077131994;0.07909511;0.06818823;0.08465812;0.080468625;0.004239982;3.9609912E-4;0.008241755;0.014945656;0.035761576;0.04073589;0.08126501;0.025647847;0.42108464;0.0062231896;0.13556911;0.00799703;0.94704574;0.036043346;0.005665879;0.71789855;0.57720774;0.62732106;0.6135826;0.59746706;0.4891375;0.47072244;0.6302737;0.63169754;0.57619154;0.46860453;0.37047622;0.54807824;0.5670483
0.13571824;0.842985;0.04519988;0.0;0.2865833;0.8312211;0.10452804;0.47213906;0.056230042;0.067716554;0.41480377;0.36359146;0.2288479;0.18970086;0.529376;0.9093171;0.6228221;0.23724893;0.15957572;0.17954883;0.25907907;0.22003768;0.40564382;0.39133;0.16028816;0.25239587;0.22776029;0.13335606;0.2027728;0.2547244;0.20012458;0.120832816;0.11595063;0.09688996;0.10294145;0.14554171;0.0034273872;2.5517846E-4;0.042582408;0.046195652;0.049006607;0.049934316;0.03493219;0.046098053;0.38804454;0.004151487;0.13061363;0.009373738;0.9532123;0.06506729;0.0024640958;0.76344943;0.51560843;0.5728445;0.5422091;0.48738533;0.37448114;0.5623138;0.84111834;0.5873843;0.5884368;0.4635461;0.45668674;0.41594985;0.37807992
0.0;0.70340025;0.0;0.0;0.0;0.26358947;0.14062963;0.09830785;0.073373355;0.08976378;0.114841826;0.07357618;0.037319895;0.03668498;0.03483637;0.036715243;0.042447366;0.029605638;0.0394061;0.033129517;0.04405528;0.05048483;0.076881215;0.13055277;0.07752769;0.100361876;0.100249745;0.08240253;0.060913756;0.061792366;0.05967514;0.049551494;0.060335834;0.044850893;0.04734553;0.037796024;0.002910983;5.5057526E-4;0.012362632;0.031250004;0.042384088;0.049934316;0.0779042;0.040500045;0.47712526;0.019332506;0.10955046;0.0026518519;0.95208454;0.05139613;0.0027914424;0.61598855;0.57186913;0.6411123;0.63724476;0.574618;0.32907236;0.6402967;0.6508002;0.59454215;0.5730761;0.5170379;0.49164808;0.44323936;0.43306506
0.0;0.7054081;0.0;0.0;0.0;0.0;0.01663952;0.04119578;0.004078393;0.2267717;0.018468682;0.0129681835;0.011239335;0.0075947614;0.007491122;0.00846511;0.009014126;0.008131762;0.011910587;0.013231654;0.015507597;0.021943526;0.028108977;0.028203433;0.020228233;0.027586628;0.028020337;0.034674183;0.045860324;0.041624;0.035780944;0.039834462;0.06377836;0.059387118;0.059676483;0.057391148;3.6376746E-6;2.1762473E-6;0.0013736261;0.006793483;0.027814563;0.29303554;0.0040671807;0.08512523;0.4875607;0.22900069;0.090285785;9.161234E-4;0.9569475;0.08713935;4.6338173E-6;0.52706414;0.6283983;0.5721594;0.66484356;0.6152821;0.6114447;0.5563398;0.6066613;0.59890276;0.5318075;0.5064551;0.45253235;0.47403705;0.5750117
0.44844228;0.9738186;0.006125562;0.007385563;0.04164559;0.86564434;0.48261186;0.118263625;0.3780048;0.14110243;0.03642209;0.01827157;0.015521079;0.011584974;0.014501518;0.030710692;0.043451328;0.07640926;0.086327925;0.14956899;0.19091487;0.17429526;0.11913946;0.06158407;0.030899173;0.03810067;0.06946522;0.09739701;0.08016573;0.060000747;0.0727744;0.057594173;0.022466486;0.034450863;0.054465476;0.058628276;0.0074935607;0.15252525;0.08241756;0.09103263;0.115231715;0.12220762;0.17829496;0.09879632;0.41753367;0.0050765933;0.09088501;0.0041740104;0.84263146;0.11951441;0.14827949;0.6763144;0.2133836;0.23299606;0.50626427;0.6913266;0.6715183;0.23520713;0.4913655;0.45150766;0.39436898;0.2513488;0.43255016;0.4276129;0.42767215
0.30947915;0.79478294;0.0;0.0;0.0;0.78069896;0.02326802;0.037893936;0.006686698;0.37039378;0.06941533;0.027848184;0.010893325;0.00697474;0.0058887303;0.0055667404;0.0053900466;0.004154006;0.009130798;0.011516839;0.021044161;0.013351333;0.014891957;0.01522821;0.0094213;0.019265775;0.022174198;0.017187253;0.03361292;0.027368039;0.023287084;0.032290917;0.07660257;0.12902358;0.1153693;0.09794907;4.99707E-6;2.4297806E-6;0.013736261;0.43070656;0.7907281;0.9237852;0.0060871025;0.44855177;0.75753725;0.7957152;0.0546573;1.4817537E-5;0.95695823;0.44504532;3.1763902E-5;0.42531794;0.7293313;0.52536637;0.790991;0.63976157;0.53694665;0.4344092;0.5005166;0.4506782;0.47486812;0.4865878;0.4826238;0.38804057;0.44522297
0.19634768;0.81288373;0.01017551;0.01020403;0.1323061;0.86284167;0.12001748;0.09026336;0.052489653;0.091968514;0.097969;0.06399197;0.042670447;0.059032787;0.046349626;0.03055133;0.016662482;0.011721743;0.016219405;0.017657017;0.01947352;0.022341907;0.028885096;0.06349575;0.07789478;0.08508831;0.06962889;0.10512798;0.07886307;0.058473516;0.06574831;0.06520981;0.09916552;0.11452943;0.10201729;0.08272791;0.002535867;4.947056E-4;0.028846154;0.031250004;0.03178807;0.102496706;0.022890072;0.050069135;0.40768299;0.023770185;0.09739946;0.0016267621;0.9543196;0.06079487;0.0018453907;0.6015618;0.5437791;0.6860602;0.53293943;0.41893497;0.460327;0.55623233;0.3373448;0.5842516;0.48025995;0.5201403;0.39019334;0.49984306;0.70351464
0.44701466;0.9031255;0.1266922;0.1505888;0.2603003;0.740737;0.22279574;0.0619027;0.1752148;0.09102362;0.08742862;0.08338098;0.029792715;0.014450996;0.015776701;0.018633384;0.020133924;0.023003204;0.025304;0.024947569;0.033788864;0.033109143;0.042271674;0.033777025;0.027927434;0.034897596;0.03013226;0.0342059;0.04477467;0.052967127;0.057650827;0.0707019;0.06923274;0.06814844;0.08051194;0.09828433;0.019204598;0.0046630143;0.027472526;0.028532617;0.038410578;0.17082794;0.1526049;0.069020845;0.42113137;0.11913128;0.12081378;0.0048201405;0.9334217;0.08242603;0.021905346;0.6614123;0.5236141;0.38439688;0.64620155;0.5339047;0.50179183;0.43258804;0.51466006;0.44093487;0.3900369;0.39364642;0.35685977;0.28782776;0.52742845
0.1637189;0.7692151;0.3456169;0.0;1.0;0.80007416;0.105433725;0.14721958;0.08684069;0.05322836;0.0837007;0.0814224;0.052134182;0.04832953;0.0850328;0.08844715;0.078690894;0.057197556;0.06774172;0.08091285;0.1673696;0.16372226;0.10029881;0.11015749;0.06396685;0.06835504;0.08678175;0.09210486;0.12993288;0.094994515;0.080046564;0.0634261;0.08065927;0.09103756;0.08107421;0.063169815;0.0065576355;1.0098488E-4;0.019230768;0.03804348;0.042384088;0.042049948;0.072316624;0.032680042;0.38228586;0.0016370063;0.13313314;0.014526157;0.9492229;0.048680633;0.0052812463;0.852316;0.6429952;0.49355623;0.4610266;0.660876;0.5368232;0.23429342;0.6377426;0.6742369;0.47026125;0.6356829;0.30267978;0.40559515;0.52704453
0.22641234;0.82134587;0.2097298;0.1059055;0.138644;0.85091805;0.24642326;0.12103219;0.28480038;0.045984253;0.13475263;0.08595929;0.05130725;0.057964142;0.057035588;0.057882812;0.07323154;0.045897376;0.0487956;0.054836523;0.055246912;0.050097268;0.044404466;0.06116114;0.057637535;0.11226267;0.09040461;0.06613272;0.11227638;0.07478424;0.09898137;0.10824328;0.10744193;0.113034986;0.113270946;0.09888913;0.04358372;6.8288454E-4;0.008241755;0.019021744;0.030463563;0.035479642;0.12804829;0.021812273;0.40644407;0.0055241985;0.18395123;0.014059781;0.88166916;0.031955585;0.041334875;0.6832132;0.75554764;0.6225151;0.5521395;0.586487;0.47136548;0.624623;0.4729799;0.50629145;0.56032467;0.5307667;0.41841698;0.44799447;0.64816135
0.450334;0.75495607;0.0;0.0;0.423782;0.50438637;0.34704128;0.07710022;0.14331323;0.23307087;0.038496953;0.022383373;0.01589033;0.01579415;0.017513962;0.013021791;0.014291197;0.008698524;0.012044113;0.010522671;0.017780133;0.025208978;0.02618467;0.022981979;0.020827508;0.03728495;0.040156897;0.045452602;0.09111268;0.1054599;0.09909099;0.07937993;0.13028023;0.17940587;0.18011566;0.16987352;0.006386985;0.010716142;0.057692297;0.17798917;0.40264884;0.5243103;0.15634876;0.25103968;0.79428065;0.25512058;0.06556967;2.3265787E-4;0.94672024;0.23186976;0.0122908;0.38180166;0.5570366;0.59054375;0.60206294;0.5315899;0.49974743;0.46892703;0.41616425;0.35082558;0.42117023;0.48441797;0.39024788;0.43353444;0.56215996
0.40624535;0.73960775;0.0;0.0;0.0;0.5157778;0.57795495;0.2520254;0.47419965;0.06267718;0.05632867;0.07393506;0.10907734;0.059401367;0.047242653;0.09183674;0.12609571;0.15560003;0.1973784;0.32194972;0.39743155;0.31124774;0.17169048;0.14662044;0.1101344;0.12687005;0.12390033;0.105059825;0.14758977;0.10964275;0.14293209;0.14461806;0.09805347;0.078225635;0.06584256;0.058573835;0.12040868;0.13277581;0.0315934;0.055706527;0.07549665;0.107752964;0.541343;0.0628035;0.55696523;0.009129281;0.08696832;0.002603141;0.7580808;0.07983184;0.11779031;0.76945126;0.30499098;0.40776512;0.58669347;0.5705991;0.49563494;0.40576026;0.30405065;0.38899884;0.3649838;0.41683346;0.50196147;0.42141792;0.4595418
0.0;0.7216553;0.0;0.0;0.0;0.25580284;0.3458072;0.077846766;0.18773438;0.1332283;0.08946926;0.09492568;0.040231388;0.040838905;0.043758992;0.036002252;0.03204996;0.017132763;0.027504858;0.038951103;0.034618173;0.03205336;0.0462684;0.039874405;0.0336572;0.05761762;0.050531577;0.031995226;0.04978004;0.054138005;0.06283363;0.083799645;0.09707229;0.09783826;0.084859245;0.07419669;0.014105303;0.010503782;0.013736261;0.020380434;0.07019865;0.16557169;0.16267163;0.05949604;0.5351883;0.041132983;0.09667052;0.0018451046;0.9234019;0.06612653;0.018119145;0.59395075;0.49441707;0.553148;0.66396487;0.54669535;0.49662498;0.59292924;0.4773134;0.47389916;0.4735008;0.4570642;0.39033568;0.4019883;0.45204002
0.5673495;0.77885073;0.1917124;0.1003782;0.1992311;0.47840735;0.18572602;0.19957197;0.07646947;0.14992124;0.06241443;0.038251642;0.05810097;0.06910561;0.0969645;0.0932335;0.07945291;0.043843362;0.07839387;0.07849245;0.08795951;0.17591922;0.22919643;0.12694056;0.0862278;0.13516778;0.16706085;0.12195539;0.1427117;0.1910977;0.21106869;0.15617263;0.07354846;0.112635225;0.1518005;0.15178765;0.004086535;0.0026494823;0.03434065;0.039402176;0.10596023;0.120893605;0.10738758;0.075216234;0.4691423;0.03748942;0.0930681;0.0014449091;0.95168597;0.08665304;0.004125472;0.5416659;0.3841705;0.4334638;0.429133;0.4993097;0.31281304;0.18937877;0.59956825;0.2981126;0.4801547;0.3006258;0.5337559;0.579839;0.3789116
0.77572626;0.91794544;0.06896299;0.05808797;0.2667088;0.7802887;0.43545464;0.09108768;0.52957994;0.059212603;0.06942656;0.043651596;0.021672104;0.025015991;0.036188304;0.036435734;0.034299646;0.030357685;0.06689199;0.06318445;0.050124723;0.031648252;0.02987373;0.034503788;0.025074927;0.050730225;0.045480397;0.050758276;0.11710339;0.10357654;0.11988921;0.113028325;0.07722745;0.054205634;0.06460098;0.07149906;0.29020184;0.021059202;0.042582408;0.043478265;0.045033086;0.04467807;0.35108313;0.049204253;0.20320287;0.00660682;0.13516785;0.004647254;0.6893923;0.06879605;0.28250182;0.63997376;0.4331848;0.46843982;0.11793737;0.517078;0.55688334;0.26685408;0.52551734;0.36052966;0.7515882;0.66719335;0.4352325;0.39868036;0.4028651
