1.1015,-1.1241,-0.68071,-1.5113,-0.66215,-0.62351,-1.366,-1.322,-0.66356,-0.77999,-0.79191,-0.88107,-0.11283,-1.4574,0.23766,0.79324,-0.63439,-1.6161,1.5352,-0.35534,-1.0726,0.41233,2.1373,1.8813,-0.91682,0.74775,0.12951,1.4852,-1.1225,2.2122,2.2964,-1.0049,-0.98733,1.0076,0.053221,-0.022095,-0.33891,-1.287,-0.55761,-0.59571,0.92861,2.0733,-1.2123,-1.6741,-0.79032,0.072412,0.20604,-0.31156,1.0816,-0.96914,-0.13432,-1.18,-0.11672,0.21809,-1.1784,-1.2514,-1.2953,-0.69227,-1.0943,-0.58454,-0.77954,-0.67325,-0.33778,-0.76821
1.0345,0.14833,0.033453,-1.1459,0.75353,1.6615,-0.89974,-0.49728,-0.090053,0.77654,-1.4132,-1.3634,0.2781,0.67716,0.40834,1.0263,1.2626,-1.0221,1.6464,-0.24449,0.10455,0.039119,0.52475,0.3225,-0.8315,-1.7627,0.58505,-0.02926,-0.94973,0.40183,-0.30217,-1.0803,-0.32224,0.32449,-0.00052756,0.30591,-0.49024,0.036551,-0.32985,0.75074,1.1284,0.60749,-1.0202,-0.68912,-1.2308,-0.07821,0.49991,-0.20226,-0.47136,-0.43675,-0.26508,-1.2179,-0.97765,0.5702,0.21211,-0.16322,-1.0551,-0.87732,0.95403,-0.25924,0.082318,0.52566,0.29956,-0.57208
0.95876,-0.1874,0.32042,-1.0192,1.4568,1.165,-0.44199,-0.080501,0.32413,0.94312,-0.5288,-1.3567,0.27128,-0.783,1.09,0.063219,1.6037,-0.5311,0.42936,-0.042315,0.51633,0.36732,-1.0307,0.71264,-0.52439,0.77389,1.653,-0.051091,-1.0003,0.23986,-0.13689,-0.90651,-0.55131,-0.97294,0.16536,1.9947,0.3765,-0.47749,0.78977,1.9248,1.0917,-0.12836,-0.55308,-1.0747,-1.0293,0.743,1.7004,-1.7564,-0.42936,-1.7446,-1.2886,-1.2105,-1.7287,1.4473,-0.5093,-1.8599,-1.429,1.2612,2.116,1.0309,1.0249,1.2363,1.5633,-0.38402
-0.97227,0.37164,-1.2892,0.63597,-1.3877,-1.5611,1.6208,-0.45664,-1.0836,0.16314,-0.94871,0.64317,-0.11892,-0.39953,1.4626,0.24506,-1.1751,0.38681,-0.46112,-0.90401,0.79552,1.6676,-0.59258,-0.68386,0.38676,-0.85506,0.483,0.027049,-0.2047,-0.70371,0.44739,0.56422,-0.5295,-1.2031,1.7279,-1.3043,-0.7768,1.7734,0.46634,0.99913,-0.50441,-1.1585,1.2356,-0.04215,-0.030545,1.2776,-0.25112,-0.68567,-1.9461,-0.096324,0.60006,0.67693,1.4413,0.80165,0.89097,0.80045,0.55259,0.60857,-0.7303,0.13758,0.71778,-0.44726,1.4514,1.057
-0.84296,-0.91972,0.14685,0.97485,-0.81494,0.0080486,-0.66301,-0.0024494,-1.4019,0.18453,-0.13953,0.12888,-0.94285,-0.41316,0.58325,0.49818,-0.035222,0.47859,0.020712,-0.33157,0.26838,0.87907,0.81898,-0.5745,-0.57104,-0.46655,0.35338,-1.0159,-0.2118,-0.79467,-0.29179,-0.052432,0.077679,0.021224,0.58451,-0.55095,0.54239,1.3343,0.1525,-0.14098,-0.55081,0.10111,0.89641,0.046527,-0.57905,1.4261,-1.0603,0.63318,0.30859,0.066878,-0.029159,0.18098,-0.49362,-0.34419,0.78993,-0.17885,0.46115,1.5765,0.1064,0.18552,0.22608,-0.21478,-0.77463,-0.41452
-1.2419,-1.1073,0.051796,1.2972,1.0224,0.34439,1.1097,1.127,0.53571,1.5992,0.3333,1.5096,2.3395,0.69465,-1.1807,-0.6397,0.53192,0.30184,-0.79035,-0.87336,1.9252,-0.84799,-0.33093,-1.31,2.0912,0.83894,-0.37616,0.36492,1.6676,-1.2837,-1.1072,2.0712,0.32665,-1.4094,-0.17347,0.86518,-0.51035,0.36165,-1.6593,-0.56281,-0.64556,-1.2175,1.2923,0.47286,1.6968,-0.57584,0.71767,-0.479,0.82776,0.73054,-0.25293,0.93031,0.34049,0.072335,1.4517,1.2142,1.3639,-0.994,-0.13743,1.9686,-0.12584,0.60653,0.22561,-1.0744
0.45907,0.62714,-0.56182,-0.034242,-0.089195,-0.16664,0.64247,-1.1422,-0.32747,-1.099,1.2209,0.1685,-0.68085,-0.70454,-0.63029,-1.1253,-1.1704,-0.3169,-0.84963,1.7836,-0.75854,-0.86092,-0.5374,-0.44668,0.88669,1.3018,0.041244,-0.60809,0.16913,-0.15695,-0.89678,0.30815,2.2441,1.4089,0.50984,-1.0725,-0.37412,-0.41594,-0.43583,-0.46834,-1.3112,-0.63673,-1.0244,0.82254,0.32746,-1.4316,-1.224,1.1754,0.66054,0.092619,-0.70346,0.059396,0.61008,0.088841,-0.97365,0.43398,0.17643,-0.78588,-0.47925,-0.32073,1.1543,-0.87094,-1.0305,-0.088516
0.54685,0.18059,-0.328,0.44034,-0.91064,-0.94656,-0.45852,0.74136,1.7066,-0.40621,1.0958,0.32611,-0.99756,0.62311,-1.419,0.97641,-0.59358,1.7929,-0.67196,1.5958,-0.92834,-1.6368,-0.79846,-0.70257,0.19916,0.042999,-1.0525,-1.5424,0.28928,0.24801,-0.3926,-0.33065,0.63082,0.11618,-1.0847,-0.11065,-0.79065,-0.60593,-0.33864,-0.99988,-1.0607,0.25521,0.36521,0.63474,0.55263,-1.1422,-1.1435,1.5104,-0.85819,0.68182,-0.22453,0.26843,1.097,-0.84169,0.55276,0.73468,0.55486,0.5409,-0.78688,-0.78938,-0.20775,-1.557,-1.2262,0.13124
-1.0437,2.0108,2.3072,0.3624,0.63184,0.11885,0.45628,1.6327,1.0001,-1.3814,1.1722,0.8249,-0.035878,1.7627,-0.55183,-1.8374,0.21049,0.52605,-0.85859,-0.62825,-0.85059,-0.01971,-0.19093,0.80115,-0.72005,-0.62103,-1.8165,1.3696,1.3629,-0.16288,0.38365,0.43127,-0.88891,0.70704,-1.7821,-0.10528,2.3622,-0.71961,1.9126,-0.90696,0.92396,0.10399,0.020526,1.5035,1.0831,-0.29127,0.55494,0.11589,0.82652,1.675,2.298,1.4923,-0.17218,-2.0125,-1.2362,0.27014,0.67051,-0.63765,0.051749,-1.3688,-2.0922,1.3947,-0.17091,2.1135
1.6144,0.1918,-1.9979,-0.72328,-0.88484,-1.1553,0.55534,-0.97391,-0.52739,-1.2263,-1.8989,-1.4315,-0.47221,-1.9239,-1.9586,0.86894,0.2081,-0.073241,1.5356,1.7349,2.1052,0.23643,1.1391,2.1306,0.05409,-1.9517,-1.3681,-0.20211,0.88313,1.3948,0.18317,-0.5129,0.31653,2.5032,-1.6101,-0.28139,1.4117,-0.83653,-0.43967,-1.8744,1.9519,1.982,0.53861,-1.0725,1.1011,-0.22394,1.1924,0.3851,-1.0247,-0.5476,-1.2716,-2.0571,1.7752,0.43012,-1.1119,-1.154,-0.80481,-0.032992,1.364,-2.0919,-1.3263,-0.12202,-0.8063,0.4735
1.0721,0.051304,-1.0935,0.14875,-1.0723,-1.0803,0.84837,-1.2577,-1.0055,-0.3615,-1.3222,-0.32871,1.5765,-0.82249,-1.2363,1.2834,-0.15611,0.11583,0.3092,0.42845,0.67501,-1.1089,-1.069,0.56451,0.76848,-0.47256,-1.5505,-1.4181,-0.65745,1.4301,1.8137,-0.23634,-0.24967,-0.046142,-1.3196,-0.55242,-1.1546,0.31744,-0.38693,-1.0967,-0.76603,1.133,0.59892,-0.22937,0.11172,0.98196,1.1784,0.65473,0.0017283,0.18534,-0.55976,0.32533,0.64234,-0.1285,-0.1287,-0.41587,-0.2305,-0.68652,1.3811,0.14004,-1.2493,-0.87066,-0.2515,-0.027539
-0.78284,-0.32237,-0.33579,-0.36123,0.16412,-1.2413,-0.99596,-0.42131,-0.27726,-0.43677,-0.11413,0.16627,0.9496,-0.22549,0.53615,-0.45767,1.0085,1.1376,-0.94119,0.015177,-0.1517,-0.72958,0.64782,0.059682,-0.94426,-0.068651,-0.48273,-0.75997,1.3458,0.63115,1.3684,-1.3073,-1.6473,0.10442,-0.87196,0.74997,1.5024,1.2872,1.894,0.004315,-1.5282,-0.74281,-0.35377,0.50315,-0.12369,1.66,0.49116,1.7387,1.4077,0.76278,-0.97835,0.19429,-0.63598,-0.90397,-0.16423,-0.2622,-0.4887,1.2408,-0.13444,0.52212,-1.1504,-0.31806,0.25487,0.34634
-0.8387,-1.0673,0.64691,0.44449,-0.51445,0.60593,-0.43814,0.16935,1.769,0.39511,0.17579,1.3836,0.9451,-0.13908,0.37171,-1.9235,-0.12046,1.3466,-1.6024,-0.45877,-0.3824,0.18594,-1.1425,-0.76212,0.62759,-0.228,0.31802,0.85483,0.69199,0.048651,-0.0073676,-0.02145,0.75009,-0.65619,0.21405,0.25394,-0.46957,0.69854,1.1862,0.2845,-0.10665,-0.98974,0.55675,0.72197,1.1326,-0.46278,-0.55222,-0.75356,0.1673,0.77352,0.94269,1.0023,0.37925,0.95699,0.54886,-0.66276,0.17148,1.3698,-0.37201,-0.075151,0.41251,0.10539,-0.49477,0.52126
-1.2265,0.31727,0.92469,1.4544,-0.92985,0.81384,1.3762,1.0262,0.10429,0.50921,0.70675,1.2703,-0.88202,-0.052173,0.3678,-0.71599,1.7095,0.70035,-1.0422,-1.4507,-0.90233,2.0116,1.3001,-1.1439,1.8849,0.9575,0.030253,0.59398,0.24021,-1.4658,-1.0645,0.0059962,-0.15673,-0.8868,0.98912,-0.061377,0.39018,0.59932,0.35275,-0.37897,0.61403,-0.88608,-0.024222,0.77216,1.3498,-1.0067,-0.5609,-1.2703,0.43942,1.656,0.57906,0.44433,0.20163,1.9595,1.0082,1.0914,1.6533,0.49472,0.97585,-0.2927,0.53899,-0.47201,2.4371,0.74975
-0.52034,-0.11946,0.42396,0.6933,1.1955,1.0454,0.84196,1.594,-0.3392,1.627,0.97896,0.89943,-0.25159,0.89642,-0.26293,-0.43282,0.60531,0.24399,0.25279,-1.3423,-1.3185,-0.66282,0.014697,-0.58869,-0.35858,-0.08277,0.12982,-1.2839,0.76331,-0.42874,-0.48538,-0.66509,-1.1775,-0.46381,0.54652,2.2213,-0.72863,0.29821,-1.3791,0.15013,-0.29762,-0.50252,1.8267,0.033442,-0.95878,-1.2619,-1.6135,-1.2558,0.22297,-0.54168,1.903,1.3432,-1.498,-0.316,1.4916,0.45741,1.269,0.65446,-0.84348,0.33526,0.20582,-1.0436,0.071794,-2.0564
0.6853,-1.341,0.051041,-1.9319,1.7182,-0.62841,-0.84778,-1.0371,-0.54135,1.2471,0.00080632,-0.55324,0.34704,0.47393,1.2538,0.69392,-1.1458,-1.3026,0.75863,0.57631,-0.26618,0.22572,-1.0811,0.5041,-1.2043,0.073555,1.5327,1.552,-1.2948,-0.016888,-0.94924,0.04746,1.5756,-0.28493,0.38323,-0.37646,-0.73786,-1.8394,-0.66211,1.079,0.75348,0.28679,-1.4713,-1.8647,-1.2114,-0.57804,0.7614,-0.24467,0.85052,-1.5869,-0.34215,-0.31264,-1.2223,-1.3844,-1.1141,-1.3647,-1.5327,-0.71514,-0.35895,1.5975,0.33742,1.9723,0.17081,0.4614
0.58286,0.10019,1.0718,-0.47896,-0.32656,1.0378,-1.5556,0.14318,-0.76422,-0.97333,0.9094,-0.40045,-1.3152,0.22043,0.49842,0.71149,-1.2484,-1.4554,0.58963,0.59056,-0.26092,-0.9731,0.78718,0.039856,-0.98247,1.7262,0.86319,0.26088,-1.3297,-0.73855,-0.14163,0.3676,0.79158,0.15769,0.98245,-0.95612,0.58088,-0.99909,-0.14413,1.2274,-0.43392,0.080156,-0.92776,-0.23921,-1.0791,-0.13671,0.16132,-0.016758,-0.072673,-0.93618,-0.3739,-0.66861,0.028658,-0.20407,-1.2124,1.3211,-0.4292,-1.4973,-1.3658,-0.59997,0.76151,-0.52927,-0.53553,0.8312
-0.58628,2.1896,0.30873,0.75436,0.65017,0.60248,0.21559,0.75731,1.5816,-0.78055,0.56342,-1.0057,-0.89725,1.5724,0.43006,-0.02771,-0.86065,-0.71316,0.13988,-0.093602,0.50182,0.81478,-0.59637,-0.80402,0.15452,0.046456,0.52726,0.40237,-0.64253,-0.85474,-0.71719,2.322,-0.2026,-0.42746,0.6863,-0.99744,-0.7945,0.47432,-0.42094,0.60486,-0.18702,-0.36082,-0.74393,1.3751,-0.32223,1.0282,-1.0581,0.76246,-1.9923,0.23472,0.10093,-0.27109,0.32922,-0.40969,0.68282,0.98961,0.39209,-0.82783,-0.64627,0.46479,1.4697,1.2779,-0.84644,-1.2995
0.9747,0.5269,1.0172,-0.59267,-0.64121,1.0044,1.9183,0.97516,-0.33307,0.063697,-0.79071,-0.6611,0.51437,-0.4336,-0.62275,0.11306,0.36415,-0.84395,0.52102,-1.6024,-0.64113,2.0173,-0.86673,0.51752,-1.3668,-1.2347,-0.71286,0.70434,0.81378,0.1564,-0.39329,0.49016,0.21927,-0.81788,-0.14357,0.6896,-0.060957,1.7256,-0.11217,-0.097892,2.2054,0.26161,1.1637,1.1292,-0.38745,-1.3584,0.016991,-1.0843,-0.35653,0.63006,0.25717,0.91879,-0.47313,1.6064,0.24754,1.3903,-0.14793,0.62434,-1.0447,-1.3652,-0.28919,0.28671,-0.83357,0.76266
-0.21042,-0.53007,-0.34453,0.31724,-0.29385,0.5863,-0.8548,0.329,-0.57218,0.66874,0.3207,-0.19553,0.72183,-0.1125,-1.3736,-0.47103,1.6682,-0.52004,0.18057,-0.40103,1.1261,-0.29824,0.37951,1.7697,-0.6301,-0.48494,-1.0271,0.36013,0.23307,0.80002,0.62752,0.5309,0.55876,1.7197,-1.5769,0.59444,-0.21908,0.081244,-0.099418,-1.4328,0.5489,0.95437,0.77929,0.54974,-0.54319,0.031111,-0.92315,-0.80574,0.057923,1.2604,1.5864,1.6795,0.96722,1.3554,1.6078,0.28566,0.18968,0.13318,0.099808,0.65964,-0.84285,0.64644,-0.13932,0.6229
0.48164,-0.50649,1.7255,-0.29033,-0.083424,0.53383,-0.30362,0.31786,0.11274,2.0346,1.2643,0.22159,1.9547,0.6833,-0.36617,-0.41065,-0.55192,-0.32479,0.47875,-0.032943,0.78408,-0.10576,-0.65522,-0.31437,-0.78851,-0.2353,-0.65256,-0.26503,1.4676,-0.61406,-0.77924,1.2793,-0.46688,0.19043,-0.33263,0.42245,-0.073282,0.86435,0.40731,-0.54714,0.17939,-1.0678,0.94817,-0.063459,-0.57234,-0.12485,-0.062971,-0.80759,0.52686,1.3708,0.92591,0.90388,-0.47313,-0.48463,0.57639,-0.78549,-0.78344,0.6038,1.5527,0.28807,-0.46732,0.75359,-0.53741,-0.10522
-0.61015,-0.59437,0.1494,-1.2871,2.3262,1.6425,0.79401,1.9101,-0.23048,-0.84515,-0.65148,-0.63362,-1.3044,-0.25719,0.82157,-1.2281,-0.64315,0.78693,-0.35934,-1.2927,1.1343,-1.1569,-0.32091,-0.71393,1.3616,0.77856,0.64512,-0.9038,0.48735,-1.2523,0.35965,1.4672,-0.94868,-0.22587,0.3623,1.37,2.3343,-0.17028,1.1773,-0.080925,0.34346,-0.67684,-1.0553,-0.58127,1.9745,1.6021,2.1147,-0.19298,-0.45327,-1.1715,-1.1356,-0.98639,-0.47313,-1.4266,-0.6421,-0.42753,-0.92689,-1.1,-1.3353,0.22719,0.69203,-0.19512,1.1464,1.2237
1.2187,-0.59969,-0.94359,-0.66899,-0.54232,-0.95771,0.79166,-0.60496,-0.45773,-0.53921,-0.42317,-0.19105,-0.73212,-1.3728,-0.75158,1.6836,-0.0062052,1.0567,1.3464,0.53253,0.419,-0.46609,1.6131,-0.31409,1.1916,1.0768,-0.48806,-0.90471,-0.47888,0.99746,0.60096,-0.48004,1.4187,0.15144,-0.51488,0.16778,0.49841,0.90376,0.2084,-1.0636,-0.67102,1.1739,-0.48795,0.20175,0.80249,0.23639,-0.10737,0.31696,-1.0727,-0.79681,-1.2089,-0.29418,-0.47313,-0.49825,-0.71775,-1.1455,-0.45232,1.8305,-0.18502,-0.18674,-0.34881,-0.48444,-0.97741,0.54772
1.2128,-1.1624,-1.1127,-0.51237,-0.34783,-1.3742,-0.8548,-0.42326,-0.4776,-1.5413,-1.4197,-0.84849,-0.62598,-1.3272,1.0364,1.5756,-1.3504,-0.25335,1.1674,0.38084,-1.3604,0.84,1.2786,1.3403,0.72627,1.8241,-0.57212,-0.91713,-0.3958,1.1187,1.9241,-1.1583,-0.80463,0.73797,-0.22489,-0.041047,0.098567,-1.1487,1.3646,-0.14036,-1.2315,0.51895,-1.0523,-1.3112,0.6174,-0.078437,0.13138,0.34798,-1.256,-1.2673,-1.0658,-1.0938,-0.47313,-0.5603,-1.4076,-0.79405,-0.10367,0.083289,-0.48948,-1.5681,-1.0685,-1.3799,0.6137,-0.029175
-0.70689,2.2125,-0.98161,2.0277,0.01826,-0.79118,0.21883,-0.25024,-0.59019,0.0061557,0.83504,0.93335,-0.41741,0.86276,0.48895,-0.31731,-1.0433,0.28132,-0.56129,-0.032943,-1.1864,0.32152,-0.26853,-0.40244,0.073128,-0.31805,0.42592,-0.29822,0.61079,-1.1705,-1.0843,-1.0661,1.6015,-0.64225,0.028058,-0.10875,-0.77941,-0.23333,0.058911,0.96,-0.21611,-0.79594,1.2236,1.6286,-1.0133,-0.092563,-1.4097,-0.1962,0.022302,-0.16731,0.62442,-1.0947,-0.47313,0.70817,1.2869,1.3089,2.4259,-0.14381,0.071094,-0.3846,0.17291,-1.3449,1.3262,0.04382
-1.4629,0.24981,0.8085,0.99267,-1.105,-0.20865,-0.8548,-1.275,-0.0415,-0.015244,-0.56318,2.1877,0.48471,0.28555,1.5549,-0.80738,0.43974,-1.6751,-1.3681,0.93119,0.55058,-1.2092,-1.4717,-1.2264,0.47321,-0.73423,2.1938,2.1763,-0.93019,-0.95939,-1.2142,-0.076179,-0.62844,-1.7157,2.2133,-1.1688,-0.82533,-0.96976,-1.5328,1.7812,-0.58438,-1.4238,-0.63853,-1.2573,0.22851,-1.4264,-0.43978,0.14019,0.4131,0.56261,0.38428,0.16089,2.3447,-0.39138,-0.52009,0.95437,0.31671,-0.47891,-0.21227,0.84024,2.2801,0.0010942,0.79902,-1.0243
-0.89747,0.40377,-0.31815,0.013922,0.66923,-0.43526,-0.8548,-0.97868,2.59,0.16776,1.4283,-0.81282,-0.59567,1.6717,-0.78777,-0.13781,1.1229,1.4923,-1.4054,1.5174,-0.8261,0.057412,0.31183,-0.6563,-1.0404,-0.67221,0.18788,0.048142,-1.8077,0.92369,-0.041085,-0.98695,-0.94963,0.60216,0.1892,-1.9256,-0.97322,-1.0529,-1.4721,0.62155,-0.5741,1.0556,-0.88071,-0.29607,-1.1066,1.211,0.6799,2.2817,2.1183,-0.42097,-0.36786,-0.19397,-0.47313,-0.30874,-0.43112,-0.78669,-0.51807,-1.5524,1.5431,1.4895,-0.12838,1.7165,-1.3976,-2.042
0.92132,-1.0645,0.25679,-1.4031,2.1386,1.5745,0.0049381,2.1789,-1.6323,0.19496,-0.68494,-1.4386,-1.9611,-2.14,-0.41563,1.0271,-0.23933,0.33573,0.44016,1.8652,-1.2746,1.2725,-1.2595,-1.1779,-1.6293,-0.95671,1.3423,-0.75574,1.1177,-0.94614,-1.4598,-0.76458,0.70288,-0.28815,-1.5052,1.4452,-1.5115,0.12507,-1.2256,-0.65332,1.5476,-0.2567,2.5155,-1.0914,-1.0789,-0.44783,-1.3255,1.3667,1.0159,-0.65778,-0.4386,-1.3458,-1.627,0.012979,1.6587,-1.5962,-1.0192,-0.10716,1.0359,-0.56996,0.38693,0.044116,-0.85977,-0.51748
-0.29499,0.72352,-0.72864,-0.24939,0.43018,0.38951,-0.81162,0.62502,-0.21078,-0.42944,1.6112,-0.57369,-0.12414,0.53431,0.41748,-0.32584,-0.53581,1.3438,0.49758,-0.82378,-1.0091,-0.11953,-0.2804,0.24901,1.2529,0.89477,0.94605,-0.75574,-0.11114,0.11324,0.4425,1.1126,-0.66714,-0.89096,1.3058,-0.31125,-1.1094,1.7128,-0.7259,0.038738,1.042,-0.34497,0.060291,1.9182,-1.2846,0.18621,-0.72274,-0.95222,1.0159,-0.60874,-0.31914,0.13425,-0.98483,1.4135,-0.61061,-0.31316,-0.18527,1.2817,1.019,-0.28818,0.28776,-1.333,-0.32983,-0.66453
-0.090274,1.111,-1.1472,0.8808,-0.79817,0.051117,-0.81162,-0.83855,0.29964,0.7305,1.2154,1.009,0.89457,1.228,-0.39511,-0.79806,-0.61433,0.6931,-0.60015,-1.084,-0.15463,-0.073117,-0.66268,1.4467,0.27236,-0.64658,-1.4508,-0.75574,-0.88943,1.3767,1.0544,-0.04271,0.46349,-0.0268,-1.1288,-0.15318,-1.1478,0.52036,-1.3942,-1.1423,-0.91784,0.83055,-0.028586,-0.083146,0.89441,1.543,-1.1572,-1.1971,-0.98501,0.11152,0.88733,1.5036,0.60077,-0.75427,0.70118,0.1782,2.018,0.88855,1.0003,0.39343,-1.0889,-0.32537,1.2909,0.22262
-2.2861,-0.28386,-0.95679,0.44768,0.090958,-1.1661,-0.0079336,-0.43812,-1.1149,-1.2785,-1.4875,-1.1917,0.45649,-0.0015635,1.2375,-1.6887,0.36011,-0.42306,-2.3568,-0.91885,1.0485,1.3507,1.8848,1.2548,-0.32166,-0.14048,1.0136,-0.75574,-1.6115,0.84426,1.6587,0.69993,-0.67927,1.7876,1.0048,1.109,0.14617,0.96818,1.6908,1.5541,-0.57718,-0.070955,-0.60719,0.099533,1.0825,-0.38673,1.627,0.41058,-0.072489,0.26582,-0.88435,1.096,0.76225,-0.062258,-0.71379,0.56531,-0.2603,-0.33617,1.0023,-0.54404,2.0042,0.93328,-1.4651,1.6467
-0.33486,-1.0716,-0.83105,-0.3301,-0.54438,-0.2406,1.6578,-0.098998,0.18962,-0.65959,-0.48048,0.51529,-0.65008,-0.2701,-1.3629,-0.92471,1.002,0.5477,-0.004968,-0.394,0.14204,0.34357,1.0886,0.81915,-0.16201,-0.08349,-0.64107,2.0308,-0.61223,0.36208,-0.91278,1.437,0.92188,1.586,0.43863,-1.1932,1.1622,-0.13071,-0.15626,-1.1613,-0.12121,1.8352,-0.36378,0.047499,1.198,0.22816,-0.43891,1.5896,0.45867,0.90808,-0.070455,0.19198,1.3095,0.26032,-0.98114,1.955,-0.30681,0.27986,-1.0921,0.96409,-1.095,0.016768,-0.83259,0.11568
1.1148,-1.0089,-0.014511,0.31344,0.81964,-1.0415,-0.81162,0.40462,-0.401,0.61618,-0.49916,-0.71264,-0.52287,-0.64039,-1.4921,1.3471,-0.65913,0.70948,0.69722,1.1331,-0.28504,-1.0094,-0.64753,-0.60811,-0.078789,-0.8087,-1.0821,-0.75574,0.0027822,0.73996,-0.34897,-0.52422,-1.0582,-0.93449,0.84739,0.93817,0.59095,-1.3287,0.78533,-0.62975,-0.1161,0.45628,-0.30537,-1.4106,-0.74572,-0.19712,0.6147,0.38245,-0.23805,-0.92847,-0.26378,-1.3738,-0.030246,-1.8006,-0.34802,-0.58264,-0.56531,-1.0324,-0.39226,-0.40142,0.46885,-0.30781,-0.351,-1.4567
0.54457,-0.32026,0.57638,-1.2822,-0.46505,-0.0061003,1.6174,-1.2575,1.0375,-1.0942,-0.42334,0.47034,-0.26361,0.89724,0.48613,0.48962,1.9647,-0.30924,0.84294,0.33052,2.0045,-0.28032,-0.22224,-0.51022,-1.271,0.046379,-0.44322,0.61474,1.0579,-1.0955,-0.5698,0.48176,0.29369,-0.35027,-0.75742,-1.2189,1.054,-1.011,0.51222,0.49284,0.078494,-0.99618,-1.0188,-0.325,0.0085318,-1.4848,1.045,-0.55558,1.2557,1.5085,-0.045189,-0.78174,0.13815,1.4062,-0.82727,0.58915,-1.0445,0.57178,-0.38879,1.02,-1.0679,2.1031,1.3375,1.4259
0.0034293,1.6381,1.1969,-0.14387,-0.9192,1.396,-0.81162,-0.13529,0.20664,0.023486,-0.016301,1.3619,1.0199,0.55786,1.2538,0.26462,0.079557,-1.0453,-0.16423,-0.42076,-0.19662,-1.7956,-0.53569,-0.23848,0.77794,2.2162,-0.25642,0.55864,1.3321,0.20627,0.57846,-0.85749,1.4825,-0.55504,0.24414,-0.8473,0.37269,-1.0075,0.51451,1.3576,0.73035,-1.5914,-0.081349,-0.15094,0.74386,-0.9,0.11603,-0.74197,-1.4636,0.91951,-1.0786,0.22532,0.83541,-0.11841,-0.29926,-0.099948,0.2617,0.40525,-1.0921,-1.8435,0.062995,-0.35759,0.57607,-0.56361
0.4221,0.27656,1.648,1.7667,-0.75263,-0.95683,-0.025742,-0.44009,1.6256,1.8966,0.76511,0.56006,1.1508,-0.16536,0.27089,0.60887,-1.3578,-1.8522,0.64826,0.31265,-0.27506,0.31126,0.63471,-1.2349,1.1596,-0.52136,0.57162,0.57447,-0.28623,-1.6008,-0.4427,-1.5423,-1.4598,-0.32788,-0.44926,0.23147,0.44272,0.15145,-0.00090127,0.14338,-1.6661,0.13823,-0.17073,0.99588,-0.81804,1.4591,0.24167,-0.30239,-0.98711,-1.5185,2.2128,0.35014,-1.004,-0.35739,1.4202,-0.69576,1.1016,-1.9514,-1.0921,1.2696,0.041075,-0.77354,0.63391,-0.20848
1.1972,0.099756,0.85754,-1.2705,-0.36238,-0.20361,-0.9972,-0.14514,0.22615,-0.57465,-0.75978,1.1217,0.33404,0.15316,-1.4438,1.8469,-0.30571,0.29045,2.3059,0.15118,-0.36639,-0.80987,1.8508,0.79344,0.83408,-0.7175,-1.4514,-0.8635,-0.7717,0.26615,1.3449,0.54219,-0.84625,1.1874,-1.662,-1.4425,1.1308,-0.24454,0.29545,-1.2975,0.83442,1.9377,-1.4448,-0.14006,0.14785,0.21229,-0.82676,0.31138,-1.7773,-1.1486,-0.90306,-0.83348,-0.23639,-0.065927,-1.2765,-0.4872,-0.47154,0.95004,1.6275,0.32188,-1.5499,0.15068,-0.37699,0.14971
1.3851,-0.85255,-1.3189,0.66212,-0.62641,-0.64898,0.17529,0.86963,-0.0682,-0.97379,-0.42862,-0.45936,-0.29026,-0.34819,-0.93697,0.72426,0.6787,-0.5133,-0.077556,1.4854,0.31381,-1.1564,-1.4597,1.5328,0.83126,-0.80897,-0.90096,0.75116,-0.082353,1.6539,-0.36383,-0.19952,1.7932,1.3577,-0.093447,0.7724,-0.39734,-1.0912,-0.84887,-0.95729,0.082618,0.80528,-0.32726,0.32417,-1.5713,1.4378,-0.49446,1.0782,-0.085529,0.3734,-0.0097327,0.31885,-0.71189,-1.1738,-0.97612,0.42143,0.29561,-0.81732,-0.8733,-0.48813,-0.68241,-0.82171,-1.1681,-0.33197
1.0347,0.95286,-0.98042,-0.37344,1.0331,-1.2875,1.7306,-1.4531,-0.081706,-1.4308,-1.6697,-0.85626,2.1184,-0.28738,-0.6288,-0.3228,-0.22312,-1.8535,0.57159,1.7127,0.5629,0.040872,0.25942,0.79854,-1.2879,0.44,-0.57587,-0.8671,-1.1512,0.55081,0.1662,-0.61092,0.46287,0.86571,-0.99965,0.094439,1.6194,0.36215,-0.89563,-0.71529,1.4138,0.65635,0.18881,-0.43018,-0.13833,-0.48169,-0.62862,1.8729,-0.88525,0.2965,-0.7431,0.51379,2.13,-1.1143,-0.53322,1.5024,-0.94667,0.83823,-0.37509,0.87138,-0.002721,0.72744,-0.38357,-0.51184
-0.42968,-0.040943,0.52102,0.38308,-0.54943,1.2408,-0.9972,0.89474,1.3238,-0.43759,0.52422,-0.9394,-0.85165,0.58632,-0.3034,-1.4059,1.6517,0.18367,-0.076744,-0.35994,0.04264,1.6952,0.22763,0.58299,1.3768,1.5788,0.23329,-0.6442,-1.2115,0.0016327,0.093957,-0.36292,1.0965,0.47259,-0.0057637,-0.845,-1.4317,-0.05259,-0.010602,-0.4976,-0.53384,-0.18495,0.98493,-0.16366,-1.057,1.2599,-0.70919,-1.4686,1.5655,0.73331,0.907,-0.88874,0.46482,-1.2712,1.397,0.033808,-0.06014,-0.34895,0.61194,0.5664,-0.076777,0.5853,1.3939,-0.83595
0.12711,0.56716,-0.29307,-1.3949,0.90071,-0.077778,0.97618,-0.34581,1.2932,-0.47437,1.3701,-0.12892,-0.76474,0.97411,0.34679,-0.16583,-0.57284,-0.092432,-0.48612,-0.1233,1.9675,0.28698,0.53499,-0.1415,-1.4724,0.65806,0.22944,1.0092,-0.32872,0.11867,1.0887,0.069396,-0.16185,-0.22157,0.28488,-0.89692,0.65841,-0.66095,-0.12807,0.086926,1.4128,-0.29641,-1.434,0.50783,-0.27113,-0.99838,-0.21069,-0.64027,-0.68568,-0.92849,0.5263,-0.37303,0.96712,0.25063,-1.0381,-0.10161,-0.61686,0.78428,-0.36872,0.75992,0.019092,0.86677,0.3214,-0.64415
-1.2391,0.42838,0.57408,0.90709,1.3693,1.937,-0.62505,1.016,0.26179,1.3019,0.77672,0.1604,-0.82053,1.1814,1.0267,-0.76705,0.072352,0.13219,-0.94514,-0.90263,0.54462,-0.18897,0.21183,-1.0779,0.69329,-0.20209,0.043672,0.41006,-0.01329,-2.1556,-2.0745,2.0168,-0.31409,-0.78523,1.5701,-0.05896,-0.38178,2.2394,-0.81324,0.065781,-0.73207,-1.5496,0.25773,-0.15368,1.3206,0.30583,-0.70035,-0.61887,0.051488,1.3949,1.8277,-0.76492,-0.71189,0.77642,0.66175,0.62899,1.7146,1.1464,1.5056,1.42,-0.58434,1.4946,1.581,-0.68531
-1.1692,-2.2587,1.7426,-0.75895,0.52296,-0.31297,0.95125,-1.0926,-1.2365,1.3162,1.1186,-0.62019,0.67068,-0.97183,1.2165,-0.62762,0.91957,-0.52649,-0.78848,-1.2016,-0.7111,1.4493,0.051318,-1.508,-0.32846,-0.63459,2.0158,-0.40685,1.2869,-0.44756,-0.66882,-0.70849,0.1995,-1.2346,1.026,1.1603,-0.91262,-0.5603,-0.78194,1.859,-0.69368,-0.56043,0.99554,-2.0494,-0.49836,-1.0262,2.1476,-0.53082,0.51808,-0.56247,0.37261,2.1631,-0.71189,0.33011,0.62922,-1.7661,-1.4125,-1.7998,-0.8733,-1.0991,2.0885,-0.49768,0.40364,-0.47779
-0.63209,0.28999,-0.89217,0.36874,-1.6588,-0.69425,-0.61237,-0.85471,-1.7074,0.73696,-0.3932,2.0868,0.43633,-1.9304,1.2655,-0.23935,-0.39504,0.46561,-0.73444,-0.64922,-1.226,-0.8097,-0.29698,-0.25897,-0.53949,1.1117,0.7006,-1.1058,0.77549,-0.11573,0.22877,0.70101,-1.1387,-0.47775,0.49836,-0.31534,-0.61082,0.65581,1.7241,0.96595,-1.344,-0.43617,-0.44183,0.35745,1.3244,0.55987,0.79845,0.023778,0.73607,1.0994,-1.2096,0.53945,-0.47802,0.67929,0.0089563,-1.0579,0.32826,-0.65294,-0.38131,-1.2438,0.63079,-1.4248,-1.0709,2.004
-0.27393,0.81403,-0.21067,1.4767,-0.62903,0.047257,-0.60155,1.111,-0.011062,0.53605,-0.53846,-0.36486,-0.83232,0.6428,-0.54248,0.95734,-1.8256,1.9138,0.23094,-0.11258,-1.128,-0.50738,-1.3794,-0.72135,-0.10723,-1.4255,-0.29458,1.717,1.4964,0.12772,0.18459,-1.4476,-1.0911,-1.1643,-0.61846,1.5316,0.32577,-0.64786,1.4588,0.48998,-0.44004,-0.37176,1.2209,1.7476,0.74332,-1.2694,0.62406,-0.027616,0.56265,-1.258,-0.76817,-0.67499,-0.71189,1.5888,1.1271,0.8261,1.1692,-0.099969,-0.8733,-1.1086,0.15779,-1.0805,-0.70031,1.3333
1.6993,-1.8095,0.51598,-0.56412,2.423,0.19119,-0.3197,1.6099,-0.2735,0.4387,-0.44552,-1.7239,-1.3439,-0.13657,-2.0536,1.927,-0.44801,0.90292,1.6593,1.8436,-1.1199,0.24855,0.1193,0.77516,-1.232,0.25139,-1.3736,0.24877,-0.4625,1.5915,-0.39918,0.22801,1.06,0.51795,-1.6922,2.5215,0.22777,-1.2787,-0.2365,-1.4449,0.2098,1.8387,0.90264,-0.53554,-0.69906,1.0387,-1.4669,1.3418,2.0237,-0.59293,-0.64591,-1.8374,-1.8756,0.15083,-0.17534,-1.5202,-1.5121,1.3836,-0.59598,-1.1241,-1.0201,0.91264,-0.75445,-0.84903
1.2383,-0.88681,-0.65116,0.46352,0.40471,1.4563,2.326,0.34865,-1.9268,-0.91528,-0.18818,-0.68336,-0.71202,-0.95608,-0.47547,1.227,-0.25068,0.94826,0.95818,1.0181,-0.079036,-0.34397,-0.021213,0.51057,-0.99596,1.2938,-0.95294,-0.38089,-1.6337,1.1171,1.2605,-0.30435,0.53313,-0.065339,-0.86207,0.30747,-0.39859,0.20985,-0.39081,-0.21504,-0.95967,0.5751,1.1485,0.27376,-0.94585,-0.096215,-1.2515,0.13818,0.23628,-0.89216,-0.83702,-1.2616,-1.0467,1.2393,1.4658,-0.94992,-0.8625,0.28498,2.1067,-1.4112,0.42465,2.1043,0.59174,-0.9797
0.28243,0.29848,-1.042,0.83384,0.15456,0.95244,0.43535,0.2614,0.13859,0.51315,1.088,0.10717,-1.0656,-0.70781,-0.42623,-0.0987,-0.20019,0.62835,0.020776,0.61645,0.83374,0.29111,0.20429,-0.68255,0.70035,0.29528,-0.52761,-0.078727,0.33033,0.02548,-0.052461,0.14612,0.96512,-0.086682,-0.09122,-0.072876,-0.28697,-0.15248,0.67922,-0.68804,-0.55661,-0.19301,0.75582,2.3445,-0.10532,0.88493,-1.1183,0.70721,-0.093719,0.64846,-0.82482,-0.70498,0.56083,1.7728,0.70386,0.0071784,-0.10915,-1.2574,0.31536,0.059806,0.089397,0.22163,-0.383,0.0011328
-0.34891,-0.088726,-0.31856,0.2276,-0.49741,-1.5597,-0.72981,0.41562,-0.91475,1.6083,1.5845,1.0663,-0.026352,0.39529,0.92873,-0.50139,1.1621,0.19816,-0.57045,0.17991,-1.6961,-0.0083033,-0.88644,-1.3694,0.39435,-0.81592,1.4857,-0.95558,-0.35023,-0.87854,-0.87727,-0.85148,1.3342,-0.53997,1.6317,-0.74164,-0.68351,-0.79642,-0.64088,1.743,-1.4501,-1.4333,0.98341,-0.70287,-0.78352,-0.77916,0.65753,-1.3567,-0.054757,-1.314,2.2893,0.61763,-0.29095,-0.28405,1.0103,0.73978,1.0486,-1.0849,-0.59598,-0.52828,2.3081,-0.75124,-0.019132,-0.53702
-0.31835,0.43637,0.56527,1.7249,-0.20498,-0.85768,0.069189,-0.30203,-0.039809,0.40948,-0.64714,-0.089448,0.033643,-0.42463,1.4646,-0.45053,-0.0097658,0.32011,-0.10752,-0.55926,0.014338,-0.99086,-0.725,0.32618,1.0818,-0.44103,0.51704,-0.93546,1.9503,-0.73231,-0.46787,-0.97394,-1.1293,-0.43577,0.46144,-0.59318,1.0719,-0.45946,1.2293,0.32293,-0.11719,-0.70218,-0.22086,-0.82357,0.35208,1.2949,0.64037,-1.1962,-0.24381,-0.22352,0.73819,0.63771,0.037162,-0.54466,0.63712,-0.40117,1.414,0.16394,-0.59598,-0.06044,-0.3431,-1.055,1.0825,0.85019
0.047593,0.49871,-1.0354,0.47368,-1.0752,-0.78624,0.051474,1.0009,0.89446,-1.9247,-1.8199,-0.67256,0.38854,-0.95405,0.4459,-0.12207,0.82483,0.63586,0.36426,-0.49813,1.2177,0.17775,-0.044569,0.49617,-1.2364,0.96558,-0.41098,-0.075925,-0.67209,0.22068,0.41377,-1.0228,-0.64428,0.17329,-0.8932,-0.60127,-1.3129,0.71915,1.6761,-0.37181,1.6446,0.34959,-0.18257,-0.35799,-0.80103,0.55289,0.64455,0.09076,0.020505,0.1708,-0.51846,0.50316,0.050983,-1.2598,-0.28988,-0.33276,0.58708,1.3076,-0.59598,0.9973,-0.8825,-0.41757,0.024148,1.9529
-0.081195,-0.79692,-0.4822,-1.3916,-0.35657,-0.58003,0.0029355,-1.4559,-0.12983,-0.36271,0.037553,0.84154,0.013488,-0.42125,0.28294,-0.033765,0.81454,-0.76481,0.032827,-0.40199,0.18855,-0.31417,-0.14205,1.2213,-0.58546,-1.3917,-0.2591,1.805,-0.21489,0.38161,0.57234,0.10908,-0.13523,-0.0069148,0.45645,-0.36932,-1.0714,-0.34128,-0.93164,0.20977,-0.28438,0.34507,-0.97614,-0.62885,0.49376,-0.43741,0.12451,-0.3088,-0.73677,1.4854,-0.13838,0.52085,0.71398,-1.0026,-1.1135,1.9467,-1.1376,-0.17125,1.1539,0.24499,-0.52591,-0.76558,1.6717,0.54621
-1.043,1.1022,2.0906,-0.987,-0.49214,0.35532,-0.72635,-1.1241,1.0873,-0.09419,-0.16736,1.4653,0.75586,1.6559,0.10956,-0.52391,0.32059,-0.86669,-1.9132,-1.1799,1.17,-1.2881,-0.90919,-1.6725,1.0919,-1.1819,0.033188,1.3408,0.64844,-0.079475,1.3016,2.2121,-0.67228,-1.6638,0.57819,-0.082022,1.55,-0.093813,-1.3136,1.2143,1.3388,-1.1511,-1.6452,0.63526,2.2153,-1.6329,1.195,-0.74127,0.55811,-0.6807,0.21979,0.93618,1.5423,-0.43995,-1.3062,0.10104,0.45409,0.48788,-0.59598,1.8449,0.34156,0.20778,-0.59834,-1.0886
-1.4762,1.2462,0.35739,-0.78084,-0.35591,0.82846,-1.1091,-0.75455,1.1643,0.32728,0.55804,-0.31108,1.9563,1.5492,-0.27647,-1.4236,-2.2134,-2.0021,-0.44418,-1.0187,-0.52927,2.228,2.4049,0.39506,0.78134,1.0245,1.4883,-0.96799,0.40436,-1.6461,-1.7515,0.45721,-1.3114,2.1072,0.4109,-0.36861,0.90364,2.1931,-0.071243,-0.77025,0.17474,0.37112,-0.76563,-0.20474,0.27368,-0.82572,0.57468,1.325,-1.7096,1.3987,-0.28267,0.58845,0.30799,0.36819,-0.93202,0.40937,0.11758,-1.1145,-0.59598,-0.023045,-0.39213,-0.457,-1.6151,0.10392
0.21662,-0.30557,-0.85597,-1.3275,-1.5876,-0.49979,0.35243,-0.55309,-0.84782,-1.2331,-0.096798,0.099694,-0.046112,-0.86773,0.6983,0.10482,-0.27519,-0.85059,0.031075,0.76411,-1.1758,2.0397,1.1383,0.76727,-0.30455,0.3969,-0.39747,-0.94974,-0.63788,0.42304,1.0975,-1.335,-0.6356,1.0391,-0.63425,-0.8493,-0.45992,-1.2611,0.13257,-0.054612,-0.65506,0.85529,-0.38553,-0.56691,0.28067,2.098,-0.50269,1.264,0.4926,-1.0038,-0.64352,-1.3971,-0.75664,-0.75439,-1.0833,-0.023621,-1.2861,0.38364,-0.75984,-0.29916,-0.56661,-0.9443,1.1323,0.66057
0.69005,-1.1112,-0.93646,-0.7313,-0.34847,-0.74141,-0.6698,-0.99259,-0.34992,-0.11031,-0.83221,-0.35279,1.9105,-0.47389,-0.81549,-0.016553,-0.29202,-0.6397,1.0399,1.6425,1.5941,0.12925,0.93947,1.5951,-1.1758,0.040934,-0.69611,-0.94974,-0.37608,0.078985,-0.70029,-1.1683,-0.73872,1.4496,-1.0014,-0.65542,0.7235,0.50923,-1.0991,-1.2109,-1.2851,1.0424,-0.25248,-0.30299,-0.21451,-0.45872,-0.063315,1.2436,0.38998,-0.92115,-0.39784,0.53277,0.81425,-0.27339,-1.1844,1.1729,-1.5788,-0.46905,-0.75984,0.74395,-1.488,0.21697,0.9695,-0.23802
0.62944,-0.90158,2.0625,-0.047108,-1.2677,-1.1653,-0.6698,-0.66584,1.1281,-1.4496,0.58986,0.57453,0.41976,0.23618,-0.57773,0.32003,-0.47105,-0.52291,0.95488,-0.076508,0.86093,0.45417,1.0146,0.69958,-0.90572,0.55582,-0.25658,-0.94974,-1.5871,0.45583,0.28236,0.8355,-0.089712,0.88953,-0.68097,-1.5121,0.10863,-0.63491,0.28801,-0.32803,-0.68677,0.53585,-0.82462,-0.97289,-0.2663,1.1298,-0.34905,-0.28311,-0.78199,0.64205,-1.4644,0.076491,1.5107,-0.39306,-0.64461,1.8373,-0.5201,0.019481,-0.32809,0.77642,-0.77444,0.5407,0.98123,-0.49777
-2.3564,1.9684,0.65295,2.0006,1.4406,1.7761,0.35796,1.5438,0.95575,1.4333,0.79714,0.87044,1.1031,2.165,1.5104,-1.824,1.9372,1.379,-2.1654,-1.491,0.77502,-1.1062,-1.3942,-1.653,0.89416,-0.70339,1.5864,0.29731,1.8169,-2.0502,-1.0513,1.1447,-0.38045,-1.3173,0.62992,1.4606,-0.14913,0.85321,2.1796,2.0588,1.4174,-2.1784,1.0369,0.96814,-0.24553,0.15397,2.3408,-1.5429,1.0015,1.5956,1.6888,-0.2696,-0.75664,0.75867,1.5888,0.081927,1.159,1.0878,-0.75984,-0.25647,1.5294,0.65422,-0.80491,1.7494
0.78327,0.636,-1.1621,0.39189,0.41096,1.058,-0.6698,1.4666,0.7042,-0.13891,-0.51042,-0.41012,-0.89978,0.41972,-0.78028,1.3756,0.79886,0.64077,0.70578,0.027952,-0.11335,-0.63764,-0.69709,-1.0255,0.86937,-0.67459,-0.85984,1.5213,0.93433,-0.33437,-0.81633,-0.023546,-0.94914,-1.2848,-0.69897,1.0092,-1.0615,0.0096991,0.37724,-0.64687,0.9406,-0.23283,-0.23407,0.5485,-1.3206,-0.24087,-1.1603,-1.1747,1.6514,0.98291,-0.29874,1.9466,-0.75664,1.1568,0.47416,-1.3003,1.0424,1.5392,1.8471,-1.0278,-0.044024,-0.71479,-1.4199,0.51183
-0.79925,0.8434,0.10155,0.63646,0.12357,0.48154,2.3251,0.58577,-0.66107,0.56511,1.0069,1.5203,-0.031671,0.090314,0.036555,-1.0809,0.81924,-0.79839,-0.75698,-0.31471,0.39253,0.79094,-1.438,-0.20567,-0.91748,-0.99924,0.44037,-0.22295,0.30869,-0.55554,-1.1841,0.78819,0.37785,-0.42181,1.1948,1.1076,0.2671,1.2238,0.045828,0.67662,0.9008,-0.77306,2.0295,0.38235,0.49745,-0.37372,0.67056,-0.49162,-0.74915,0.45906,0.91038,0.78059,1.4804,0.78017,1.4412,-0.26263,0.9576,-0.20842,0.51809,0.83895,0.1022,-0.09076,-0.48058,0.10702
0.11012,0.094614,0.47825,-0.087304,0.050219,0.33357,0.31348,0.23796,1.2494,0.1598,-0.60738,-0.71222,-0.67867,-0.24135,-1.506,1.0999,-0.97934,1.7769,-0.15295,-0.91212,-0.13752,-0.75569,-0.079438,0.48134,1.6326,-0.88678,-1.5323,1.4364,-0.46087,1.6103,1.571,-0.2682,-0.60892,-0.64738,-1.0925,-0.32423,-0.25282,1.2352,-0.32144,-1.0445,0.6234,0.43679,-1.1388,1.8529,-1.3297,-1.0315,-0.4901,0.028985,-0.72221,-0.26957,1.0559,-0.33454,-0.022181,1.218,-0.40492,-0.9975,0.45698,-1.0286,1.338,-0.82454,-0.69881,-0.59519,-0.96928,0.3054
0.37095,-0.8469,-0.34722,0.20767,1.2195,-1.0975,-0.6698,-0.72454,-1.3191,1.2946,1.3449,-1.919,-0.66009,-1.424,0.31359,-0.36951,-0.31393,-0.46554,-0.11399,1.0439,-1.3603,-0.026354,-0.020114,-0.55545,0.51835,2.1887,0.9631,-0.70851,0.4759,-0.21455,0.038174,1.0502,2.1864,0.115,1.2359,0.042113,2.0898,-0.71926,-0.3491,0.093213,-1.1597,-0.20159,-0.63273,-0.94026,0.74789,-0.56359,-0.16654,0.080491,0.1833,-1.3881,-0.28998,-1.0445,-0.75664,-1.036,-0.077459,0.16867,-0.12741,-1.6872,-0.33569,1.4816,0.70261,2.0528,0.93047,-1.7769
0.35518,-0.37715,0.0065075,-1.0435,-0.041137,-0.1452,-0.6698,-0.89807,-0.85951,-0.52098,-1.692,0.32923,-1.1171,0.095751,1.1206,0.39061,-1.2237,-0.51959,0.45765,-0.68411,-0.8356,-0.88825,0.53641,-0.10363,-0.61095,0.081635,0.75245,0.52568,-0.47389,0.58653,0.76299,-1.0236,0.83828,0.17798,1.0475,-0.27841,-1.2656,-1.2159,-1.2536,0.4563,-0.09561,0.51557,0.40186,-0.96884,1.8507,-0.71325,-0.2794,0.87524,-1.4654,-0.096968,-0.5606,-0.2907,-0.75664,-1.4568,-0.10947,-0.67675,-0.10357,0.36323,-0.75984,-1.4329,1.2376,-1.1196,-0.33881,-0.82148
0.97937,-1.1323,-1.0972,-0.16699,1.0275,-0.48408,-0.79659,-1.3926,-1.0572,1.9933,-1.1361,-0.20418,-1.6358,-1.4237,-0.88262,0.72549,-0.8019,0.38729,1.4785,0.38928,-1.0941,-1.1323,0.50916,1.7111,-0.78737,-0.69784,-0.94954,1.7004,0.72029,1.1373,1.0079,-1.1308,0.68216,1.6393,-0.7279,1.7154,1.0864,-0.36763,-0.074965,-0.48962,-0.93243,0.89117,-0.49988,-0.80119,-0.66107,-1.2581,-0.5977,0.044561,-0.68855,-1.4652,0.90455,-0.65032,-0.3845,-0.90312,-0.07821,-0.84663,-0.63708,0.6172,-0.63234,-0.55716,-0.094853,-1.0942,-0.53126,-1.5541
1.0993,0.98647,-1.5897,0.62637,-1.256,-0.14172,0.94211,-0.11627,-0.76334,-0.3213,-0.062914,1.8192,-0.10596,-0.23066,-1.0839,1.0074,-1.3191,-0.50245,0.65827,1.2256,-1.0958,-0.93302,-0.053601,0.2391,-0.050005,-0.53463,-0.96526,-0.25154,0.81806,1.0386,0.87135,-0.1605,-0.52317,-0.24134,-1.1007,-0.915,-0.44293,-0.50333,-0.78559,-1.0681,0.14131,1.0218,-1.243,0.98961,-0.088121,-0.91624,-1.517,0.8139,0.51541,-1.4508,1.588,0.58946,-0.021779,-1.6628,-1.4388,1.1705,0.66501,1.074,-0.63234,-0.71722,-1.6339,-1.1353,-0.86434,-0.71001
0.20566,-0.10181,-0.97881,-0.20608,-1.875,-0.94901,0.33001,-1.155,-0.087162,0.31681,-0.57993,0.7259,-0.24565,0.50059,-0.32951,0.94662,-1.019,-1.7165,-0.040642,0.84102,-0.61685,1.6997,2.2838,0.30998,-0.82791,1.3722,-0.40696,-1.066,-1.7352,0.22543,0.53303,0.96561,-0.33474,0.7363,-0.94039,-1.7741,-1.1556,0.43877,-1.8572,-1.1204,-1.4698,1.2462,-1.109,-1.4976,-2.0393,-0.31944,-1.4837,1.6804,-0.90249,1.6848,1.0441,0.36147,-0.19934,-0.2033,-0.9379,0.5161,-0.0219,-1.5896,-0.34304,-0.8549,-0.86539,-0.50247,0.16386,0.70436
0.97174,-0.38593,0.73804,-0.08103,0.45801,-0.18877,-0.083887,-0.71003,0.61213,-1.1932,-1.1853,-1.2,0.12385,0.54257,-1.3533,1.2072,-0.48379,0.66384,0.20703,1.3263,-0.12584,-0.27622,-0.088825,0.36665,-0.27843,0.38882,-1.0037,-1.0664,-0.47192,0.75685,0.25546,-0.0062102,-0.8117,0.11519,-1.0925,0.22552,-0.81515,-0.22175,-0.019918,-1.1216,-0.018476,0.8513,-0.7897,0.15772,-0.69688,0.80812,-0.065845,0.85761,-0.96716,0.32046,-1.2358,-0.63756,0.88899,-0.88933,-0.40537,0.78952,-0.16192,-1.4016,-0.054305,-1.466,-0.8905,-0.30349,-0.83037,-0.24532
-0.52876,0.7892,0.87229,0.63493,0.32802,0.52414,0.85639,1.3912,-0.94482,0.36919,-0.54387,-1.4405,1.0311,-0.79071,-0.3166,-0.21151,1.3361,1.6256,-1.3324,-0.9901,1.5523,-0.47445,-0.97427,-0.37202,0.33075,-1.645,-0.19836,0.82081,-1.0621,0.30266,0.18808,0.37626,-1.058,-1.4478,-0.14431,0.70762,-0.26609,0.60285,1.2313,-0.14707,0.90137,-0.62247,0.2395,1.6518,0.56966,0.2458,0.86631,-0.087691,-0.57853,0.19741,-0.627,-0.76939,0.70724,1.2587,1.6823,-1.4127,0.82269,-0.11398,-0.63234,1.3654,0.022073,1.4715,-1.1639,1.4295
-1.9156,0.43599,0.59888,0.98404,-0.090913,2.111,1.3767,0.71783,0.87308,-0.028399,1.8806,0.54155,1.3894,0.54097,0.97421,-1.5424,1.4337,0.21995,-1.559,-1.2898,1.3203,1.5489,-0.25418,-1.5263,1.4672,-0.76754,2.0347,-0.33541,-0.54866,-1.5348,-2.0779,0.38155,0.31233,-1.0087,1.178,-0.10813,-0.26895,2.3044,-0.40275,0.99103,-0.77867,-1.2034,1.1091,-0.48593,0.60915,0.73888,0.87647,-0.23395,-0.46528,0.49896,-0.24463,1.8807,1.2236,1.1761,1.3496,0.98962,1.0286,0.3723,0.48865,1.3573,0.72956,1.4358,-0.47275,-1.0671
0.35613,-1.1717,-0.30487,-0.7473,0.065844,-0.40118,-1.4195,0.23287,-0.80707,-1.1303,0.8664,-0.0072907,-0.83317,-0.91197,0.84333,-0.66741,0.29487,-0.77682,0.54332,-0.11171,-0.76806,-0.46801,-0.43091,0.88691,-0.50159,0.72109,0.58514,0.45242,1.2869,0.25086,0.51996,-0.95562,2.2526,0.41266,0.80368,-0.26541,0.44856,-0.7776,-0.090335,0.64553,0.31315,-0.49513,-0.16775,-0.86649,0.24233,1.8723,0.52591,-0.94557,0.41886,-0.058704,-0.21035,-0.9878,-1.1272,0.60343,0.11236,0.2279,-1.0002,1.0376,-0.34526,0.0025586,1.4864,-0.71984,1.412,0.4355
-0.37446,-0.9811,0.8455,-2.1119,1.2279,-1.1857,-1.3069,-0.24941,0.2976,-0.70465,0.16678,-0.49543,-0.73118,-0.12684,1.2115,-0.44773,-0.081291,0.72455,0.6683,-0.33698,0.1686,-0.12083,0.14601,-0.47241,-1.0712,1.1739,0.27386,0.80793,0.51198,-0.83898,-0.19624,-1.2222,-0.43896,0.73214,0.8148,0.62735,1.9875,-0.77395,1.3479,1.0632,1.8528,-0.41113,1.1669,0.55376,0.91785,-0.47463,1.126,-0.53893,0.55113,-0.35248,-1.243,-0.77786,-1.8011,0.48783,-0.43807,-1.4127,-1.7878,0.61276,2.4912,0.11099,0.2626,0.60369,1.3274,1.0716
-0.79339,1.5611,0.91587,1.068,0.11458,0.71532,0.10169,1.2814,1.8768,0.69857,0.59424,0.26087,1.0074,1.8998,0.93693,-1.0176,0.64049,-0.62541,-0.62334,-1.0536,0.65935,0.15629,-1.1372,-1.1431,1.7185,-0.01103,0.63016,-1.0623,0.48063,-1.3379,-1.1016,1.7519,-0.080498,-0.93772,1.2093,-0.21318,-0.57368,-0.70176,0.65159,1.2471,-0.0092619,-1.2783,1.2938,0.29838,1.1464,-0.6967,0.2695,-1.5904,2.1166,0.62554,0.0241,0.99129,0.71404,0.13242,0.15416,-0.021586,1.0926,-0.6087,-0.34023,0.75909,0.98407,0.2444,0.95929,-0.064451
0.58868,-0.14406,-0.0095881,-0.22177,0.81885,1.7085,0,1.1336,0.17899,-0.34731,-0.67994,-1.3085,-0.19604,-0.61239,-1.2154,-0.057909,0.2435,-0.4931,-0.7697,1.1204,-0.33333,-1.4379,0.14151,0.84806,-0.64091,-0.33599,0.35087,0.098888,-1.1895,1.051,-0.11827,0.37914,-0.67149,0.07676,-0.77036,0.51283,-1.2392,0.35097,0.78217,-0.75131,0.723,1.1242,0.11385,-0.4089,-1.8256,0.52504,-0.080453,0.72637,-0.71902,0.073409,0.58313,-1.1823,-0.4735,0.61021,0.95748,1.11,0.014424,0.33081,0.051349,0.64551,-0.54263,-0.15703,-0.81386,-0.069103
0.88976,-0.92383,-1.1701,-1.3035,0.37006,-0.62584,0,0.81364,-0.32324,-0.089617,0.18961,-0.4097,-0.1559,-0.7554,-1.2124,-0.6442,0.043072,0.65437,-0.69946,1.0915,2.6667,1.2613,0.10861,0.56613,-0.64091,0.97726,-0.90817,-1.0821,-0.9649,0.5792,-0.54624,0.91328,-0.53748,1.305,-1.0799,0.47318,-0.35274,1.3105,-0.1908,-1.1096,0.47119,1.0702,1.0073,-0.32866,0.78202,0.43302,0.22811,1.4454,-0.11621,0.99345,-1.0914,-0.83089,-0.4735,1.3469,0.67739,-0.4565,-0.51846,1.0368,0.92082,1.2292,-0.79145,1.4168,-0.81317,-0.52436
0.84205,-0.092396,1.0755,-0.85715,0.44254,0.20854,0,-0.012629,0.6463,0.12864,-0.39037,0.30596,-0.42061,-0.11482,-0.83819,-0.20922,0.33328,-0.545,1.2572,0.063875,-0.33333,0.69809,1.5081,1.1637,0.12283,0.23748,-1.0485,-0.69413,-0.89968,0.54617,-0.62613,1.5877,-0.62532,1.1564,-1.1158,0.083597,1.0882,-1.1477,-0.11221,-0.73551,-0.15579,0.84948,-0.38936,-0.47765,1.4224,-1.2433,-0.70345,0.47069,-0.50873,-0.14175,1.0303,0.71513,2.342,-0.63765,-0.54166,1.199,-0.93441,0.26247,-1.6861,0.1664,-0.46324,1.8701,-0.56946,1.0888
0.66224,-1.1075,-0.46449,0.54967,0.9165,1.1924,0,1.2788,0.63915,0.85921,-1.0817,0.5191,-1.0888,-0.69024,0.062415,0.98643,-0.78383,-0.9563,-0.26786,-0.019911,-0.33333,0.015809,-1.1928,-0.044534,1.2629,-0.62819,-1.0314,-0.69524,1.1355,0.62428,1.4181,-0.063269,-1.0853,-0.18843,-0.39926,1.087,-0.078829,-2.0195,-0.3471,-0.27394,-0.98164,-0.10397,1.748,-1.0106,0.47369,-1.4397,0.76699,-0.064989,-0.93203,1.2935,0.93696,-0.5312,-0.4735,-0.99243,1.2242,0.20765,0.32186,-1.1281,0.016384,0.7518,-0.74991,0.23651,-0.57218,0.72737
0.55973,-0.71368,0.38509,-1.4822,1.2366,0.15599,0,0.087013,1.6953,1.0869,-0.64005,-0.67298,-1.2395,-1.17,-0.43463,-0.26777,-1.1318,-0.81482,-0.068701,0.90169,-0.33333,-0.86878,0.51922,0.84296,-0.64091,-0.24558,1.5045,-0.29362,0.17389,0.7426,0.080964,-0.44835,1.9197,0.51632,-0.19126,0.86152,1.7171,0.20119,0.41376,-0.28953,-0.26289,0.27932,-0.091178,-0.70441,0.4356,0.72399,0.11005,0.54998,-1.0431,0.99506,-0.25127,0.14918,-0.4735,-0.66681,0.20308,-1.7407,-1.6439,-0.18852,-0.81359,-0.57546,0.46299,-0.90144,-0.36944,-0.6369
0.15414,-0.43159,-1.5649,1.035,-0.30337,0.37786,0,0.29456,-0.32693,1.4821,-0.47781,0.47276,0.3221,0.30052,0.12346,-0.75834,-0.37494,-1.1912,0.65669,0.44698,-0.33333,0.34628,-0.3162,0.10026,2.0674,-0.51334,-0.31917,0.097159,1.2154,-0.70318,-1.4651,0.75091,-0.80583,0.18615,0.091285,0.72211,-0.94443,0.26253,1.8252,-0.44805,-1.1017,0.033713,0.054059,-0.11425,-0.3521,0.038626,-0.39119,0.45384,-0.23157,-0.47936,1.3314,0.69709,-0.4735,-1.4125,0.23459,0.53529,1.2398,-1.9499,0.91376,1.134,-0.5453,-0.81885,-0.18859,0.49704
-1.6803,1.4179,1.6137,0.78083,-1.3269,-1.0632,0,-1.2953,-0.81597,-0.98744,1.7116,0.51256,0.89757,1.0624,1.1044,-0.56726,2.2098,1.5347,-1.0331,-1.3899,-0.33333,-0.23875,-0.50064,-1.5848,-0.24865,1.8108,1.5856,0.1135,0.76087,-0.5749,0.39605,-0.56608,1.0227,-1.3616,1.826,-1.7259,0.85274,0.6696,-1.8139,1.327,-0.13136,-1.2159,-1.8961,0.41443,-0.32807,-0.97897,1.4631,-0.88586,1.3428,0.1029,-1.4117,-0.30906,0.97254,-0.2094,-1.6669,0.72107,1.0888,-0.14268,-1.0935,-1.2909,2.3404,-0.5665,2.0335,-1.9742
-1.5185,1.7703,-0.08738,1.0761,-1.5539,-1.0689,0,-1.1715,0.14225,-1.5612,1.5995,1.815,2.0268,1.9941,1.3003,-0.73144,-0.88724,1.0443,-0.82891,-1.3827,-0.33333,-1.0916,-1.4783,-1.4856,-0.64091,-1.6587,-0.052696,2.3963,0.73331,-2.1149,-0.71084,-1.5524,0.34568,-1.6621,1.0576,-1.1703,-0.65957,-0.075079,-0.64653,1.8266,2.1217,-1.8014,-0.34215,2.3957,0.47123,0.44614,0.64167,-1.688,1.7968,-1.5902,-0.38309,2.0025,-0.4735,0.89584,0.28224,-0.77484,1.002,0.76049,1.1489,-0.83911,0.51266,-0.65783,1.3105,1.1731
-0.49779,0.22486,0.22216,0.42305,-0.60033,-0.88537,0,-1.1282,-1.8358,-0.57123,-0.23088,-1.2342,-0.14559,-0.014156,1.11,2.2497,0.34817,0.76707,1.7537,-0.83196,-0.33333,1.3155,1.2105,-0.4061,-0.64091,0.35628,-0.081164,0.05928,-0.9649,-0.15022,1.5715,-1.001,0.4373,-0.028597,0.58157,-0.84411,-0.38331,0.44751,0.089466,0.45446,-0.68244,-0.23564,-0.20442,0.23434,-1.0791,1.4951,-2.0349,-1.0075,0.41108,-1.247,-0.74428,-0.71039,-0.4735,1.0658,-1.3704,-0.80102,-0.57025,1.0187,0.54191,-1.2214,-0.22357,-0.42181,-0.017249,-0.2817
1.0393,0.7374,0.72322,0.21607,-0.93309,0.17804,-0.057154,-0.96213,1.2932,-0.8362,-0.41591,0.075397,-0.69557,-0.21434,0.59066,1.1309,0.64303,-1.9268,0.68374,0.48597,0.40569,0.42497,0.2108,1.4846,0.40245,-0.51728,-1.1391,-0.28171,0.7048,0.37892,1.2549,-1.0832,0.52978,0.69825,-1.0386,-0.75949,-0.6357,-1.3013,-0.84394,-0.025446,-0.056831,1.463,-0.61567,-0.99439,0.42817,-0.22621,0.047287,-1.0758,0.0071423,-0.30131,-0.052515,-0.72063,0.75473,1.018,-0.51523,0.4008,1.0084,-0.52513,-0.20034,-1.0809,1.156,-0.93715,-1.038,-0.66052
1.0455,-0.30479,-0.7055,2.0292,-1.036,0.071685,-0.64977,-1.2471,-0.091176,-1.2147,0.65191,-0.18619,-0.35334,-0.093889,0.42209,0.77745,1.4818,0.24771,0.84442,0.10561,-0.96333,0.81517,0.49913,1.4073,-0.63934,0.90046,0.44979,-0.5947,-0.98837,1.3245,1.1607,-1.1571,-0.44694,0.8494,-1.462,-1.3176,-1.2131,-0.63575,-0.094157,0.6171,-0.82023,1.1672,-1.18,-0.38232,-0.036401,0.65967,-0.30658,-1.2374,1.8625,0.61113,-0.49235,-1.103,-0.89058,-0.85568,-1.2529,-0.38217,0.24473,0.79844,-0.48985,-0.8799,0.53875,-0.72972,-1.1924,-0.43227
1.4752,-1.3404,-1.2337,-0.81243,-1.1565,-1.0318,-1.2684,-1.0439,-0.89265,-0.85871,0.13729,-1.2011,-0.90863,-0.10075,1.1704,1.3962,0.90764,0.24174,1.6647,2.1242,1.4565,1.7639,2.0257,0.68523,-0.81545,1.599,-1.2631,1.6255,-1.2833,-2.0836,-1.3345,-0.85153,-0.94252,1.8421,0.34458,-1.0714,-0.22842,-0.94884,-0.25817,1.451,-1.3724,0.9791,0.046276,-0.83883,-0.23374,0.035672,-0.92484,-0.21535,0.59889,0.8784,-0.75403,-1.2138,-0.34125,-0.10495,-0.8833,-0.068497,-1.6447,-1.1645,-0.34474,-0.38055,1.0597,-0.43817,0.3399,-0.75174
-0.1519,-0.8806,-1.4206,1.206,0.2643,0.62757,1.5973,0.69004,-1.4136,0.20972,-0.59795,0.17929,-0.398,-0.79877,0.35139,0.317,-0.32056,-0.39932,-0.18186,0.31205,-1.157,-0.11248,-0.8303,-0.57829,-1.1736,-0.72531,0.15801,-0.92746,0.62025,0.13,-0.43365,1.4323,0.00025995,-0.79717,0.94587,0.65652,0.040527,0.3586,0.21635,-0.68282,-0.54182,-0.70564,-0.38082,0.36279,-1.0043,0.45693,0.12554,-0.27584,0.37864,0.02514,-0.010129,-0.11335,-0.63059,0.2134,0.34253,-0.56089,0.47598,0.45095,0.64885,0.70312,-0.4164,-0.43154,1.9112,0.43743
-0.092873,0.72419,0.32266,-0.59232,-0.80517,-0.83858,0.66473,-0.87379,0.25268,-0.6701,-0.50055,-0.73947,0.08198,-0.59448,1.2878,-0.58906,-0.24644,-0.40873,-0.19398,-0.0919,-0.079376,-0.17456,-0.1125,-0.40433,-0.19386,-0.79188,0.93456,0.5571,-1.035,-0.4906,0.13393,-0.27658,2.2658,-0.62976,1.1406,-0.88819,-0.16944,-0.16245,2.1769,1.4724,-0.79188,-0.82886,-1.0717,-0.84628,0.95056,1.999,1.4974,-0.38257,-0.089343,-0.47638,-1.102,0.046508,-0.39496,1.1823,-1.2641,-0.14551,1.0021,0.85116,0.46454,-0.52008,1.1391,-0.22651,-0.13169,2.3827
-0.68103,0.0072272,0.87645,-0.59197,1.4755,1.291,0.26059,1.0968,-0.31527,1.3034,-0.91075,-0.25751,0.16243,1.5989,-0.55301,-1.2807,-0.44196,-0.60813,-0.68206,-0.69553,-0.73661,-0.11323,-0.56213,0.18873,0.63746,0.21386,0.18829,-0.34801,-0.40755,-0.70173,-0.83453,0.91366,-0.38888,0.4239,0.5687,0.98981,-0.50976,0.27648,-0.55066,-0.0239,0.63227,-0.61841,1.1923,-0.025851,-0.6879,0.083209,0.07886,-0.03911,-0.5135,0.72962,-0.20815,0.17816,-0.13271,-0.96842,0.91873,-0.74535,-0.20609,0.7513,2.2656,-0.35982,-1.0143,1.0585,0.03379,-0.47275
-0.44398,-0.89991,0.17281,-0.048176,1.0112,-1.476,1.126,0.8495,-0.60876,-0.24669,-1.283,-0.1731,0.56818,-0.82752,-0.95307,-0.44578,-1.9382,1.575,-0.24966,-0.47552,-0.31259,-1.5433,-1.5854,-0.58772,1.951,-1.5777,1.6735,-0.44687,1.3398,0.77631,-1.1797,1.0612,-1.1163,-1.0605,1.0057,1.3322,1.6693,-0.3764,0.91502,-0.54156,0.33526,0.33762,1.3622,-0.34552,1.9737,-0.6975,1.5278,0.051694,-1.5598,-1.7483,-0.64071,0.5303,2.3814,1.3702,0.65486,-0.079979,-0.17527,-0.55633,-0.78134,-0.0097888,-0.64676,-0.59321,-0.55509,0.35795
-1.624,1.8565,1.5644,-0.58331,0.81887,-0.20531,-0.49274,1.023,1.7287,1.4392,1.5996,-0.11173,2.3305,1.7746,-1.6189,-1.37,-0.51598,0.34478,-1.8572,-1.541,1.6523,-1.2526,0.24224,-1.2665,0.66482,0.079889,-1.079,1.5016,1.2,0.028151,0.96499,0.56082,0.26752,-0.36169,-0.78802,0.57896,1.6296,2.0022,-0.96356,-1.0448,1.8495,-1.249,-0.52662,2.025,-0.18817,-0.88692,-0.5996,1.5854,-1.0805,-1.065,1.9495,0.30563,-0.38215,-0.58009,1.4456,2.4552,0.80193,-1.6714,-0.78134,2.2187,-1.4926,2.1607,1.0927,-0.76291
-0.56617,0.10042,-0.29974,-0.82305,0.36091,1.3834,-1.1806,0.46752,0.046966,0.87404,1.3193,2.4144,-0.78753,-0.74375,-0.69741,0.064091,0.43062,0.93376,-0.028177,-0.22392,-0.26554,0.19214,0.11249,-0.92905,-0.83342,0.81896,0.077145,-1.0855,-0.15062,0.63815,0.26775,-0.59952,-0.1687,-0.96456,-0.71676,0.47922,-0.58295,0.78744,-0.59782,-1.222,0.76618,-0.54508,1.1741,1.0454,-1.2019,-1.4239,-1.4459,1.589,0.39597,1.3467,1.3104,2.0903,-0.3639,-1.2748,0.55384,-0.87356,-1.507,1.0655,-0.78134,0.30931,-0.32345,0.13708,-0.46041,-0.097879
0.013692,-1.0915,0.13027,-0.12014,0.66049,0.10429,-1.103,0.37199,0.32832,-0.33141,0.77089,-0.48617,-1.0748,0.82133,0.54157,0.48035,-0.84572,-0.27272,0.4018,-0.81151,-1.4953,-0.54956,-0.25119,1.2803,-1.0582,0.21357,0.77601,0.66756,-1.0489,0.87296,1.0552,-1.757,1.053,-0.85681,-0.43823,-0.32364,-0.29676,0.81307,-0.51491,1.1353,-0.69145,1.2347,0.32368,-0.70377,-1.7278,0.15861,-0.43728,-0.48959,-0.78549,-0.76197,0.48076,-0.24448,-0.74224,-0.58774,-0.76966,-0.50112,-0.72802,1.2991,-0.65754,-0.71587,-0.088742,-0.5579,-0.39117,-0.32605
-1.9169,0.48941,0.33217,0.56861,-0.41755,-0.58827,-1.103,-1.1262,1.5109,-0.31132,1.2793,0.6379,0.62888,1.6564,1.5161,0.33339,-1.0349,-1.8049,-1.6245,1.6707,-0.1592,0.63201,-0.26629,-0.81153,-0.77762,1.0878,0.071367,-0.80137,-0.99375,1.1197,1.1033,-0.91714,1.1617,-0.7654,1.0558,-1.4455,0.22715,0.96866,-0.14894,1.5154,-1.9239,-0.73698,-0.21967,-1.1049,-1.0409,-0.86227,-2.2625,0.61327,-0.8241,-0.76816,0.67027,0.53011,-0.29883,-1.2708,-0.83278,0.20476,-0.16266,-0.70512,-0.64464,0.47596,1.6548,0.76117,2.2211,-0.64388
0.6859,1.2311,-1.5505,-1.0973,-1.5493,-2.3451,-0.6192,-1.7757,0.22702,-1.4682,-0.25455,1.8976,2.1122,-0.57097,-0.50735,0.18881,-1.505,-0.87002,0.12878,-0.52416,1.0414,-0.16564,1.5203,0.55698,-0.22429,1.1537,-0.41866,1.3966,-1.2601,1.1504,0.83581,-0.38392,0.91757,-0.37721,-0.3697,-0.78681,-1.0371,-1.2395,-0.49524,-0.13611,-0.99005,0.62742,-1.1406,-1.4311,-0.29142,-0.22607,1.0652,0.45061,-0.40693,0.26759,-0.51672,1.8758,2.0194,0.13768,-1.5209,1.879,-0.20416,-0.71699,0.46455,2.0665,0.98,-2.2202,-0.66376,-1.8332
0.54704,-0.36051,1.3173,-0.8582,0.48709,0.86681,0.31323,0.35318,-1.0537,1.337,-0.085446,-0.27327,-0.55442,1.1754,-0.012576,1.7039,1.2747,1.1828,0.98639,0.34039,-0.41905,2.1953,-0.3875,-1.9722,1.1118,-0.47325,-0.59469,0.0034199,1.4545,-1.29,-0.14675,0.37108,-0.79528,-1.045,-1.053,0.96546,-0.51413,-0.10237,-0.247,-0.31223,0.078591,-0.56225,0.073423,-0.11863,1.0017,0.32269,-0.22368,-1.2771,-0.42699,-0.87812,1.5465,-1.0583,-0.65465,-0.41068,1.3633,-0.41599,1.6561,-0.20573,-0.87695,-0.66495,-0.80665,0.11965,-0.40165,-0.67148
0.4161,0.85735,0.70254,-0.00099372,-1.1008,0.59136,1.2494,-0.44665,1.1394,-0.086106,0.79935,0.97195,0.62105,-0.86835,-0.54261,-0.58492,0.11918,0.091307,0.83271,-0.26044,0.64994,-1.0202,-0.27458,-0.41931,0.023135,-0.28778,-1.443,-1.7285,0.76292,-1.2813,-0.79923,1.1571,-1.4096,0.6737,0.054955,-0.50001,0.068733,-0.18423,-0.48137,-1.123,0.21233,-0.5902,-0.91907,1.6895,1.1395,-1.0941,0.31537,0.66831,-1.3112,2.023,0.13966,0.90171,1.3358,2.3265,-0.59516,1.0434,0.81874,-0.48149,-1.0942,-0.53957,-1.2657,-0.1888,-1.0227,0.57325
-0.30376,0.75458,1.2213,1.0264,-0.18928,0.22815,1.2596,0.31742,-0.36737,0.55749,0.78752,0.024593,-0.051395,0.090525,0.70323,-1.8218,-0.43163,-0.69389,-1.7627,1.3647,0.98248,0.38081,-1.3269,-0.43795,1.9285,-0.56779,1.7751,0.22227,-0.72711,-0.54086,-1.8699,1.4876,0.020847,0.89629,1.0449,0.15655,2.0787,0.94143,-0.97007,-0.52759,0.73041,-1.6999,-0.2705,0.43137,1.2259,0.60872,-0.29827,0.39948,1.4637,0.74513,0.91919,0.1305,-0.062477,-0.06796,0.71716,0.13695,0.62358,-0.61052,-0.006704,0.73004,0.23679,1.0145,-0.091361,-0.19025
-0.49017,-0.61125,-1.0807,1.1839,0.29416,-0.19592,0.31873,1.1805,-0.59039,-1.3575,-1.731,-1.2298,-0.75869,-0.5757,0.5821,0.56307,0.5815,1.0714,0.27427,-0.45756,1.2058,-0.62682,0.04932,0.7841,-1.0582,-1.626,0.012781,0.013497,0.63524,-0.061776,0.53891,-0.29972,0.23274,0.34256,1.1343,-0.32538,0.099073,-1.3282,2.4737,1.0031,0.97064,-0.16061,1.7719,-0.095131,-0.17261,2.1282,0.76232,-0.29724,1.4118,-0.65517,-1.4224,-1.0149,-0.7429,-0.52511,0.6633,-1.3322,-0.67693,-0.47068,2.1779,-1.2777,0.74955,0.43218,0.84313,1.1
-0.59405,0.46992,-0.58763,0.87769,-0.033138,0.5021,-1.103,-0.14022,0.39105,0.43575,-1.111,-0.64277,-0.08007,-1.2428,-1.9836,-0.86069,1.1322,0.77975,0.23447,0.095992,-0.95718,0.084605,1.7189,0.50181,-0.24446,1.2604,-0.98789,-0.86108,0.55786,-0.71198,-0.72344,-0.036999,-1.4055,1.8756,-1.7258,0.31657,-1.3101,-0.97385,0.33479,-1.299,0.88305,1.2411,1.2883,0.28908,-0.10486,-0.9884,0.81653,1.5239,0.2003,0.68804,-0.66158,-0.04412,-0.1547,0.39852,1.1033,0.043165,0.40013,2.0955,0.42684,-0.24799,-1.1526,-0.27604,0.21416,1.2301
1.6422,-1.7392,-0.48475,-1.5799,1.8484,0.83659,0.78712,1.2657,-1.5852,1.2243,-0.45512,-0.90007,-0.84274,-0.48579,-0.29677,-0.0021115,0.70961,0.51629,0.52872,-1.4181,-0.84893,-0.93055,-0.78203,0.51787,0.29937,-0.7606,0.80902,1.0876,0.61922,0.74283,0.0061309,0.37892,0.22444,-0.74372,0.29664,1.9427,0.68443,1.105,0.049036,-0.25597,0.73041,0.64674,-0.90751,1.0435,-0.029445,-0.047461,0.26239,-1.5916,0.67888,-0.66037,-1.1557,-1.0763,-0.6994,-0.00046166,-0.12851,-1.058,-1.7268,-0.20403,0.2108,0.17355,-0.30742,0.91545,-0.70777,0.76147
1.841,0.51212,-0.65021,-0.093031,-0.85519,-0.69501,0.1172,-0.15176,2.3521,-1.5928,0.70205,-0.75875,-1.2347,-0.38606,-1.2478,0.01848,-0.98131,-0.921,1.3967,0.76866,-0.99045,-1.2255,0.51642,1.1658,0.018602,-1.448,-0.75923,-0.25205,-1.1311,1.6549,0.93476,1.6035,-0.43968,1.0877,-1.2166,-1.1735,-1.2162,-0.91814,0.54632,-1.3062,-1.6217,1.2664,-0.23654,0.19694,-0.85004,-1.0379,-0.31233,0.47025,1.1645,0.31059,-1.1555,-0.55605,0.86762,0.79552,-1.1499,0.60101,-0.21104,1.5373,2.6667,-1.3534,0.80087,-1.7007,-1.7857,-0.61915
0.91685,-0.17095,0.033692,-1.371,-1.0478,2.1812,-0.31896,0.43427,0.22035,-0.83942,-0.63228,-0.73044,-0.2109,0.67176,-0.79386,0.74208,0.98928,1.7584,1.5144,-0.35845,-1.5991,0.067048,1.8177,-0.22128,-1.4515,0.040861,-0.71735,-1.7752,-0.076482,-0.33799,0.59193,-0.78985,-0.72035,0.96864,-0.11119,-1.1418,-1.074,1.67,-0.58883,-0.68269,0.30138,1.2177,0.10271,1.8118,-1.3232,-1.1513,-1.3451,1.1732,1.9498,1.2144,0.38144,1.053,-1.2244,0.86766,0.74352,2.0183,-0.089224,0.75598,-0.33333,-1.3369,-0.10136,-0.25534,0.02745,-0.73364
-0.08653,-0.99192,0.28872,0.63648,0.63273,0.24105,2.063,1.2158,-0.16118,-0.71927,-0.21279,-0.43413,0.97287,-0.34089,-0.87982,0.13107,-0.86707,1.1014,0.091582,0.55583,1.4339,1.5226,0.87124,-0.5398,-0.62642,0.92723,-1.0315,-1.38,0.50059,-0.68221,-0.29388,-0.56208,-0.87058,1.3889,-0.40842,0.088974,0.28469,1.3241,-0.34188,-1.3468,0.043148,0.78404,-0.21453,0.86259,0.55087,-0.2568,-0.79267,1.5532,0.093816,0.19512,-0.37498,0.086215,0.72693,-0.8655,1.2169,-0.75849,-1.3363,0.3995,-0.33333,0.25233,-0.85901,0.33202,-0.38357,-0.84988
0.17039,0.79648,-1.0129,1.5137,-1.0499,0.1561,0.29408,0.75806,-0.7889,-0.36813,-0.09158,-0.44911,0.37897,-1.2133,0.26734,0.88747,0.55743,0.10422,0.71779,-0.04665,-0.53425,0.24102,0.15572,-1.4605,0.58001,1.2844,-0.63223,0.058784,-0.37534,-0.98843,-0.9154,-0.74195,-0.17354,0.42692,1.2724,-0.42146,-0.53868,0.47375,-1.0574,0.17245,0.13767,0.3064,0.41425,-0.1034,-0.093503,-0.66776,0.18017,-0.44104,-1.1884,0.27404,-0.53222,-0.84991,-0.26132,0.28021,0.73714,-0.75849,1.6636,0.10735,-0.33333,-0.54762,-0.00081265,-0.93839,1.3503,-0.16348
-0.2035,-0.49468,-0.30769,-0.24274,1.6994,0.33645,-0.67309,-0.666,-0.64121,-0.3454,-1.2405,-0.94849,0.4637,-0.69378,0.55267,1.3095,0.7513,-0.19753,-0.36829,-0.23646,-0.6237,0.26047,0.091269,0.78637,-0.3637,0.99539,-0.058356,0.48081,-0.22589,1.1301,1.1615,-1.3221,1.2453,-0.43168,0.90299,0.78632,0.017095,-0.17183,-0.70271,0.58895,-0.55636,0.17033,2.3408,-1.3342,-0.88488,-0.021262,-0.57444,-0.74067,-0.4738,0.2532,-1.4298,-0.7494,-1.2926,0.88449,-0.19861,-0.75849,0.2952,0.55421,-0.33333,-0.21517,-0.22528,-0.14628,0.55594,-0.80812
0.46008,0.33821,-0.95492,1.44,-0.85441,0.10788,0.46565,-0.60442,-0.63553,0.76384,1.4618,-0.23211,-0.49227,-1.093,1.5082,0.11138,1.0049,-1.2407,-0.71467,1.2391,0.85102,0.73692,-1.5156,-0.6967,-0.66636,0.61141,1.7861,0.26697,-0.48251,-0.54916,-1.4505,-0.43278,2.0644,-0.28582,1.4217,-0.36658,-0.0078398,0.035373,-1.1752,1.2787,-0.60133,-1.3645,-0.65013,-0.26324,-0.27026,-0.12316,-0.75539,-1.051,-0.082162,0.96487,0.031739,-0.74959,0.15503,-1.4662,1.1698,0.6023,0.71944,0.073203,-0.33333,-0.10659,2.1199,0.31971,1.337,-0.4171
-1.2717,-1.7946,-0.30176,-0.73893,0.38774,-1.2858,-0.79249,-1.1579,-0.49526,1.2494,-0.71482,0.24954,-1.5338,0.7611,1.0266,-0.99554,-0.9753,-0.4261,-1.1758,0.98541,0.71108,-1.5795,-0.59495,1.4954,-0.44444,-0.56782,1.0926,0.66632,-0.71861,0.98049,1.1365,0.6784,-0.23872,-1.3496,-0.67603,0.79835,0.0082926,-0.28625,1.5922,1.3216,-0.56977,-0.37056,-0.44009,-0.40282,-0.06015,2.0959,1.0613,0.72121,-0.47158,-1.4638,0.337,-0.82943,0.56857,0.24191,-0.21895,-0.75849,-1.1913,-0.48094,-0.33333,0.8378,-0.92345,-0.2318,-0.4186,1.4791
-1.2256,0.23894,2.2107,-0.7748,0.15077,-0.099079,-1.4656,1.4222,-0.51646,1.1779,1.5047,1.7707,0.066522,1.827,-1.0039,-1.9671,-1.3249,0.63856,-0.9907,-1.7541,0.70677,0.69959,-0.87874,0.32153,1.5939,-0.97609,-0.54953,0.607,2.3443,-0.13733,-0.11981,1.1806,-0.79008,-0.74631,-1.195,1.8814,2.213,-0.97409,1.1938,-0.37036,1.7099,-0.72467,-0.044541,0.51551,1.6371,0.61047,1.5723,-0.52474,-0.008633,-1.7824,1.0745,1.8778,-1.0002,0.75428,-1.1499,-0.75849,-0.74949,-1.5395,-0.33333,1.5578,-1.0703,1.7795,-0.75066,1.7923
-0.60103,1.5664,0.69433,-0.36963,0.93665,-0.94275,0.31015,-1.2503,0.66609,0.67397,-0.77657,1.5328,1.5896,0.46707,0.57049,-0.23739,0.84566,-0.8173,-0.47095,-1.1534,0.044748,-0.72265,-0.4631,-0.85086,1.36,-0.86734,0.86941,1.3274,0.16499,-1.0704,-1.0452,0.38616,-0.07679,-1.0587,0.010168,-0.45161,0.3136,-1.1528,0.53362,0.34442,1.1571,-1.2851,-1.272,-1.2832,1.2941,0.55185,0.96616,-1.1604,-0.98351,0.033882,1.6679,0.71738,1.4604,-1.4924,-1.1499,0.57083,0.89917,-1.4072,-0.33333,0.91167,0.25948,0.84127,0.067896,0.32
1.1298,-0.97467,-0.75353,-0.74595,0.063314,0.43984,-0.88206,-0.12434,0.1154,-0.98153,-0.84543,-0.29806,-0.79422,-0.48084,0.0030224,1.1792,-0.65881,-0.7467,0.55764,0.67085,-1.2373,1.4092,0.19833,1.0348,-1.6839,0.59106,-0.58009,-0.42548,0.085321,1.1795,1.195,-1.547,-2.35,0.74041,-0.30754,0.49735,-0.52333,-1.3555,-1.1995,-0.24638,0.054432,0.94975,-0.44747,-0.66665,0.40443,-0.25273,-0.596,-0.01864,0.15962,-1.0011,0.045258,-1.1636,-1.0348,-0.55858,0.6564,-0.84326,-1.0835,-0.54429,-0.89703,-0.023414,-0.45238,-1.5507,-0.26781,-1.1503
1.2406,-0.78039,-0.51436,-0.98817,0.17669,0.054218,0.045147,-0.90514,-0.13431,-0.68553,-0.6876,-1.5619,-0.053957,-0.84139,0.50829,0.69036,-1.0765,-0.75487,1.3285,0.4834,-0.90309,-1.1376,1.1412,0.79015,-0.77462,-0.39346,-0.050146,-1.6413,-0.055896,0.76653,0.60052,-0.79247,0.63021,1.0745,-0.098004,-0.38433,-1.5514,-0.76386,-0.93633,0.41511,-0.31331,0.9457,-0.48595,-0.70793,-0.40801,-0.32656,-0.49396,1.0532,-1.0731,-0.41527,-0.32501,-0.70531,-0.59426,-0.7477,-1.5271,-0.78422,-0.96019,-0.52573,-1.2908,-0.81976,0.1077,0.21406,0.50715,-1.0343
0.42489,-0.81133,-1.2518,-0.92566,-0.16325,-0.77898,0.36624,-1.0596,-0.534,0.27892,1.2843,-1.1402,0.07212,-0.19658,-0.38726,-0.45311,-0.82338,-0.48417,0.16789,1.2449,-0.87427,-0.40436,0.73548,1.4038,-0.66246,-0.13856,0.27075,0.72272,-0.87784,1.1831,0.81728,-1.2977,0.93823,0.98395,-0.63248,-0.26898,-0.030303,-0.60079,-0.42311,0.84607,-1.2708,0.84334,-1.0883,-0.4512,-0.63212,-0.12124,-1.5198,1.0583,-1.0436,-0.79877,1.2303,-0.42041,-0.94586,-0.14903,-1.1476,-0.34299,-0.90129,-0.62133,1.315,-0.79227,-0.022898,-0.6377,1.3333,-0.73761
0.6804,-0.47092,-0.052751,-0.36715,-0.32897,-0.5711,0.042475,-0.76551,-0.75484,-0.29413,-0.46725,0.13898,0.23596,-0.721,-0.57032,1.063,-0.38275,-0.5263,1.1992,0.30878,0.072893,1.3802,1.519,0.11238,-0.11756,2.0373,-0.78358,-0.24866,-1.4768,0.61993,0.83832,-0.21485,-0.036041,0.79793,-0.86896,-0.5693,0.95209,-0.71856,-0.77585,-1.5586,0.27027,0.96998,-1.0797,-0.63213,-0.41509,0.010029,-1.0339,0.74367,-0.76376,0.21487,0.12959,1.4536,0.45879,-0.65498,0.07017,-0.11762,-0.39667,-1.2436,1.0899,0.22566,-0.27511,-1.1923,-0.29614,-0.79391
-0.057285,-0.24857,1.0173,-0.27228,-0.53616,-0.45053,-0.57029,-0.57399,1.3337,0.68886,0.89385,0.92104,-0.31788,-0.29637,1.4341,-0.27729,-0.32037,-0.51961,-0.21716,0.43702,0.31802,-0.23921,-0.33294,-0.058595,0.25023,0.7557,1.7592,-1.3979,1.0107,-0.40269,-0.3607,0.53977,-0.12405,0.081446,1.8253,0.087303,-1.0449,0.12677,0.092486,0.98879,-0.58874,-0.29157,-0.0056185,-0.33337,1.1001,-0.82369,0.65994,0.31087,-0.061056,0.39197,-0.0050285,-0.42181,-0.0571,-0.38507,-0.31368,-0.37044,-0.13375,-0.7893,-0.72805,-0.57196,1.6106,0.35261,-0.28373,-0.14976
0.10649,-0.1576,1.9722,-0.033813,0.1574,-0.15346,-0.2573,-0.08211,0.29945,0.23493,-1.1548,-0.4658,-1.6201,-0.67273,1.4055,0.68091,0.15678,-0.62319,0.24476,0.64104,0.92493,0.97037,-0.29945,-0.51443,1.0202,-0.13528,1.3364,0.25449,0.48231,-0.58005,-0.59222,0.89993,0.14808,-0.17019,1.5551,0.58784,0.4787,-0.3539,-0.15861,1.3249,-0.96935,-0.15047,-0.54145,-0.4898,1.1078,-0.99373,0.28954,0.49383,-0.44078,-0.12413,0.70628,1.1563,0.033861,-0.26451,-0.69944,-0.41315,-0.059074,0.38114,0.85373,-0.44179,1.6558,-0.006203,-0.82083,0.32195
-0.67602,0.61181,-0.65355,1.7284,-1.4579,-0.91738,-0.27818,0.36539,-1.7812,-1.1156,-0.91057,0.25693,0.016302,-0.10814,-0.14979,-0.00021293,-0.0087339,0.30555,-0.38361,-0.82808,1.5366,-1.0894,-0.31338,-0.1385,1.6574,-1.3345,-0.45438,0.84352,0.19948,-0.14481,0.086692,0.52801,0.01531,-0.59804,-0.68663,-0.53175,0.90144,1.0047,1.9556,0.04106,-0.29305,-0.35996,0.66414,-0.056594,-0.22469,2.4795,0.12379,-0.75299,0.091429,-0.0048718,0.22836,0.062547,2.3224,-0.22946,0.82569,0.68688,1.4595,0.29753,-0.94857,-0.8129,-0.64818,0.37758,-1.0994,1.12
-1.3492,2.1544,-0.21216,1.5525,-0.22252,2.4086,2.416,1.7148,0.016141,-0.26123,1.2614,1.671,0.35073,2.1323,-1.7112,-1.6669,2.1081,1.6916,-1.392,-1.4113,-0.80011,-0.63253,-1.3723,-1.8518,0.48179,-0.70238,-1.3673,1.0458,-1.0147,-1.6857,-2.0036,1.158,-0.26589,-1.6352,-0.71701,-1.4984,-0.57713,1.2586,0.74295,-1.2571,1.5783,-1.6651,1.6064,2.1821,-1.9111,0.00042095,0.98163,-1.7073,1.421,2.3625,0.37199,1.1009,0.076392,2.4792,1.4954,2.3916,1.5988,1.5082,-0.064476,1.9562,-0.99986,1.7066,-0.8425,1.4508
-1.4997,0.6773,0.44872,0.052194,2.3114,-0.031238,-0.88206,1.4305,1.4396,2.1354,0.6261,0.478,2.111,1.1848,-0.53243,-1.216,1.0056,1.6577,-1.5053,-1.5465,0.96234,-0.25667,-1.276,-0.7778,-0.17112,-0.67991,-0.13085,0.84674,1.6475,-0.93583,-0.58124,0.72635,1.0442,-1.2749,-0.069849,2.0802,1.3948,1.4025,0.70234,-0.55384,1.5323,-1.2416,1.3779,1.1555,0.97871,0.028016,1.5887,-1.181,1.7102,-0.6252,-2.3817,-1.0621,-0.25936,0.51008,0.64015,-0.20684,0.47615,1.5373,0.67026,1.2802,-0.97569,0.73612,1.77,0.9732
1.3808,1.0688,-0.020437,0.98119,-0.99392,0.87048,-0.040115,-0.66457,1.2077,-0.72515,-0.46069,-1.493,-0.50002,0.043701,-1.0669,-0.022825,1.7415,-1.0417,2.0847,-1.6848,-0.82394,1.8677,1.8989,1.5013,-0.13048,-0.34701,-1.5611,0.092302,-0.61487,-0.74557,-0.66175,-0.80698,-1.1232,2.0166,-1.2509,-1.9523,-1.6584,0.10504,-0.59731,-0.56671,1.2319,1.6052,1.1779,-0.25782,-0.0072715,0.27114,-0.31288,-1.8645,1.1494,-0.029727,-0.86005,-0.79837,-0.62708,-0.48599,0.21717,0.31547,1.6456,0.12193,0.43999,-0.56286,-1.2587,0.090863,0.095047,0.44319
0.63914,0.32914,0.7121,-0.99896,1.5537,1.8619,-0.48418,0.7293,1.4132,1.916,-0.064716,-1.2048,-2.0107,2.3152,-0.53596,-0.22861,0.096547,-1.0417,0.082679,0.58184,-0.20719,-0.72848,-0.47575,0.16342,-1.2418,-0.43908,0.016048,-0.75778,-0.97711,0.41357,-0.071394,0.59838,-0.37737,-0.47326,-0.46948,0.67205,1.3874,1.2526,-1.6918,-0.71538,0.34987,-0.26043,-0.55358,-0.39487,-1.6286,-1.3686,-1.2186,-0.050843,-1.239,1.9958,1.3976,-1.952,-1.2161,0.067129,1.1476,1.3079,-0.57005,1.4778,2.414,1.3405,-0.36293,1.1523,-0.8391,0.49514
-0.041964,-0.0055421,-0.52372,1.4358,0.17056,0.69987,-0.71279,-0.56782,0.9381,0.80458,-0.25359,0.41309,0.46639,0.56831,-0.62407,-0.32648,0.64164,0.81959,1.13,-0.62869,-1.2932,0.1622,1.0793,-0.36002,-0.46475,2.0774,-0.026971,0.071287,-0.5543,-0.71209,-0.99188,-0.75566,-0.5677,0.72777,-0.34854,-0.4987,-0.70682,-0.39543,-0.79122,-0.28036,0.26643,0.50705,1.0852,-0.37209,-1.507,-0.89238,0.56116,0.61349,-0.055401,-1.0993,-0.38968,0.01053,0.52484,2.1017,1.056,0.53415,-0.47509,-0.14454,-0.54703,0.11714,0.48468,-0.87256,0.23615,-0.21461
0.9852,-0.96023,-0.71241,-1.2465,1.4641,-0.20644,1.2826,0.45371,-1.062,0.47924,2.2908,0.79491,-0.27212,0.29488,-1.2361,0.058845,0.14285,0.034891,-0.1992,1.4706,0.39558,-0.50365,0.36241,0.14733,-0.71764,-0.07828,-0.82063,-1.3245,-1.015,1.8442,1.4879,1.6175,1.762,0.022213,-0.81838,0.93631,1.1555,0.48196,0.19516,-1.3729,-1.6569,1.0405,-1.1155,-0.95265,-0.22346,-1.3721,-0.43615,1.2828,-1.0168,-0.13215,0.6551,-0.091488,1.4244,-0.49327,-1.852,1.5445,-1.7878,0.82893,-0.54703,1.4167,-0.57652,1.5161,-1.2189,-0.5131
-1.5151,1.6873,-0.43017,-1.2465,-0.65215,0.13109,-0.26344,-0.19401,-0.23559,0.45929,0.82076,0.85402,0.11989,-0.7684,0.45284,-1.4505,-0.69974,-0.99258,-0.3578,-0.055652,-0.8274,0.15144,-0.0065489,-0.26364,-0.68703,1.2135,0.57236,-0.051232,1.0433,-1.0217,-0.94873,-0.93283,1.5233,0.27739,0.98304,-0.88742,0.94723,1.1551,-0.054306,0.93954,1.5654,-0.66501,-0.89346,1.9273,0.85012,0.56516,-0.8572,-1.1095,0.29665,0.54576,1.573,0.97329,-0.33383,-0.37826,-0.4554,-1.4213,-0.36035,0.35783,-0.54703,-0.034199,0.82627,-0.97714,1.5367,-1.2781
-0.10963,-1.6542,-0.63547,0.22082,0.32443,-0.77597,1.9209,1.6528,-1.4865,-1.0894,-1.0772,0.14046,-0.44662,-0.89416,-0.3698,1.7749,-0.068427,2.0073,-0.27687,-0.96181,1.672,0.11412,-0.032461,1.6192,0.3178,-0.27592,-1.194,-0.76457,-0.61438,1.3195,1.7461,1.5461,-0.39924,0.17886,-0.93264,1.2875,-0.5941,0.50875,1.7277,-0.9998,-0.48966,0.67428,-0.84428,1.1939,1.0182,-0.0047358,-0.83079,0.5926,-0.65497,0.80826,-1.2816,-0.45361,0.23885,-0.071362,-0.33966,-0.44078,-0.089924,0.72745,0.42815,0.7348,-1.4237,1.0725,-1.2318,-0.66009
0.65118,-0.3772,0.64966,-0.31733,-0.37627,-1.1445,-1.1503,-1.2905,-0.22792,-1.0517,-0.65942,0.21345,0.25826,-0.61564,1.5827,-0.94264,-0.81826,0.35375,-1.0498,1.1054,0.35265,-1.0026,-1.3131,-0.53227,0.86792,-1.1402,0.97901,1.2018,0.84266,-0.50566,0.15899,-0.39522,-0.10068,-0.31098,0.77916,-0.11156,0.1256,-1.3951,0.91773,1.4208,-0.4502,-1.4068,-0.72921,-0.13023,0.35151,1.0479,1.7827,-0.53836,-0.13781,-1.1263,-0.71886,0.2843,1.548,-1.017,-0.85992,-0.95565,0.1812,-1.4278,-0.54703,-0.80256,1.6115,-0.3053,-0.34614,2.1953
-1.0216,-0.2652,2.0986,0.71746,-1.3122,-1.0939,-0.70984,-1.0734,-0.46021,-0.62876,-0.18641,1.2991,1.5741,-0.555,1.211,1.2924,0.67038,-0.13176,-0.81708,-0.13705,1.2538,1.1225,-0.72396,-1.0877,2.0934,-0.45189,0.78766,-0.34086,1.772,-0.56896,-0.10844,-0.49518,0.10087,-1.2344,0.37187,0.29265,-0.26298,-1.5722,-0.20175,0.96444,-0.80682,-0.85435,1.1452,-1.2352,1.0664,1.3346,1.1294,0.37923,1.8769,-0.71279,-0.083097,1.3706,-0.6319,-0.83054,0.074682,-0.437,1.1244,-1.4771,-0.54703,-1.4507,0.062032,-0.84139,0.58091,-0.58818
-0.96805,0.17717,-1.1382,0.45394,-0.17818,-0.34247,0.15715,0.95449,-0.086701,-0.16419,-0.40954,-1.0173,0.81079,-0.38884,0.58633,-0.1551,-1.7065,-0.0078053,-0.59673,0.31009,-0.52228,-1.1832,-0.78879,-1.1876,-0.037416,-0.55853,1.2476,1.8736,0.11776,-0.023314,-0.61085,-0.37609,-0.81793,-1.2041,1.6859,0.26141,-0.39349,-0.14071,0.49578,0.61034,-0.010004,-0.64042,0.72765,0.22162,0.080055,0.41909,0.1824,0.6951,-0.21907,-0.24953,-0.29246,0.65671,-0.92708,1.1076,1.0116,-0.44733,0.33201,-0.46452,-0.54703,-0.75884,0.63732,-0.83537,1.1872,0.12045
0.59101,-0.6837,0.14268,0.58793,1.3983,-0.98479,-0.51056,0.9688,0.56599,0.80433,1.5851,-1.1827,-0.2854,0.89358,-0.19106,-0.19755,0.68818,0.22307,-0.15082,1.5413,-1.0836,-0.38951,-0.73546,0.029334,0.37021,0.53367,1.6496,-1.0259,0.33358,-0.55241,-0.63818,-0.38273,1.1923,0.10498,-0.36694,1.1697,0.048596,-0.9238,-0.38184,1.1025,-0.67122,-0.24382,0.47904,-0.69137,-0.72178,-0.38636,0.14431,0.24594,1.1182,-2.0756,-1.0469,-1.2906,-1.215,0.068143,0.7005,-1.2254,-0.63271,-0.22892,-0.032786,-0.13387,2.0946,0.49851,0.30426,-0.31148
-0.10665,-0.94382,1.4694,0.8365,1.1852,-1.0356,-0.21049,-0.055513,0.076528,0.67783,0.11671,-0.94183,-0.75436,-0.15559,0.75856,-0.23562,0.88928,1.4363,-0.35288,0.13509,-0.27567,0.17264,0.18426,0.66042,-1.3313,2.2981,-0.24753,-0.89693,-0.39789,0.68821,1.4395,-0.48592,1.2511,-0.00064306,0.48123,0.48408,0.01381,-0.16927,-0.36942,0.3871,-0.53248,-0.019095,1.3134,-0.5008,-0.59481,1.0185,-0.5927,-0.17647,0.24284,-0.58762,1.5094,-0.86529,-1.0687,-0.78149,0.3699,-0.80385,-1.0203,1.3749,2.4586,0.82971,0.77745,1.415,2.1266,-0.48146
-0.028619,-0.88956,0.56099,-0.51253,1.0575,0.11787,-0.51056,1.883,0.47471,-0.17237,0.42669,-0.25224,-0.94369,1.0219,-0.92758,-1.2713,1.9995,1.1301,0.20093,0.22142,-1.0969,-0.66242,-0.65487,0.99713,-1.6406,0.03959,-1.2084,-0.63836,0.49224,-0.24661,-1.0594,-0.235,0.96478,0.49482,-0.22747,1.9253,-0.13607,-0.35185,0.39297,-1.223,-0.62546,-0.20218,1.6663,-0.49689,-0.91857,1.2791,-0.62696,-0.93454,2.0433,0.97792,0.4694,-0.63778,-0.98621,1.1136,1.917,-0.97549,0.1014,1.0717,0.13836,1.1527,-0.47122,1.763,0.24919,-0.29121
1.4029,-0.74379,0.05454,-1.3674,-0.40419,-0.56545,-0.51056,-1.0783,-1.2428,-0.66085,-1.2473,-0.58579,-0.48935,-0.99853,-1.4052,1.1303,-0.46481,-1.0814,1.6059,0.81325,-0.80278,-0.62558,1.1577,1.2803,-0.26724,-0.2391,-1.2449,-0.34437,-1.1443,1.3197,0.28819,-0.90648,-0.0033348,1.4418,-1.2839,-0.55919,0.49153,-0.55556,-0.50275,-1.725,-0.79962,1.5747,-0.28642,-0.69539,-0.41529,0.82698,-0.82584,1.0242,-0.98979,-0.43792,-0.89826,-0.36466,-0.31559,-1.6912,-0.35924,0.081835,-1.2784,-0.054104,-0.63718,-0.9653,-0.91236,-0.37805,0.0076751,-0.70809
-0.45037,0.51815,0.62873,-1.6666,0.31051,0.56124,-0.36264,0.095761,-1.2502,1.4086,0.43809,1.2784,1.8386,1.3805,-0.18798,-0.92683,-0.18881,-0.40035,-0.36438,-0.37627,0.028806,-0.026754,-0.72073,-0.76542,-0.14393,-1.0503,0.90931,-0.19258,-0.89869,-1.1239,-0.98199,2.1277,-0.13089,-0.46473,-0.1714,-1.258,1.6821,-0.3001,0.088309,0.3537,0.00068155,-0.50045,-0.8357,0.45585,-0.14917,-0.12035,1.4066,-0.90595,-0.16984,0.61603,0.84317,0.59309,0.86638,0.85205,-1.5691,1.7074,-0.076562,0.28523,-0.82169,1.2014,0.55604,-0.22418,-0.94114,0.77097
0.85579,0.047891,-1.3364,-0.078386,-1.1412,-1.1292,-0.36371,-0.88215,-0.044246,0.19421,-0.92184,-0.1604,0.075933,-0.86522,0.051963,0.74282,-0.94847,-1.2859,0.78308,0.73172,-0.14315,-1.554,0.66782,0.39443,0.4652,-0.41616,-0.40834,-0.2629,-0.30175,-0.54949,-0.85855,-0.82903,-1.1383,0.96185,-0.18478,-0.50963,-0.99846,-1.0614,2.0127,0.23867,-0.6338,0.78614,-0.021204,-1.1218,-0.35916,0.082309,1.1037,0.70203,-0.37236,0.02163,-1.3213,0.059344,0.19665,-1.1231,-0.096531,-0.21654,-0.21605,-0.86155,-0.25509,-1.0555,-0.24571,-0.89381,-0.78102,1.3021
0.45924,-0.13808,-1.1348,0.56908,-0.72154,0.23581,-0.51056,-0.36095,-0.32185,-1.1533,-1.3256,-0.54611,-0.88315,-1.5535,-0.82466,1.5729,-0.39152,0.40744,0.6949,-0.28969,0.83022,0.34678,1.5897,0.22276,1.0131,-0.052755,-0.66772,0.31826,-0.59613,1.7306,1.5028,-0.71049,-0.86684,0.27323,-1.1178,-0.45688,-1.2768,0.071129,-1.4567,-0.76871,0.298,1.0065,-0.79593,0.21693,0.21987,-1.3807,-1.2452,1.6427,-0.88503,-0.088478,-0.44134,-0.20264,0.14181,0.0060337,-0.32305,-0.43355,0.081784,-1.3308,-0.25235,-1.4769,-0.66951,-0.89317,0.058671,-1.7458
-2.0005,2.1217,0.79727,0.37736,-0.94308,1.2292,0.43791,0.51131,2.0367,-1.661,0.9672,1.691,1.433,0.26042,1.6075,-1.0378,-1.0912,0.61257,-1.9447,-1.7623,1.9637,1.9618,-1.4708,-1.697,0.10148,-1.0448,0.72377,2.146,2.1965,-0.80229,0.54618,0.63924,-1.4133,-1.9047,1.9351,-0.32589,1.1519,1.8014,0.85214,0.98182,2.3043,-1.7728,-1.3513,2.1285,2.3613,0.26092,1.2134,-1.3895,-0.27232,1.3218,0.96944,2.0548,1.7675,0.9858,-0.94749,0.89015,1.1805,-1.1955,0.22387,0.53528,-1.0639,-0.53658,-1.3181,1.3131
-0.72282,0.71125,-1.1825,1.254,-0.74148,1.5709,2.5412,-1.082,-0.29484,0.56251,-0.039019,0.69962,0.0084972,0.016481,1.1184,0.22305,-0.49212,-1.0419,-0.47197,-1.0145,0.57935,0.77704,-0.017614,-1.1219,1.4331,-0.068259,0.4942,0.89675,0.31645,-0.46379,-0.23857,0.78274,0.14444,-0.90659,0.93594,-0.46951,-0.97662,1.4895,-0.63535,0.65296,0.6596,-0.62893,-0.16823,0.70496,0.5776,-1.5804,-0.57724,-0.20842,-0.71494,0.25224,-0.083645,0.65365,0.61314,0.57025,0.30799,0.97546,1.8604,0.93906,-0.82169,-0.087485,-0.065337,-0.75068,0.29384,0.15176
0.93088,-0.22896,0.043575,-1.1073,-0.25971,0.30018,-0.62746,-0.295,0.073951,-0.0066133,-0.1836,-0.73136,0.91621,0.88814,-1.0801,-0.64478,-0.34042,-1.0139,0.34573,0.71153,-0.84556,0.63185,-0.17735,1.1389,-0.87855,-0.95624,-0.75226,-0.41511,-0.6597,1.7407,0.10767,-1.1429,1.4477,1.0621,-0.75221,0.64164,0.56719,-0.35578,-0.31222,-0.91162,0.65805,1.3369,-0.69152,-1.3309,-0.94151,-0.23836,-0.85907,1.9801,0.26334,-1.2008,-0.41962,-0.5274,-0.48636,0.079062,-2.2974,-1.0812,-0.98163,-1.244,-0.7639,-0.71292,-1.4226,-0.81537,-0.87881,-0.40678
1.0547,0.28815,1.312,-0.60387,-1.1148,0.11876,-0.62746,0.18228,-0.41901,-1.1229,0.16515,0.023658,0.80732,-0.090604,-0.10739,-1.6662,1.7428,0.12038,0.97668,0.94371,-0.20995,1.089,0.41382,1.8553,-0.17444,0.24102,-0.97712,-0.41511,-0.043291,-0.2587,-1.1564,-0.84123,-0.24315,1.7456,-0.57417,-0.11005,-1.1709,-0.46077,-1.5001,-0.68105,0.9088,0.72904,0.52434,-0.6848,-0.36168,-0.25416,-1.1276,-1.0578,0.8799,-0.68366,-0.51367,1.2685,0.9244,1.0456,-0.25489,-1.543,-1.2389,-0.056715,-0.091318,-0.48909,-0.78204,-0.65763,0.69692,-1.7059
0.94512,1.737,1.7089,-0.80675,-1.3762,-1.5899,-0.62746,-0.57932,2.0895,-0.54226,0.65492,0.28368,1.7803,0.59649,-0.56362,0.39327,0.33446,0.41921,1.1538,0.20487,0.13989,0.60305,-0.43689,-0.05539,-0.87855,-0.3334,-0.81373,-0.41511,0.10679,0.24912,-0.52074,-0.34964,0.59029,-0.49366,-0.63408,-0.22243,-0.094737,-0.084146,-0.41642,-1.0086,-0.23312,0.81886,0.53731,0.12881,-0.35972,-0.25102,-0.69958,-0.16851,1.3392,-1.0307,-0.16359,-0.30809,0.92847,0.047513,0.069603,-1.091,-0.74386,0.68156,2.2761,-0.24849,1.0176,-0.27993,-0.68832,0.55535
0.10773,-0.054115,0.26375,-0.28465,1.8591,-1.2175,0.58821,0.7581,-0.64915,0.63126,-0.99883,0.63761,-0.94635,0.52839,-0.681,0.63214,-0.053898,-1.168,0.98822,0.13078,0.084651,0.071439,-0.14625,-0.40687,-0.87855,-1.0195,-0.32275,0.31883,1.1333,-1.2251,-1.0249,0.94324,0.60619,-0.35547,-0.53841,1.388,1.6398,-1.379,0.045091,-0.31228,1.0811,0.15929,0.43001,-0.30064,-0.15828,0.10143,0.67588,0.60594,0.075708,-0.43166,-0.1145,-0.52958,0.9394,-0.22042,-0.52741,0.72311,-0.48951,-1.374,0.25331,0.082849,0.049684,0.5637,-0.18407,0.15115
0.22582,0.39397,-0.30983,0.1862,0.39546,-0.46944,1.2372,1.3304,0.97838,0.9974,-1.5154,1.4987,-0.1086,0.67217,-0.65483,-0.89251,-0.21405,-0.032213,-0.24654,0.15222,1.6892,0.17213,-0.7645,0.49616,1.2929,-0.48546,-0.99841,2.5869,1.4107,-0.98617,-0.83253,0.40663,-1.8519,0.21189,-0.67344,1.2006,-1.1349,-0.27831,-0.35431,-0.48621,1.0573,-0.30777,0.1962,-0.38003,0.17806,-0.33362,0.05381,-0.40494,-0.27311,0.3553,0.60932,1.3505,-0.45686,1.8174,0.60952,0.24815,0.062554,-0.03547,0.28395,0.69549,-1.0535,0.7374,-0.44249,0.69737
-1.2734,-1.7745,-1.1936,0.92515,0.70245,0.89293,1.9394,-1.4431,-0.43591,1.8604,0.95354,1.2673,-0.42045,0.45531,0.4191,-0.49149,0.56375,-0.3305,-1.1303,-1.7184,-0.3729,0.26189,-0.11345,-1.1386,-0.13128,0.29092,0.96216,-0.41511,-0.29449,-0.60243,-0.20475,-0.10337,-0.91849,-1.2205,0.84764,-0.6248,0.27425,2.2651,-0.37184,0.6158,-0.28859,-1.6787,-1.096,2.2164,2.311,-0.91893,1.5883,-0.97676,1.0802,0.76359,2.4025,1.2089,-0.4095,0.069384,0.12005,1.1104,0.66892,1.9418,0.32894,2.1379,-0.64209,1.055,-0.27785,0.27782
0.50356,-1.0395,-1.0313,0.99219,0.39976,-0.0025295,-0.62746,-0.38225,-1.2068,-0.20252,-0.73309,-1.2836,-0.070584,-2.2597,-0.45955,1.6353,-1.1868,1.8997,-0.47019,1.344,0.38426,-2.3791,-0.43629,-0.27234,-0.87855,-0.7878,0.19152,-0.41511,-1.8491,1.0392,1.0641,0.72581,0.35139,0.43186,-0.62436,-1.6297,1.1413,-0.44481,1.2042,-0.32743,-0.93979,0.42875,-1.8521,0.52968,0.42084,1.0004,-1.0492,0.46484,-1.5001,0.10963,-0.38414,-1.1902,-1.9176,-0.29793,0.34826,0.49775,0.68226,-0.31292,-1.1038,0.091013,0.69672,0.42939,-0.82145,-1.1124
-1.4462,0.67836,0.043575,1.6833,0.11317,1.6666,-0.62746,-0.98526,0.19397,-1.1579,1.6641,-0.98919,-1.3873,0.10015,1.1548,0.45986,0.71777,-0.86738,-1.7444,-1.1987,0.9246,0.080018,-0.81546,-0.51903,1.249,1.9017,1.5555,-0.41511,-0.51537,0.70132,1.5718,1.6309,0.61419,-1.315,0.97336,-0.9944,-0.2972,0.56165,-0.22154,1.4396,-1.7988,-1.3694,0.66074,0.29767,0.041297,-1.2035,0.25425,-0.97396,-0.68161,2.0279,-1.0445,-0.30027,0.94489,-0.93411,0.95701,1.0921,1.9449,0.47099,-0.42396,-0.10406,1.2054,0.92117,0.31907,-0.12305
-1.0482,-0.00045057,-0.83704,-0.98424,-0.71929,0.30088,-0.62746,1.4142,-0.62486,-0.45694,-0.0068041,-0.70674,-0.57058,-0.89038,1.9726,0.57437,-1.5636,0.97262,0.12704,-0.56999,-1.7942,-0.53023,2.4764,-1.0981,1.278,1.1488,1.1551,-0.41511,0.71114,-0.65793,0.99569,-1.2694,-0.59621,-0.066833,1.9757,0.35112,-0.92486,0.17599,1.9271,1.6718,-0.44488,-0.11696,1.291,-0.4762,-1.13,2.0977,1.1632,0.5311,-1.1836,0.0904,-0.37178,-0.97237,-0.46683,-1.6065,0.97523,0.043767,0.095218,-0.071295,-0.75926,-1.4527,0.93071,-1.9537,2.277,1.6664
0.8042,-0.73783,-1.0777,-0.9742,0.79121,-0.94979,-0.92904,-1.3327,-0.50458,-0.42539,-0.31463,-0.73083,-1.1608,-1.9096,-1.0637,1.2798,0.80092,-0.58526,0.91809,-0.26049,-0.94675,-0.28915,1.8482,1.1314,-0.40194,-0.9774,-1.2204,-0.41227,-0.25254,1.2451,1.0298,-0.39005,-0.75881,0.72354,-1.3581,-0.12481,-0.22338,-1.3894,-0.50056,-1.0931,-1.2654,1.4473,0.37283,-0.31569,-0.9621,1.3427,-0.30868,0.65882,0.89594,-1.164,-1.0658,-0.9326,-0.97927,2.0558,-1.6054,-0.84659,-0.71624,-1.0986,-0.042618,-1.7974,-1.1934,-0.17581,1.8241,-0.39587
1.7067,-1.0844,-1.5257,-1.492,1.8939,-1.0871,-1.0766,-0.19432,-1.8566,1.2314,1.1394,-1.2956,-1.1557,-0.70623,-1.1448,0.73863,-0.24883,0.34531,1.0324,1.7379,-1.2798,0.035296,0.67989,1.5265,-1.5904,-0.77125,-0.22392,-0.57259,-0.72836,1.2682,0.34291,-1.5047,0.68451,1.3673,-0.81299,0.53724,-1.3521,-0.87564,-1.497,-1.1195,-1.145,1.078,0.080778,-1.0947,-1.0333,0.10096,-1.3678,0.77031,1.2846,-1.2151,0.45767,-1.3043,-1.3151,0.68038,-0.66477,-1.3246,-1.2903,-0.23989,1.8893,-0.45095,-0.99423,-1.319,-0.4935,-1.1465
1.1968,-1.5308,-0.19271,-1.4248,0.63388,-1.5717,-1.0766,-0.81788,1.156,-0.024042,1.5665,-1.058,-1.4993,0.93196,-0.95302,1.4533,0.20041,0.485,0.90326,1.15,-1.4212,0.18103,0.13813,1.1231,-1.6403,-0.38507,-0.88347,-0.41321,0.30214,1.0322,0.90046,-1.4108,-0.35668,1.1836,-0.31438,1.4364,-0.22999,-0.62558,-1.4457,-0.74557,-0.73897,1.2385,0.81124,-0.88398,-1.4975,-0.12001,-1.3531,0.78167,1.664,-1.439,1.4466,-1.3245,-1.112,0.8943,-0.095101,-0.30466,-1.5747,-0.8183,0.43047,-0.83035,-0.75593,-1.2423,-1.1906,-1.177
-0.13691,-0.30553,-0.021206,0.61848,-0.82689,0.24373,-0.5719,-0.26653,-1.2758,-0.97566,-1.4192,-0.037717,0.71236,-0.10107,-0.017541,-0.38839,-0.50873,0.74938,0.26173,-0.12464,-0.15894,-0.94919,0.2282,-0.40909,0.38025,0.95776,-0.61458,-0.57259,-2.3052,-0.043358,0.75549,0.49742,-0.24794,0.0057612,-0.28022,-1.1864,1.4061,-0.18035,0.12444,-0.063421,-0.52874,-0.032235,1.1331,0.34358,0.018935,1.6783,-0.087986,0.54821,-0.86489,0.21702,-1.0829,0.51962,0.72617,-0.60398,-0.052336,1.9801,0.073974,-0.27486,0.40635,-0.11149,0.28126,0.25235,-1.1906,-0.2537
-1.2919,1.1716,-0.028593,0.86232,-0.82792,0.23558,0.002259,0.3156,0.37069,-0.55174,-0.075163,1.3345,0.67518,-0.46842,-0.28398,-0.8022,-1.6819,0.37645,-1.6927,-0.12166,1.0121,-1.4205,-1.6426,-0.64616,0.9121,-0.6284,0.1516,-0.25994,0.41479,-0.20045,-0.35992,0.79954,2.3529,-1.4,0.86761,-1.1873,0.84916,1.9843,0.79411,-0.085115,0.33567,-0.53417,-1.6681,1.8615,1.404,-1.3661,0.19556,0.98276,-0.76968,0.73981,-0.097243,0.83051,1.2541,-0.67439,-0.36987,0.49205,-0.063703,2.156,-0.53615,1.333,0.60215,0.012183,-0.73831,2.0024
-0.59324,1.3929,-0.14281,0.64331,-0.89971,0.093066,0.86253,0.016551,0.36261,-1.6263,-1.1743,1.5232,0.82701,-0.21443,-0.11959,0.12545,-0.86108,1.264,-1.5144,0.4785,1.04,-0.95219,-0.91304,-0.2522,0.82432,0.74653,-0.84622,-0.57259,0.87784,-0.023877,0.84219,0.62075,-0.72093,-1.0488,-0.93964,-0.29098,-0.80259,-0.38414,0.29072,-0.36743,0.043344,-0.29719,-1.377,-0.4288,0.080318,0.04817,0.68202,0.13398,-0.56613,0.90882,-0.59273,1.5345,1.3725,-0.62978,-0.60489,0.48263,0.76755,-0.55799,0.86984,0.024282,-1.0931,-0.78235,0.84163,0.76168
-0.54472,0.60363,0.47492,0.21349,-0.83338,0.69113,1.5506,-0.31006,0.62583,1.3527,-0.039468,0.65938,0.95717,1.0559,0.95773,-1.6038,1.8081,-1.8194,-0.14361,-1.5713,0.22771,1.2019,-0.17484,-0.3685,0.70397,-0.072182,0.89774,0.81641,0.82679,-0.82581,-0.91973,0.096864,-0.79972,0.49232,0.80032,-0.93886,-0.26552,0.70743,1.5589,1.267,1.5051,-0.87492,-0.62729,-0.076513,0.98521,0.027539,0.65571,-1.4079,-0.56365,0.35268,-0.11929,0.49813,-0.21105,-0.70599,0.66904,-0.91382,0.97315,0.04736,-1.0057,0.88975,1.1818,1.5978,0.14887,0.45247
-0.46862,0.39673,0.52644,0.74168,-0.47039,1.3907,1.1562,0.32058,0.71047,0.34834,-0.4325,-0.36014,0.70805,0.15886,1.6225,-0.39604,0.10862,-1.2321,0.12202,-0.769,0.98421,0.77393,0.40532,-1.3059,0.66802,1.9413,1.4226,2.4019,0.42059,-1.3761,-1.742,-0.2144,-0.24949,-0.77963,1.7135,0.48365,-0.80101,0.35079,0.21538,1.7395,1.2663,-1.1084,0.5189,-0.69538,0.8967,-0.96009,1.7939,-1.3919,-0.86877,1.1697,1.6357,0.30843,0.2084,-0.88216,1.7558,-0.017642,1.1619,-0.20655,-1.0057,-0.18048,1.1263,1.0341,0.39458,0.23536
-0.67228,0.093703,1.9873,0.81178,0.5393,0.95431,0.082503,2.2688,0.41141,0.67068,0.74932,-0.03481,-0.063928,1.2531,1.0024,-0.40676,0.38244,0.41666,0.11316,-0.51931,0.54259,1.4189,-0.56934,-0.79915,0.14395,-0.81129,1.3166,-0.41513,0.44399,-1.076,-0.84924,1.5053,0.096153,-0.54413,0.32387,1.2709,1.4194,0.41261,0.4597,0.46755,0.52769,-0.91687,0.75556,1.29,0.10763,-0.75153,-0.20957,-1.0759,-0.21143,0.43001,-0.58203,-0.12979,0.056349,-0.13422,0.9675,0.45252,0.66834,0.9928,-1.0057,1.1236,0.8451,0.62295,0.40375,-0.47885
0.016464,0.64431,-0.38986,-0.42658,-0.11841,0.90358,0,0.56994,1.5242,-1.2671,1.9635,-0.69135,-0.039515,1.4706,-0.36869,-0.84996,-0.40725,1.5973,-0.45428,1.1788,-0.30052,-0.90103,-0.98165,-0.53228,-1.1824,-0.71495,0.8172,-1.1236,-0.70749,0.40147,0.81161,-0.59371,0.31324,-0.78452,-0.64564,-1.1857,-0.95494,0.76221,2.0223,-0.11874,1.1233,-0.48298,0.11867,0.73811,-1.0888,-0.17358,-0.99905,-0.34031,1.4295,1.249,1.2133,-0.74448,-0.80692,1.9086,0.081135,1.5103,-0.70332,-0.023105,-0.24635,1.5727,-0.7248,0.12237,-0.82724,-0.61298
0.8399,-1.5739,0.99267,-0.15912,-0.3621,-0.80617,0,-0.58492,0.2603,-0.20478,-0.58614,0.3157,0.95656,-0.80483,0.22539,1.795,-0.77899,-1.0188,1.3899,1.3902,1.5375,0.25508,0.40028,0.41361,-0.49094,-1.9003,-0.37551,1.4216,-0.56473,-0.63791,-1.0077,0.71964,-1.4226,1.3636,-0.87167,-0.59611,-0.78551,-0.45715,-0.42291,-0.52855,-1.826,1.0607,-0.64635,-0.88228,0.88642,-0.022415,0.31129,0.51217,-1.4399,0.6927,-0.27188,0.42482,0.92359,0.009252,-0.77944,0.0061942,-0.31982,-0.98092,1.6842,0.6909,-1.3085,0.40651,1.6858,-0.078687
1.3313,-0.063594,0.78226,-0.82485,-0.96142,-0.74722,0,-0.78053,0.6974,-0.57556,0.3732,-0.35451,1.0185,-0.088666,-1.4887,0.21951,-0.47622,-0.21649,1.4052,-0.35068,1.1191,-0.060889,0.95636,1.1077,-0.94991,0.012212,-0.70463,-1.1236,-1.8157,0.93172,0.97797,-0.86188,-0.71663,0.2338,-0.92623,-0.069509,-0.61291,-0.53368,-0.87474,-0.81667,-0.029928,0.9624,-0.96588,-0.53834,0.3704,-1.1338,-0.63046,0.30834,-0.93753,-0.996,0.72988,0.23442,-0.45963,-0.40202,-0.50907,0.01138,-1.0112,0.7642,0.92124,0.57979,-0.96756,-1.3678,-0.54033,-1.0217
0.41074,-0.57859,-0.85598,-0.69248,0.045451,-0.79804,0,-0.43665,-1.0259,0.074715,-0.26952,-0.19075,0.41448,-0.90403,-0.088067,0.046581,-0.51533,-0.44441,0.005085,0.17118,-0.19999,0.019212,-0.91598,0.52046,0.19049,-0.0098085,1.3581,0.14161,0.9353,0.44355,0.16764,0.31209,0.24577,0.072225,1.4021,0.06138,-0.18402,-1.0202,-0.39325,1.0134,0.89515,-0.066589,-0.45526,-0.63329,0.10757,-0.18456,1.7656,-1.5271,-0.049752,1.2425,-1.2668,-0.74533,1.2576,-0.88694,-0.75158,-0.37864,-0.25778,-0.79597,-0.2497,-0.93645,0.83067,0.80379,-0.83048,-0.61972
0.6694,0.91346,-0.16842,-0.82485,-0.71354,-0.51326,0,-1.0194,0.67085,-0.81108,-1.0304,-0.69135,0.50687,-1.1739,-0.22818,0.4924,-0.22219,-1.4505,0.49718,-0.43694,0.60787,2.3679,1.893,1.1912,-0.26571,0.23065,0.052041,-1.1236,-0.13065,0.5436,-0.063503,-0.55803,-0.44468,1.3779,-0.87543,-1.0542,0.21502,-0.65514,-1.3355,-0.64053,-0.5977,1.1184,-0.45085,-1.5581,-0.26371,-0.73712,0.68229,0.36776,0.1194,-0.996,-1.2668,-0.9388,-0.80692,-0.64432,-0.68392,-1.1302,-0.73898,-0.21814,-1.3993,-1.1232,-0.33654,0.7049,1.1147,-0.51131
0.13979,0.28407,1.7696,-0.68972,-1.002,-0.74596,0,-0.70953,-1.8542,0.11335,1.2132,2.545,0.90901,0.89657,1.6317,-0.74683,0.059705,-0.25589,0.29048,0.16505,0.50499,0.0051256,0.00083434,0.071424,0.69121,-0.68533,1.509,1.4595,-0.52138,-0.11535,-1.3533,0.077231,0.31316,0.51648,1.7581,-0.16012,-1.1219,-1.1295,0.43408,2.133,-0.2092,-0.19366,-0.81615,-0.26612,1.1843,-0.67514,1.0979,-0.95948,-0.51014,0.14653,0.75262,2.3241,1.6518,-0.69195,-0.86746,0.41253,-0.091311,-1.5507,-1.3993,-0.99245,1.7499,-1.5913,0.89067,-0.35757
-0.31561,-1.3056,-0.027714,0.34547,0.21694,0.073334,0,0.046386,-0.22475,-0.06076,-0.84942,-0.3635,-1.051,-0.17729,-1.246,0.50956,-0.68331,0.92034,-0.78403,0.61352,-1.0832,-1.1338,-0.45131,0.14801,-0.51246,0.64591,-1.1687,0.1193,0.8574,1.1964,1.2695,-1.1304,1.7798,-0.64154,-0.22016,0.31824,0.42248,1.3293,0.62617,-0.9387,-0.92849,0.13648,0.59843,0.68075,-1.2893,0.022801,-0.68093,1.0863,-0.66,0.65326,-0.29512,-0.56026,-0.80692,0.28065,0.53287,-1.1373,0.09262,1.4399,0.10645,-0.87403,-0.21063,-0.64333,-0.85004,-0.042178
-1.4916,1.4475,-0.78007,1.5917,0.68023,0.59408,0,0.84884,-0.27937,0.46798,-0.44289,-0.21036,-1.3328,-0.5699,0.55565,0.23398,0.60513,1.0557,-0.87455,-1.683,-0.9097,-0.082565,0.23086,-1.0489,2.1074,1.2619,-0.96554,0.092065,0.76232,-0.74605,0.48564,-0.12782,-0.99272,-0.51979,0.29412,0.51097,1.4311,1.545,-0.50026,-0.33985,1.0121,-0.49558,0.36659,1.2227,-1.1242,0.6051,-0.60058,1.4608,0.71288,-0.996,-0.79161,0.17343,-0.14569,1.2962,0.92971,-0.78412,0.75289,0.25651,0.073456,0.88762,0.01029,0.2187,0.19165,1.104
-1.6004,0.23237,-1.3225,1.6804,2.2148,2.0397,0,2.0659,0.23151,2.2632,-0.37145,-0.35891,-1.3821,1.3514,1.0068,-1.7002,2.4185,-0.18727,-1.4751,-1.0481,-1.276,-0.46903,-1.1324,-1.8712,0.41233,1.1598,-0.52191,0.13672,1.1849,-2.0175,-1.2878,2.1629,0.92472,-1.6181,0.08477,2.175,1.5907,0.15924,0.44415,0.23664,0.56077,-2.0392,2.2508,1.2366,1.2173,2.2987,-0.94604,-0.90843,1.3355,-0.996,1.1965,-0.16787,-0.80692,-0.86949,2.0478,1.4899,2.2769,1.1082,0.50925,0.19514,0.95716,1.3461,-0.83477,2.1402
